
Linearized model: Predictions were generated on 31-Jan-2024 at 12:35:17 using OpenFAST, compiled as a 64-bit application using single precision at commit v3.5.1
 linked with  NWTC Subroutine Library; ElastoDyn; InflowWind; AeroDyn; ServoDyn; HydroDyn; MAP++ (<1.20.10>, <Oct-20-2023>)

Description from the FAST input file: CCT-9 Campign 4 model. Input files to be run with OpenFAST 3.5.0. GitHub branch from Lu Wang (https://github.com/luwang00/openfast/tree/dev) compiled on March 7, 2023.

Simulation information:
   Simulation time:                   502.4750 s
   Rotor Speed:                         0.8938 rad/s
   Azimuth:                             2.9579 rad
   Wind Speed:                         10.0000 m/s
   Number of continuous states:         0
   Number of discrete states:           0
   Number of constraint states:         0
   Number of inputs:                 1746
   Number of outputs:                   4
   Jacobians included in this file?    No

Order of inputs:
     Column   Operating Point                     Rotating Frame? Derivative Order Description
   ---------- ---------------                     --------------- ---------------- -----------
          1    8.515E+00                                 F               0         Tower X translation displacement, node 1, m
          2   -1.355E+00                                 F               0         Tower Y translation displacement, node 1, m
          3   -7.521E-02                                 F               0         Tower Z translation displacement, node 1, m
          4    8.752E+00                                 F               0         Tower X translation displacement, node 2, m
          5   -1.887E+00                                 F               0         Tower Y translation displacement, node 2, m
          6   -8.897E-02                                 F               0         Tower Z translation displacement, node 2, m
          7    9.002E+00                                 F               0         Tower X translation displacement, node 3, m
          8   -2.420E+00                                 F               0         Tower Y translation displacement, node 3, m
          9   -1.030E-01                                 F               0         Tower Z translation displacement, node 3, m
         10    9.261E+00                                 F               0         Tower X translation displacement, node 4, m
         11   -2.952E+00                                 F               0         Tower Y translation displacement, node 4, m
         12   -1.172E-01                                 F               0         Tower Z translation displacement, node 4, m
         13    9.529E+00                                 F               0         Tower X translation displacement, node 5, m
         14   -3.485E+00                                 F               0         Tower Y translation displacement, node 5, m
         15   -1.316E-01                                 F               0         Tower Z translation displacement, node 5, m
         16    9.803E+00                                 F               0         Tower X translation displacement, node 6, m
         17   -4.017E+00                                 F               0         Tower Y translation displacement, node 6, m
         18   -1.461E-01                                 F               0         Tower Z translation displacement, node 6, m
         19    1.008E+01                                 F               0         Tower X translation displacement, node 7, m
         20   -4.549E+00                                 F               0         Tower Y translation displacement, node 7, m
         21   -1.607E-01                                 F               0         Tower Z translation displacement, node 7, m
         22    1.036E+01                                 F               0         Tower X translation displacement, node 8, m
         23   -5.082E+00                                 F               0         Tower Y translation displacement, node 8, m
         24   -1.754E-01                                 F               0         Tower Z translation displacement, node 8, m
         25    1.064E+01                                 F               0         Tower X translation displacement, node 9, m
         26   -5.614E+00                                 F               0         Tower Y translation displacement, node 9, m
         27   -1.901E-01                                 F               0         Tower Z translation displacement, node 9, m
         28    1.093E+01                                 F               0         Tower X translation displacement, node 10, m
         29   -6.146E+00                                 F               0         Tower Y translation displacement, node 10, m
         30   -2.048E-01                                 F               0         Tower Z translation displacement, node 10, m
         31    1.121E+01                                 F               0         Tower X translation displacement, node 11, m
         32   -6.679E+00                                 F               0         Tower Y translation displacement, node 11, m
         33   -2.196E-01                                 F               0         Tower Z translation displacement, node 11, m
         34    9.998E-01,  7.486E-03, -1.841E-02         F               0         Tower X orientation angle, node 1, rad
         35   -6.683E-03,  9.990E-01,  4.325E-02         F               0         Tower Y orientation angle, node 1, rad
         36    1.872E-02, -4.312E-02,  9.989E-01         F               0         Tower Z orientation angle, node 1, rad
         37    9.998E-01,  7.529E-03, -1.943E-02         F               0         Tower X orientation angle, node 2, rad
         38   -6.683E-03,  9.990E-01,  4.325E-02         F               0         Tower Y orientation angle, node 2, rad
         39    1.974E-02, -4.311E-02,  9.989E-01         F               0         Tower Z orientation angle, node 2, rad
         40    9.998E-01,  7.567E-03, -2.030E-02         F               0         Tower X orientation angle, node 3, rad
         41   -6.683E-03,  9.990E-01,  4.325E-02         F               0         Tower Y orientation angle, node 3, rad
         42    2.061E-02, -4.310E-02,  9.989E-01         F               0         Tower Z orientation angle, node 3, rad
         43    9.998E-01,  7.598E-03, -2.102E-02         F               0         Tower X orientation angle, node 4, rad
         44   -6.683E-03,  9.990E-01,  4.325E-02         F               0         Tower Y orientation angle, node 4, rad
         45    2.133E-02, -4.310E-02,  9.988E-01         F               0         Tower Z orientation angle, node 4, rad
         46    9.997E-01,  7.623E-03, -2.159E-02         F               0         Tower X orientation angle, node 5, rad
         47   -6.683E-03,  9.990E-01,  4.325E-02         F               0         Tower Y orientation angle, node 5, rad
         48    2.190E-02, -4.309E-02,  9.988E-01         F               0         Tower Z orientation angle, node 5, rad
         49    9.997E-01,  7.641E-03, -2.202E-02         F               0         Tower X orientation angle, node 6, rad
         50   -6.683E-03,  9.990E-01,  4.325E-02         F               0         Tower Y orientation angle, node 6, rad
         51    2.233E-02, -4.309E-02,  9.988E-01         F               0         Tower Z orientation angle, node 6, rad
         52    9.997E-01,  7.654E-03, -2.232E-02         F               0         Tower X orientation angle, node 7, rad
         53   -6.683E-03,  9.990E-01,  4.325E-02         F               0         Tower Y orientation angle, node 7, rad
         54    2.263E-02, -4.309E-02,  9.988E-01         F               0         Tower Z orientation angle, node 7, rad
         55    9.997E-01,  7.663E-03, -2.253E-02         F               0         Tower X orientation angle, node 8, rad
         56   -6.683E-03,  9.990E-01,  4.325E-02         F               0         Tower Y orientation angle, node 8, rad
         57    2.284E-02, -4.308E-02,  9.988E-01         F               0         Tower Z orientation angle, node 8, rad
         58    9.997E-01,  7.669E-03, -2.266E-02         F               0         Tower X orientation angle, node 9, rad
         59   -6.683E-03,  9.990E-01,  4.325E-02         F               0         Tower Y orientation angle, node 9, rad
         60    2.297E-02, -4.308E-02,  9.988E-01         F               0         Tower Z orientation angle, node 9, rad
         61    9.997E-01,  7.672E-03, -2.273E-02         F               0         Tower X orientation angle, node 10, rad
         62   -6.683E-03,  9.990E-01,  4.325E-02         F               0         Tower Y orientation angle, node 10, rad
         63    2.304E-02, -4.308E-02,  9.988E-01         F               0         Tower Z orientation angle, node 10, rad
         64    9.997E-01,  7.673E-03, -2.276E-02         F               0         Tower X orientation angle, node 11, rad
         65   -6.683E-03,  9.990E-01,  4.325E-02         F               0         Tower Y orientation angle, node 11, rad
         66    2.307E-02, -4.308E-02,  9.988E-01         F               0         Tower Z orientation angle, node 11, rad
         67   -7.116E-04                                 F               0         Tower X translation velocity, node 1, m/s
         68    1.120E-06                                 F               0         Tower Y translation velocity, node 1, m/s
         69   -4.541E-03                                 F               0         Tower Z translation velocity, node 1, m/s
         70   -7.196E-04                                 F               0         Tower X translation velocity, node 2, m/s
         71    1.819E-06                                 F               0         Tower Y translation velocity, node 2, m/s
         72   -4.541E-03                                 F               0         Tower Z translation velocity, node 2, m/s
         73   -7.533E-04                                 F               0         Tower X translation velocity, node 3, m/s
         74    2.367E-06                                 F               0         Tower Y translation velocity, node 3, m/s
         75   -4.541E-03                                 F               0         Tower Z translation velocity, node 3, m/s
         76   -8.088E-04                                 F               0         Tower X translation velocity, node 4, m/s
         77    2.779E-06                                 F               0         Tower Y translation velocity, node 4, m/s
         78   -4.539E-03                                 F               0         Tower Z translation velocity, node 4, m/s
         79   -8.846E-04                                 F               0         Tower X translation velocity, node 5, m/s
         80    3.062E-06                                 F               0         Tower Y translation velocity, node 5, m/s
         81   -4.538E-03                                 F               0         Tower Z translation velocity, node 5, m/s
         82   -9.790E-04                                 F               0         Tower X translation velocity, node 6, m/s
         83    3.220E-06                                 F               0         Tower Y translation velocity, node 6, m/s
         84   -4.536E-03                                 F               0         Tower Z translation velocity, node 6, m/s
         85   -1.089E-03                                 F               0         Tower X translation velocity, node 7, m/s
         86    3.274E-06                                 F               0         Tower Y translation velocity, node 7, m/s
         87   -4.533E-03                                 F               0         Tower Z translation velocity, node 7, m/s
         88   -1.213E-03                                 F               0         Tower X translation velocity, node 8, m/s
         89    3.226E-06                                 F               0         Tower Y translation velocity, node 8, m/s
         90   -4.530E-03                                 F               0         Tower Z translation velocity, node 8, m/s
         91   -1.349E-03                                 F               0         Tower X translation velocity, node 9, m/s
         92    3.093E-06                                 F               0         Tower Y translation velocity, node 9, m/s
         93   -4.527E-03                                 F               0         Tower Z translation velocity, node 9, m/s
         94   -1.494E-03                                 F               0         Tower X translation velocity, node 10, m/s
         95    2.895E-06                                 F               0         Tower Y translation velocity, node 10, m/s
         96   -4.524E-03                                 F               0         Tower Z translation velocity, node 10, m/s
         97   -1.644E-03                                 F               0         Tower X translation velocity, node 11, m/s
         98    2.656E-06                                 F               0         Tower Y translation velocity, node 11, m/s
         99   -4.520E-03                                 F               0         Tower Z translation velocity, node 11, m/s
        100    1.140E+01                                 F               0         Hub X translation displacement, node 1, m
        101   -7.100E+00                                 F               0         Hub Y translation displacement, node 1, m
        102    1.683E-02                                 F               0         Hub Z translation displacement, node 1, m
        103    9.918E-01,  1.213E-02, -1.270E-01         F               0         Hub X orientation angle, node 1, rad
        104    2.984E-02, -9.899E-01,  1.384E-01         F               0         Hub Y orientation angle, node 1, rad
        105   -1.241E-01, -1.411E-01, -9.822E-01         F               0         Hub Z orientation angle, node 1, rad
        106    8.865E-01                                 F               0         Hub X rotation velocity, node 1, rad/s
        107    1.083E-02                                 F               0         Hub Y rotation velocity, node 1, rad/s
        108   -1.135E-01                                 F               0         Hub Z rotation velocity, node 1, rad/s
        109    9.905E-01,  4.150E-02, -1.311E-01         F               0         Blade root 1 X orientation angle, node 1, rad
        110    5.925E-02, -9.891E-01,  1.346E-01         F               0         Blade root 1 Y orientation angle, node 1, rad
        111   -1.241E-01, -1.411E-01, -9.822E-01         F               0         Blade root 1 Z orientation angle, node 1, rad
        112    9.950E-01,  1.071E-03, -9.969E-02         F               0         Blade root 2 X orientation angle, node 1, rad
        113   -9.290E-02,  3.730E-01, -9.232E-01         F               0         Blade root 2 Y orientation angle, node 1, rad
        114    3.619E-02,  9.278E-01,  3.712E-01         F               0         Blade root 2 Z orientation angle, node 1, rad
        115    9.886E-01, -6.180E-03, -1.502E-01         F               0         Blade root 3 X orientation angle, node 1, rad
        116    1.219E-01,  6.172E-01,  7.773E-01         F               0         Blade root 3 Y orientation angle, node 1, rad
        117    8.788E-02, -7.867E-01,  6.110E-01         F               0         Blade root 3 Z orientation angle, node 1, rad
        118    1.013E+01                                 F               0         Blade 1 X translation displacement, node 1, m
        119   -7.881E+00                                 F               0         Blade 1 Y translation displacement, node 1, m
        120   -1.093E+01                                 F               0         Blade 1 Z translation displacement, node 1, m
        121    9.826E+00                                 F               0         Blade 1 X translation displacement, node 2, m
        122   -8.070E+00                                 F               0         Blade 1 Y translation displacement, node 2, m
        123   -1.357E+01                                 F               0         Blade 1 Z translation displacement, node 2, m
        124    5.677E+00                                 F               0         Blade 1 X translation displacement, node 3, m
        125   -1.063E+01                                 F               0         Blade 1 Y translation displacement, node 3, m
        126   -4.945E+01                                 F               0         Blade 1 Z translation displacement, node 3, m
        127    4.793E+00                                 F               0         Blade 1 X translation displacement, node 4, m
        128   -1.118E+01                                 F               0         Blade 1 Y translation displacement, node 4, m
        129   -5.710E+01                                 F               0         Blade 1 Z translation displacement, node 4, m
        130    3.908E+00                                 F               0         Blade 1 X translation displacement, node 5, m
        131   -1.172E+01                                 F               0         Blade 1 Y translation displacement, node 5, m
        132   -6.475E+01                                 F               0         Blade 1 Z translation displacement, node 5, m
        133    3.024E+00                                 F               0         Blade 1 X translation displacement, node 6, m
        134   -1.227E+01                                 F               0         Blade 1 Y translation displacement, node 6, m
        135   -7.239E+01                                 F               0         Blade 1 Z translation displacement, node 6, m
        136    2.140E+00                                 F               0         Blade 1 X translation displacement, node 7, m
        137   -1.281E+01                                 F               0         Blade 1 Y translation displacement, node 7, m
        138   -8.004E+01                                 F               0         Blade 1 Z translation displacement, node 7, m
        139    1.256E+00                                 F               0         Blade 1 X translation displacement, node 8, m
        140   -1.336E+01                                 F               0         Blade 1 Y translation displacement, node 8, m
        141   -8.768E+01                                 F               0         Blade 1 Z translation displacement, node 8, m
        142    3.716E-01                                 F               0         Blade 1 X translation displacement, node 9, m
        143   -1.391E+01                                 F               0         Blade 1 Y translation displacement, node 9, m
        144   -9.533E+01                                 F               0         Blade 1 Z translation displacement, node 9, m
        145   -5.125E-01                                 F               0         Blade 1 X translation displacement, node 10, m
        146   -1.445E+01                                 F               0         Blade 1 Y translation displacement, node 10, m
        147   -1.030E+02                                 F               0         Blade 1 Z translation displacement, node 10, m
        148   -1.397E+00                                 F               0         Blade 1 X translation displacement, node 11, m
        149   -1.500E+01                                 F               0         Blade 1 Y translation displacement, node 11, m
        150   -1.106E+02                                 F               0         Blade 1 Z translation displacement, node 11, m
        151   -2.281E+00                                 F               0         Blade 1 X translation displacement, node 12, m
        152   -1.554E+01                                 F               0         Blade 1 Y translation displacement, node 12, m
        153   -1.183E+02                                 F               0         Blade 1 Z translation displacement, node 12, m
        154   -3.165E+00                                 F               0         Blade 1 X translation displacement, node 13, m
        155   -1.609E+01                                 F               0         Blade 1 Y translation displacement, node 13, m
        156   -1.259E+02                                 F               0         Blade 1 Z translation displacement, node 13, m
        157   -4.049E+00                                 F               0         Blade 1 X translation displacement, node 14, m
        158   -1.663E+01                                 F               0         Blade 1 Y translation displacement, node 14, m
        159   -1.336E+02                                 F               0         Blade 1 Z translation displacement, node 14, m
        160   -4.933E+00                                 F               0         Blade 1 X translation displacement, node 15, m
        161   -1.718E+01                                 F               0         Blade 1 Y translation displacement, node 15, m
        162   -1.412E+02                                 F               0         Blade 1 Z translation displacement, node 15, m
        163   -5.818E+00                                 F               0         Blade 1 X translation displacement, node 16, m
        164   -1.773E+01                                 F               0         Blade 1 Y translation displacement, node 16, m
        165   -1.488E+02                                 F               0         Blade 1 Z translation displacement, node 16, m
        166   -6.702E+00                                 F               0         Blade 1 X translation displacement, node 17, m
        167   -1.827E+01                                 F               0         Blade 1 Y translation displacement, node 17, m
        168   -1.565E+02                                 F               0         Blade 1 Z translation displacement, node 17, m
        169   -7.586E+00                                 F               0         Blade 1 X translation displacement, node 18, m
        170   -1.882E+01                                 F               0         Blade 1 Y translation displacement, node 18, m
        171   -1.641E+02                                 F               0         Blade 1 Z translation displacement, node 18, m
        172   -8.470E+00                                 F               0         Blade 1 X translation displacement, node 19, m
        173   -1.936E+01                                 F               0         Blade 1 Y translation displacement, node 19, m
        174   -1.718E+02                                 F               0         Blade 1 Z translation displacement, node 19, m
        175   -9.354E+00                                 F               0         Blade 1 X translation displacement, node 20, m
        176   -1.991E+01                                 F               0         Blade 1 Y translation displacement, node 20, m
        177   -1.794E+02                                 F               0         Blade 1 Z translation displacement, node 20, m
        178   -1.024E+01                                 F               0         Blade 1 X translation displacement, node 21, m
        179   -2.045E+01                                 F               0         Blade 1 Y translation displacement, node 21, m
        180   -1.871E+02                                 F               0         Blade 1 Z translation displacement, node 21, m
        181   -1.112E+01                                 F               0         Blade 1 X translation displacement, node 22, m
        182   -2.100E+01                                 F               0         Blade 1 Y translation displacement, node 22, m
        183   -1.947E+02                                 F               0         Blade 1 Z translation displacement, node 22, m
        184   -1.201E+01                                 F               0         Blade 1 X translation displacement, node 23, m
        185   -2.155E+01                                 F               0         Blade 1 Y translation displacement, node 23, m
        186   -2.024E+02                                 F               0         Blade 1 Z translation displacement, node 23, m
        187   -1.289E+01                                 F               0         Blade 1 X translation displacement, node 24, m
        188   -2.209E+01                                 F               0         Blade 1 Y translation displacement, node 24, m
        189   -2.100E+02                                 F               0         Blade 1 Z translation displacement, node 24, m
        190   -1.378E+01                                 F               0         Blade 1 X translation displacement, node 25, m
        191   -2.264E+01                                 F               0         Blade 1 Y translation displacement, node 25, m
        192   -2.177E+02                                 F               0         Blade 1 Z translation displacement, node 25, m
        193   -1.466E+01                                 F               0         Blade 1 X translation displacement, node 26, m
        194   -2.318E+01                                 F               0         Blade 1 Y translation displacement, node 26, m
        195   -2.253E+02                                 F               0         Blade 1 Z translation displacement, node 26, m
        196   -1.554E+01                                 F               0         Blade 1 X translation displacement, node 27, m
        197   -2.373E+01                                 F               0         Blade 1 Y translation displacement, node 27, m
        198   -2.329E+02                                 F               0         Blade 1 Z translation displacement, node 27, m
        199   -1.629E+01                                 F               0         Blade 1 X translation displacement, node 28, m
        200   -2.419E+01                                 F               0         Blade 1 Y translation displacement, node 28, m
        201   -2.394E+02                                 F               0         Blade 1 Z translation displacement, node 28, m
        202    8.545E-01,  4.880E-01, -1.780E-01         F               0         Blade 1 X orientation angle, node 1, rad
        203    5.044E-01, -8.614E-01,  6.003E-02         F               0         Blade 1 Y orientation angle, node 1, rad
        204   -1.241E-01, -1.411E-01, -9.822E-01         F               0         Blade 1 Z orientation angle, node 1, rad
        205    8.545E-01,  4.880E-01, -1.780E-01         F               0         Blade 1 X orientation angle, node 2, rad
        206    5.044E-01, -8.614E-01,  6.003E-02         F               0         Blade 1 Y orientation angle, node 2, rad
        207   -1.241E-01, -1.411E-01, -9.822E-01         F               0         Blade 1 Z orientation angle, node 2, rad
        208    9.497E-01,  2.699E-01, -1.587E-01         F               0         Blade 1 X orientation angle, node 3, rad
        209    2.875E-01, -9.525E-01,  1.005E-01         F               0         Blade 1 Y orientation angle, node 3, rad
        210   -1.241E-01, -1.411E-01, -9.822E-01         F               0         Blade 1 Z orientation angle, node 3, rad
        211    9.610E-01,  2.295E-01, -1.544E-01         F               0         Blade 1 X orientation angle, node 4, rad
        212    2.472E-01, -9.630E-01,  1.071E-01         F               0         Blade 1 Y orientation angle, node 4, rad
        213   -1.241E-01, -1.411E-01, -9.822E-01         F               0         Blade 1 Z orientation angle, node 4, rad
        214    9.687E-01,  1.974E-01, -1.507E-01         F               0         Blade 1 X orientation angle, node 5, rad
        215    2.152E-01, -9.701E-01,  1.122E-01         F               0         Blade 1 Y orientation angle, node 5, rad
        216   -1.241E-01, -1.411E-01, -9.822E-01         F               0         Blade 1 Z orientation angle, node 5, rad
        217    9.740E-01,  1.716E-01, -1.477E-01         F               0         Blade 1 X orientation angle, node 6, rad
        218    1.894E-01, -9.750E-01,  1.161E-01         F               0         Blade 1 Y orientation angle, node 6, rad
        219   -1.241E-01, -1.411E-01, -9.822E-01         F               0         Blade 1 Z orientation angle, node 6, rad
        220    9.779E-01,  1.503E-01, -1.451E-01         F               0         Blade 1 X orientation angle, node 7, rad
        221    1.681E-01, -9.785E-01,  1.193E-01         F               0         Blade 1 Y orientation angle, node 7, rad
        222   -1.241E-01, -1.411E-01, -9.822E-01         F               0         Blade 1 Z orientation angle, node 7, rad
        223    9.808E-01,  1.325E-01, -1.429E-01         F               0         Blade 1 X orientation angle, node 8, rad
        224    1.503E-01, -9.811E-01,  1.220E-01         F               0         Blade 1 Y orientation angle, node 8, rad
        225   -1.241E-01, -1.411E-01, -9.822E-01         F               0         Blade 1 Z orientation angle, node 8, rad
        226    9.830E-01,  1.174E-01, -1.410E-01         F               0         Blade 1 X orientation angle, node 9, rad
        227    1.352E-01, -9.830E-01,  1.241E-01         F               0         Blade 1 Y orientation angle, node 9, rad
        228   -1.241E-01, -1.411E-01, -9.822E-01         F               0         Blade 1 Z orientation angle, node 9, rad
        229    9.847E-01,  1.044E-01, -1.394E-01         F               0         Blade 1 X orientation angle, node 10, rad
        230    1.222E-01, -9.845E-01,  1.260E-01         F               0         Blade 1 Y orientation angle, node 10, rad
        231   -1.241E-01, -1.411E-01, -9.822E-01         F               0         Blade 1 Z orientation angle, node 10, rad
        232    9.860E-01,  9.321E-02, -1.380E-01         F               0         Blade 1 X orientation angle, node 11, rad
        233    1.110E-01, -9.856E-01,  1.276E-01         F               0         Blade 1 Y orientation angle, node 11, rad
        234   -1.241E-01, -1.411E-01, -9.822E-01         F               0         Blade 1 Z orientation angle, node 11, rad
        235    9.871E-01,  8.340E-02, -1.367E-01         F               0         Blade 1 X orientation angle, node 12, rad
        236    1.012E-01, -9.865E-01,  1.289E-01         F               0         Blade 1 Y orientation angle, node 12, rad
        237   -1.241E-01, -1.411E-01, -9.822E-01         F               0         Blade 1 Z orientation angle, node 12, rad
        238    9.879E-01,  7.478E-02, -1.355E-01         F               0         Blade 1 X orientation angle, node 13, rad
        239    9.258E-02, -9.872E-01,  1.301E-01         F               0         Blade 1 Y orientation angle, node 13, rad
        240   -1.241E-01, -1.411E-01, -9.822E-01         F               0         Blade 1 Z orientation angle, node 13, rad
        241    9.886E-01,  6.703E-02, -1.345E-01         F               0         Blade 1 X orientation angle, node 14, rad
        242    8.482E-02, -9.877E-01,  1.312E-01         F               0         Blade 1 Y orientation angle, node 14, rad
        243   -1.241E-01, -1.411E-01, -9.822E-01         F               0         Blade 1 Z orientation angle, node 14, rad
        244    9.892E-01,  6.013E-02, -1.336E-01         F               0         Blade 1 X orientation angle, node 15, rad
        245    7.791E-02, -9.882E-01,  1.321E-01         F               0         Blade 1 Y orientation angle, node 15, rad
        246   -1.241E-01, -1.411E-01, -9.822E-01         F               0         Blade 1 Z orientation angle, node 15, rad
        247    9.897E-01,  5.392E-02, -1.328E-01         F               0         Blade 1 X orientation angle, node 16, rad
        248    7.170E-02, -9.885E-01,  1.330E-01         F               0         Blade 1 Y orientation angle, node 16, rad
        249   -1.241E-01, -1.411E-01, -9.822E-01         F               0         Blade 1 Z orientation angle, node 16, rad
        250    9.901E-01,  4.840E-02, -1.320E-01         F               0         Blade 1 X orientation angle, node 17, rad
        251    6.617E-02, -9.888E-01,  1.337E-01         F               0         Blade 1 Y orientation angle, node 17, rad
        252   -1.241E-01, -1.411E-01, -9.822E-01         F               0         Blade 1 Z orientation angle, node 17, rad
        253    9.904E-01,  4.322E-02, -1.313E-01         F               0         Blade 1 X orientation angle, node 18, rad
        254    6.098E-02, -9.891E-01,  1.344E-01         F               0         Blade 1 Y orientation angle, node 18, rad
        255   -1.241E-01, -1.411E-01, -9.822E-01         F               0         Blade 1 Z orientation angle, node 18, rad
        256    9.907E-01,  3.856E-02, -1.307E-01         F               0         Blade 1 X orientation angle, node 19, rad
        257    5.631E-02, -9.892E-01,  1.350E-01         F               0         Blade 1 Y orientation angle, node 19, rad
        258   -1.241E-01, -1.411E-01, -9.822E-01         F               0         Blade 1 Z orientation angle, node 19, rad
        259    9.909E-01,  3.442E-02, -1.301E-01         F               0         Blade 1 X orientation angle, node 20, rad
        260    5.216E-02, -9.894E-01,  1.355E-01         F               0         Blade 1 Y orientation angle, node 20, rad
        261   -1.241E-01, -1.411E-01, -9.822E-01         F               0         Blade 1 Z orientation angle, node 20, rad
        262    9.911E-01,  3.045E-02, -1.296E-01         F               0         Blade 1 X orientation angle, node 21, rad
        263    4.819E-02, -9.895E-01,  1.361E-01         F               0         Blade 1 Y orientation angle, node 21, rad
        264   -1.241E-01, -1.411E-01, -9.822E-01         F               0         Blade 1 Z orientation angle, node 21, rad
        265    9.913E-01,  2.682E-02, -1.291E-01         F               0         Blade 1 X orientation angle, node 22, rad
        266    4.455E-02, -9.896E-01,  1.365E-01         F               0         Blade 1 Y orientation angle, node 22, rad
        267   -1.241E-01, -1.411E-01, -9.822E-01         F               0         Blade 1 Z orientation angle, node 22, rad
        268    9.914E-01,  2.354E-02, -1.286E-01         F               0         Blade 1 X orientation angle, node 23, rad
        269    4.127E-02, -9.897E-01,  1.370E-01         F               0         Blade 1 Y orientation angle, node 23, rad
        270   -1.241E-01, -1.411E-01, -9.822E-01         F               0         Blade 1 Z orientation angle, node 23, rad
        271    9.915E-01,  2.043E-02, -1.282E-01         F               0         Blade 1 X orientation angle, node 24, rad
        272    3.815E-02, -9.898E-01,  1.374E-01         F               0         Blade 1 Y orientation angle, node 24, rad
        273   -1.241E-01, -1.411E-01, -9.822E-01         F               0         Blade 1 Z orientation angle, node 24, rad
        274    9.916E-01,  1.749E-02, -1.278E-01         F               0         Blade 1 X orientation angle, node 25, rad
        275    3.521E-02, -9.898E-01,  1.378E-01         F               0         Blade 1 Y orientation angle, node 25, rad
        276   -1.241E-01, -1.411E-01, -9.822E-01         F               0         Blade 1 Z orientation angle, node 25, rad
        277    9.917E-01,  1.490E-02, -1.274E-01         F               0         Blade 1 X orientation angle, node 26, rad
        278    3.261E-02, -9.899E-01,  1.381E-01         F               0         Blade 1 Y orientation angle, node 26, rad
        279   -1.241E-01, -1.411E-01, -9.822E-01         F               0         Blade 1 Z orientation angle, node 26, rad
        280    9.918E-01,  1.231E-02, -1.271E-01         F               0         Blade 1 X orientation angle, node 27, rad
        281    3.002E-02, -9.899E-01,  1.384E-01         F               0         Blade 1 Y orientation angle, node 27, rad
        282   -1.241E-01, -1.411E-01, -9.822E-01         F               0         Blade 1 Z orientation angle, node 27, rad
        283    9.919E-01,  1.092E-02, -1.269E-01         F               0         Blade 1 X orientation angle, node 28, rad
        284    2.863E-02, -9.899E-01,  1.386E-01         F               0         Blade 1 Y orientation angle, node 28, rad
        285   -1.241E-01, -1.411E-01, -9.822E-01         F               0         Blade 1 Z orientation angle, node 28, rad
        286   -1.494E-01                                 F               0         Blade 1 X translation velocity, node 1, m/s
        287    4.902E+00                                 F               0         Blade 1 Y translation velocity, node 1, m/s
        288   -6.902E-01                                 F               0         Blade 1 Z translation velocity, node 1, m/s
        289   -1.850E-01                                 F               0         Blade 1 X translation velocity, node 2, m/s
        290    6.083E+00                                 F               0         Blade 1 Y translation velocity, node 2, m/s
        291   -8.554E-01                                 F               0         Blade 1 Z translation velocity, node 2, m/s
        292   -6.690E-01                                 F               0         Blade 1 X translation velocity, node 3, m/s
        293    2.214E+01                                 F               0         Blade 1 Y translation velocity, node 3, m/s
        294   -3.102E+00                                 F               0         Blade 1 Z translation velocity, node 3, m/s
        295   -7.721E-01                                 F               0         Blade 1 X translation velocity, node 4, m/s
        296    2.557E+01                                 F               0         Blade 1 Y translation velocity, node 4, m/s
        297   -3.580E+00                                 F               0         Blade 1 Z translation velocity, node 4, m/s
        298   -8.752E-01                                 F               0         Blade 1 X translation velocity, node 5, m/s
        299    2.899E+01                                 F               0         Blade 1 Y translation velocity, node 5, m/s
        300   -4.059E+00                                 F               0         Blade 1 Z translation velocity, node 5, m/s
        301   -9.783E-01                                 F               0         Blade 1 X translation velocity, node 6, m/s
        302    3.241E+01                                 F               0         Blade 1 Y translation velocity, node 6, m/s
        303   -4.537E+00                                 F               0         Blade 1 Z translation velocity, node 6, m/s
        304   -1.081E+00                                 F               0         Blade 1 X translation velocity, node 7, m/s
        305    3.583E+01                                 F               0         Blade 1 Y translation velocity, node 7, m/s
        306   -5.016E+00                                 F               0         Blade 1 Z translation velocity, node 7, m/s
        307   -1.185E+00                                 F               0         Blade 1 X translation velocity, node 8, m/s
