
Linearized model: Predictions were generated on 06-Feb-2024 at 16:18:08 using OpenFAST, compiled as a 64-bit application using single precision at commit v3.5.1
 linked with  NWTC Subroutine Library; ElastoDyn; InflowWind; AeroDyn; ServoDyn; HydroDyn; MAP++ (<1.20.10>, <Oct-20-2023>)

Description from the FAST input file: CCT-9 Campign 4 model. Input files to be run with OpenFAST 3.5.0. GitHub branch from Lu Wang (https://github.com/luwang00/openfast/tree/dev) compiled on March 7, 2023.

Simulation information:
   Simulation time:                  1006.9750 s
   Rotor Speed:                         1.0420 rad/s
   Azimuth:                             2.4849 rad
   Wind Speed:                         12.0000 m/s
   Number of continuous states:         0
   Number of discrete states:           0
   Number of constraint states:         0
   Number of inputs:                 1746
   Number of outputs:                   4
   Jacobians included in this file?    No

Order of inputs:
     Column   Operating Point                     Rotating Frame? Derivative Order Description
   ---------- ---------------                     --------------- ---------------- -----------
          1    1.513E+01                                 F               0         Tower X translation displacement, node 1, m
          2   -1.423E+00                                 F               0         Tower Y translation displacement, node 1, m
          3   -4.844E-01                                 F               0         Tower Z translation displacement, node 1, m
          4    1.704E+01                                 F               0         Tower X translation displacement, node 2, m
          5   -2.004E+00                                 F               0         Tower Y translation displacement, node 2, m
          6   -6.471E-01                                 F               0         Tower Z translation displacement, node 2, m
          7    1.899E+01                                 F               0         Tower X translation displacement, node 3, m
          8   -2.590E+00                                 F               0         Tower Y translation displacement, node 3, m
          9   -8.154E-01                                 F               0         Tower Z translation displacement, node 3, m
         10    2.096E+01                                 F               0         Tower X translation displacement, node 4, m
         11   -3.181E+00                                 F               0         Tower Y translation displacement, node 4, m
         12   -9.882E-01                                 F               0         Tower Z translation displacement, node 4, m
         13    2.296E+01                                 F               0         Tower X translation displacement, node 5, m
         14   -3.776E+00                                 F               0         Tower Y translation displacement, node 5, m
         15   -1.165E+00                                 F               0         Tower Z translation displacement, node 5, m
         16    2.497E+01                                 F               0         Tower X translation displacement, node 6, m
         17   -4.374E+00                                 F               0         Tower Y translation displacement, node 6, m
         18   -1.344E+00                                 F               0         Tower Z translation displacement, node 6, m
         19    2.699E+01                                 F               0         Tower X translation displacement, node 7, m
         20   -4.974E+00                                 F               0         Tower Y translation displacement, node 7, m
         21   -1.526E+00                                 F               0         Tower Z translation displacement, node 7, m
         22    2.903E+01                                 F               0         Tower X translation displacement, node 8, m
         23   -5.576E+00                                 F               0         Tower Y translation displacement, node 8, m
         24   -1.711E+00                                 F               0         Tower Z translation displacement, node 8, m
         25    3.108E+01                                 F               0         Tower X translation displacement, node 9, m
         26   -6.180E+00                                 F               0         Tower Y translation displacement, node 9, m
         27   -1.896E+00                                 F               0         Tower Z translation displacement, node 9, m
         28    3.313E+01                                 F               0         Tower X translation displacement, node 10, m
         29   -6.785E+00                                 F               0         Tower Y translation displacement, node 10, m
         30   -2.082E+00                                 F               0         Tower Z translation displacement, node 10, m
         31    3.518E+01                                 F               0         Tower X translation displacement, node 11, m
         32   -7.391E+00                                 F               0         Tower Y translation displacement, node 11, m
         33   -2.270E+00                                 F               0         Tower Z translation displacement, node 11, m
         34    9.881E-01, -3.536E-03, -1.540E-01         F               0         Tower X orientation angle, node 1, rad
         35    1.070E-02,  9.989E-01,  4.574E-02         F               0         Tower Y orientation angle, node 1, rad
         36    1.537E-01, -4.684E-02,  9.870E-01         F               0         Tower Z orientation angle, node 1, rad
         37    9.877E-01, -3.412E-03, -1.566E-01         F               0         Tower X orientation angle, node 2, rad
         38    1.077E-02,  9.989E-01,  4.615E-02         F               0         Tower Y orientation angle, node 2, rad
         39    1.563E-01, -4.726E-02,  9.866E-01         F               0         Tower Z orientation angle, node 2, rad
         40    9.873E-01, -3.302E-03, -1.589E-01         F               0         Tower X orientation angle, node 3, rad
         41    1.083E-02,  9.989E-01,  4.651E-02         F               0         Tower Y orientation angle, node 3, rad
         42    1.586E-01, -4.764E-02,  9.862E-01         F               0         Tower Z orientation angle, node 3, rad
         43    9.870E-01, -3.207E-03, -1.608E-01         F               0         Tower X orientation angle, node 4, rad
         44    1.088E-02,  9.988E-01,  4.683E-02         F               0         Tower Y orientation angle, node 4, rad
         45    1.605E-01, -4.797E-02,  9.859E-01         F               0         Tower Z orientation angle, node 4, rad
         46    9.867E-01, -3.127E-03, -1.625E-01         F               0         Tower X orientation angle, node 5, rad
         47    1.092E-02,  9.988E-01,  4.710E-02         F               0         Tower Y orientation angle, node 5, rad
         48    1.621E-01, -4.825E-02,  9.856E-01         F               0         Tower Z orientation angle, node 5, rad
         49    9.865E-01, -3.062E-03, -1.638E-01         F               0         Tower X orientation angle, node 6, rad
         50    1.096E-02,  9.988E-01,  4.733E-02         F               0         Tower Y orientation angle, node 6, rad
         51    1.635E-01, -4.849E-02,  9.854E-01         F               0         Tower Z orientation angle, node 6, rad
         52    9.863E-01, -3.011E-03, -1.648E-01         F               0         Tower X orientation angle, node 7, rad
         53    1.099E-02,  9.988E-01,  4.752E-02         F               0         Tower Y orientation angle, node 7, rad
         54    1.645E-01, -4.868E-02,  9.852E-01         F               0         Tower Z orientation angle, node 7, rad
         55    9.862E-01, -2.973E-03, -1.656E-01         F               0         Tower X orientation angle, node 8, rad
         56    1.101E-02,  9.988E-01,  4.766E-02         F               0         Tower Y orientation angle, node 8, rad
         57    1.653E-01, -4.883E-02,  9.850E-01         F               0         Tower Z orientation angle, node 8, rad
         58    9.861E-01, -2.946E-03, -1.661E-01         F               0         Tower X orientation angle, node 9, rad
         59    1.103E-02,  9.988E-01,  4.776E-02         F               0         Tower Y orientation angle, node 9, rad
         60    1.658E-01, -4.893E-02,  9.849E-01         F               0         Tower Z orientation angle, node 9, rad
         61    9.860E-01, -2.929E-03, -1.665E-01         F               0         Tower X orientation angle, node 10, rad
         62    1.104E-02,  9.988E-01,  4.783E-02         F               0         Tower Y orientation angle, node 10, rad
         63    1.661E-01, -4.900E-02,  9.849E-01         F               0         Tower Z orientation angle, node 10, rad
         64    9.860E-01, -2.920E-03, -1.667E-01         F               0         Tower X orientation angle, node 11, rad
         65    1.105E-02,  9.988E-01,  4.787E-02         F               0         Tower Y orientation angle, node 11, rad
         66    1.663E-01, -4.904E-02,  9.849E-01         F               0         Tower Z orientation angle, node 11, rad
         67    5.040E-04                                 F               0         Tower X translation velocity, node 1, m/s
         68    1.404E-04                                 F               0         Tower Y translation velocity, node 1, m/s
         69    5.082E-03                                 F               0         Tower Z translation velocity, node 1, m/s
         70    6.751E-04                                 F               0         Tower X translation velocity, node 2, m/s
         71    2.269E-04                                 F               0         Tower Y translation velocity, node 2, m/s
         72    5.059E-03                                 F               0         Tower Z translation velocity, node 2, m/s
         73    8.653E-04                                 F               0         Tower X translation velocity, node 3, m/s
         74    2.929E-04                                 F               0         Tower Y translation velocity, node 3, m/s
         75    5.032E-03                                 F               0         Tower Z translation velocity, node 3, m/s
         76    1.064E-03                                 F               0         Tower X translation velocity, node 4, m/s
         77    3.430E-04                                 F               0         Tower Y translation velocity, node 4, m/s
         78    5.002E-03                                 F               0         Tower Z translation velocity, node 4, m/s
         79    1.264E-03                                 F               0         Tower X translation velocity, node 5, m/s
         80    3.796E-04                                 F               0         Tower Y translation velocity, node 5, m/s
         81    4.971E-03                                 F               0         Tower Z translation velocity, node 5, m/s
         82    1.460E-03                                 F               0         Tower X translation velocity, node 6, m/s
         83    4.051E-04                                 F               0         Tower Y translation velocity, node 6, m/s
         84    4.940E-03                                 F               0         Tower Z translation velocity, node 6, m/s
         85    1.647E-03                                 F               0         Tower X translation velocity, node 7, m/s
         86    4.223E-04                                 F               0         Tower Y translation velocity, node 7, m/s
         87    4.910E-03                                 F               0         Tower Z translation velocity, node 7, m/s
         88    1.823E-03                                 F               0         Tower X translation velocity, node 8, m/s
         89    4.323E-04                                 F               0         Tower Y translation velocity, node 8, m/s
         90    4.881E-03                                 F               0         Tower Z translation velocity, node 8, m/s
         91    1.987E-03                                 F               0         Tower X translation velocity, node 9, m/s
         92    4.370E-04                                 F               0         Tower Y translation velocity, node 9, m/s
         93    4.853E-03                                 F               0         Tower Z translation velocity, node 9, m/s
         94    2.140E-03                                 F               0         Tower X translation velocity, node 10, m/s
         95    4.381E-04                                 F               0         Tower Y translation velocity, node 10, m/s
         96    4.828E-03                                 F               0         Tower Z translation velocity, node 10, m/s
         97    2.284E-03                                 F               0         Tower X translation velocity, node 11, m/s
         98    4.371E-04                                 F               0         Tower Y translation velocity, node 11, m/s
         99    4.803E-03                                 F               0         Tower Z translation velocity, node 11, m/s
        100    3.664E+01                                 F               0         Hub X translation displacement, node 1, m
        101   -7.745E+00                                 F               0         Hub Y translation displacement, node 1, m
        102   -5.885E-01                                 F               0         Hub Z translation displacement, node 1, m
        103    9.632E-01,  2.222E-03, -2.687E-01         F               0         Hub X orientation angle, node 1, rad
        104    1.551E-01, -8.210E-01,  5.494E-01         F               0         Hub Y orientation angle, node 1, rad
        105   -2.194E-01, -5.709E-01, -7.912E-01         F               0         Hub Z orientation angle, node 1, rad
        106    1.004E+00                                 F               0         Hub X rotation velocity, node 1, rad/s
        107    2.327E-03                                 F               0         Hub Y rotation velocity, node 1, rad/s
        108   -2.800E-01                                 F               0         Hub Z rotation velocity, node 1, rad/s
        109    9.582E-01,  2.658E-02, -2.849E-01         F               0         Blade root 1 X orientation angle, node 1, rad
        110    1.837E-01, -8.206E-01,  5.412E-01         F               0         Blade root 1 Y orientation angle, node 1, rad
        111   -2.194E-01, -5.709E-01, -7.912E-01         F               0         Blade root 1 Z orientation angle, node 1, rad
        112    9.707E-01,  4.709E-03, -2.401E-01         F               0         Blade root 2 X orientation angle, node 1, rad
        113   -2.389E-01, -8.378E-02, -9.674E-01         F               0         Blade root 2 Y orientation angle, node 1, rad
        114   -2.467E-02,  9.965E-01, -8.020E-02         F               0         Blade root 2 Z orientation angle, node 1, rad
        115    9.595E-01, -2.462E-02, -2.807E-01         F               0         Blade root 3 X orientation angle, node 1, rad
        116    1.409E-01,  9.046E-01,  4.023E-01         F               0         Blade root 3 Y orientation angle, node 1, rad
        117    2.440E-01, -4.256E-01,  8.714E-01         F               0         Blade root 3 Z orientation angle, node 1, rad
        118    3.485E+01                                 F               0         Blade 1 X translation displacement, node 1, m
        119   -1.091E+01                                 F               0         Blade 1 Y translation displacement, node 1, m
        120   -1.048E+01                                 F               0         Blade 1 Z translation displacement, node 1, m
        121    3.441E+01                                 F               0         Blade 1 X translation displacement, node 2, m
        122   -1.167E+01                                 F               0         Blade 1 Y translation displacement, node 2, m
        123   -1.287E+01                                 F               0         Blade 1 Z translation displacement, node 2, m
        124    2.853E+01                                 F               0         Blade 1 X translation displacement, node 3, m
        125   -2.203E+01                                 F               0         Blade 1 Y translation displacement, node 3, m
        126   -4.528E+01                                 F               0         Blade 1 Z translation displacement, node 3, m
        127    2.728E+01                                 F               0         Blade 1 X translation displacement, node 4, m
        128   -2.424E+01                                 F               0         Blade 1 Y translation displacement, node 4, m
        129   -5.219E+01                                 F               0         Blade 1 Z translation displacement, node 4, m
        130    2.603E+01                                 F               0         Blade 1 X translation displacement, node 5, m
        131   -2.645E+01                                 F               0         Blade 1 Y translation displacement, node 5, m
        132   -5.909E+01                                 F               0         Blade 1 Z translation displacement, node 5, m
        133    2.477E+01                                 F               0         Blade 1 X translation displacement, node 6, m
        134   -2.866E+01                                 F               0         Blade 1 Y translation displacement, node 6, m
        135   -6.600E+01                                 F               0         Blade 1 Z translation displacement, node 6, m
        136    2.352E+01                                 F               0         Blade 1 X translation displacement, node 7, m
        137   -3.086E+01                                 F               0         Blade 1 Y translation displacement, node 7, m
        138   -7.291E+01                                 F               0         Blade 1 Z translation displacement, node 7, m
        139    2.227E+01                                 F               0         Blade 1 X translation displacement, node 8, m
        140   -3.307E+01                                 F               0         Blade 1 Y translation displacement, node 8, m
        141   -7.981E+01                                 F               0         Blade 1 Z translation displacement, node 8, m
        142    2.102E+01                                 F               0         Blade 1 X translation displacement, node 9, m
        143   -3.528E+01                                 F               0         Blade 1 Y translation displacement, node 9, m
        144   -8.672E+01                                 F               0         Blade 1 Z translation displacement, node 9, m
        145    1.976E+01                                 F               0         Blade 1 X translation displacement, node 10, m
        146   -3.749E+01                                 F               0         Blade 1 Y translation displacement, node 10, m
        147   -9.363E+01                                 F               0         Blade 1 Z translation displacement, node 10, m
        148    1.851E+01                                 F               0         Blade 1 X translation displacement, node 11, m
        149   -3.970E+01                                 F               0         Blade 1 Y translation displacement, node 11, m
        150   -1.005E+02                                 F               0         Blade 1 Z translation displacement, node 11, m
        151    1.726E+01                                 F               0         Blade 1 X translation displacement, node 12, m
        152   -4.190E+01                                 F               0         Blade 1 Y translation displacement, node 12, m
        153   -1.074E+02                                 F               0         Blade 1 Z translation displacement, node 12, m
        154    1.601E+01                                 F               0         Blade 1 X translation displacement, node 13, m
        155   -4.411E+01                                 F               0         Blade 1 Y translation displacement, node 13, m
        156   -1.143E+02                                 F               0         Blade 1 Z translation displacement, node 13, m
        157    1.475E+01                                 F               0         Blade 1 X translation displacement, node 14, m
        158   -4.632E+01                                 F               0         Blade 1 Y translation displacement, node 14, m
        159   -1.213E+02                                 F               0         Blade 1 Z translation displacement, node 14, m
        160    1.350E+01                                 F               0         Blade 1 X translation displacement, node 15, m
        161   -4.853E+01                                 F               0         Blade 1 Y translation displacement, node 15, m
        162   -1.282E+02                                 F               0         Blade 1 Z translation displacement, node 15, m
        163    1.225E+01                                 F               0         Blade 1 X translation displacement, node 16, m
        164   -5.074E+01                                 F               0         Blade 1 Y translation displacement, node 16, m
        165   -1.351E+02                                 F               0         Blade 1 Z translation displacement, node 16, m
        166    1.099E+01                                 F               0         Blade 1 X translation displacement, node 17, m
        167   -5.294E+01                                 F               0         Blade 1 Y translation displacement, node 17, m
        168   -1.420E+02                                 F               0         Blade 1 Z translation displacement, node 17, m
        169    9.742E+00                                 F               0         Blade 1 X translation displacement, node 18, m
        170   -5.515E+01                                 F               0         Blade 1 Y translation displacement, node 18, m
        171   -1.489E+02                                 F               0         Blade 1 Z translation displacement, node 18, m
        172    8.489E+00                                 F               0         Blade 1 X translation displacement, node 19, m
        173   -5.736E+01                                 F               0         Blade 1 Y translation displacement, node 19, m
        174   -1.558E+02                                 F               0         Blade 1 Z translation displacement, node 19, m
        175    7.236E+00                                 F               0         Blade 1 X translation displacement, node 20, m
        176   -5.957E+01                                 F               0         Blade 1 Y translation displacement, node 20, m
        177   -1.627E+02                                 F               0         Blade 1 Z translation displacement, node 20, m
        178    5.983E+00                                 F               0         Blade 1 X translation displacement, node 21, m
        179   -6.178E+01                                 F               0         Blade 1 Y translation displacement, node 21, m
        180   -1.696E+02                                 F               0         Blade 1 Z translation displacement, node 21, m
        181    4.730E+00                                 F               0         Blade 1 X translation displacement, node 22, m
        182   -6.398E+01                                 F               0         Blade 1 Y translation displacement, node 22, m
        183   -1.765E+02                                 F               0         Blade 1 Z translation displacement, node 22, m
        184    3.478E+00                                 F               0         Blade 1 X translation displacement, node 23, m
        185   -6.619E+01                                 F               0         Blade 1 Y translation displacement, node 23, m
        186   -1.834E+02                                 F               0         Blade 1 Z translation displacement, node 23, m
        187    2.225E+00                                 F               0         Blade 1 X translation displacement, node 24, m
        188   -6.840E+01                                 F               0         Blade 1 Y translation displacement, node 24, m
        189   -1.903E+02                                 F               0         Blade 1 Z translation displacement, node 24, m
        190    9.723E-01                                 F               0         Blade 1 X translation displacement, node 25, m
        191   -7.061E+01                                 F               0         Blade 1 Y translation displacement, node 25, m
        192   -1.972E+02                                 F               0         Blade 1 Z translation displacement, node 25, m
        193   -2.807E-01                                 F               0         Blade 1 X translation displacement, node 26, m
        194   -7.282E+01                                 F               0         Blade 1 Y translation displacement, node 26, m
        195   -2.041E+02                                 F               0         Blade 1 Z translation displacement, node 26, m
        196   -1.533E+00                                 F               0         Blade 1 X translation displacement, node 27, m
        197   -7.502E+01                                 F               0         Blade 1 Y translation displacement, node 27, m
        198   -2.110E+02                                 F               0         Blade 1 Z translation displacement, node 27, m
        199   -2.595E+00                                 F               0         Blade 1 X translation displacement, node 28, m
        200   -7.690E+01                                 F               0         Blade 1 Y translation displacement, node 28, m
        201   -2.169E+02                                 F               0         Blade 1 Z translation displacement, node 28, m
        202    7.690E-01,  3.979E-01, -5.003E-01         F               0         Blade 1 X orientation angle, node 1, rad
        203    6.004E-01, -7.182E-01,  3.517E-01         F               0         Blade 1 Y orientation angle, node 1, rad
        204   -2.194E-01, -5.709E-01, -7.912E-01         F               0         Blade 1 Z orientation angle, node 1, rad
        205    7.690E-01,  3.979E-01, -5.003E-01         F               0         Blade 1 X orientation angle, node 2, rad
        206    6.004E-01, -7.182E-01,  3.517E-01         F               0         Blade 1 Y orientation angle, node 2, rad
        207   -2.194E-01, -5.709E-01, -7.912E-01         F               0         Blade 1 Z orientation angle, node 2, rad
        208    8.894E-01,  2.163E-01, -4.027E-01         F               0         Blade 1 X orientation angle, node 3, rad
        209    4.010E-01, -7.920E-01,  4.603E-01         F               0         Blade 1 Y orientation angle, node 3, rad
        210   -2.194E-01, -5.709E-01, -7.912E-01         F               0         Blade 1 Z orientation angle, node 3, rad
        211    9.056E-01,  1.827E-01, -3.829E-01         F               0         Blade 1 X orientation angle, node 4, rad
        212    3.631E-01, -8.005E-01,  4.769E-01         F               0         Blade 1 Y orientation angle, node 4, rad
        213   -2.194E-01, -5.709E-01, -7.912E-01         F               0         Blade 1 Z orientation angle, node 4, rad
        214    9.171E-01,  1.560E-01, -3.669E-01         F               0         Blade 1 X orientation angle, node 5, rad
        215    3.329E-01, -8.061E-01,  4.893E-01         F               0         Blade 1 Y orientation angle, node 5, rad
        216   -2.194E-01, -5.709E-01, -7.912E-01         F               0         Blade 1 Z orientation angle, node 5, rad
        217    9.256E-01,  1.346E-01, -3.538E-01         F               0         Blade 1 X orientation angle, node 6, rad
        218    3.084E-01, -8.099E-01,  4.989E-01         F               0         Blade 1 Y orientation angle, node 6, rad
        219   -2.194E-01, -5.709E-01, -7.912E-01         F               0         Blade 1 Z orientation angle, node 6, rad
        220    9.321E-01,  1.169E-01, -3.428E-01         F               0         Blade 1 X orientation angle, node 7, rad
        221    2.882E-01, -8.127E-01,  5.065E-01         F               0         Blade 1 Y orientation angle, node 7, rad
        222   -2.194E-01, -5.709E-01, -7.912E-01         F               0         Blade 1 Z orientation angle, node 7, rad
        223    9.372E-01,  1.021E-01, -3.335E-01         F               0         Blade 1 X orientation angle, node 8, rad
        224    2.712E-01, -8.147E-01,  5.126E-01         F               0         Blade 1 Y orientation angle, node 8, rad
        225   -2.194E-01, -5.709E-01, -7.912E-01         F               0         Blade 1 Z orientation angle, node 8, rad
        226    9.412E-01,  8.960E-02, -3.256E-01         F               0         Blade 1 X orientation angle, node 9, rad
        227    2.568E-01, -8.161E-01,  5.177E-01         F               0         Blade 1 Y orientation angle, node 9, rad
        228   -2.194E-01, -5.709E-01, -7.912E-01         F               0         Blade 1 Z orientation angle, node 9, rad
        229    9.446E-01,  7.876E-02, -3.187E-01         F               0         Blade 1 X orientation angle, node 10, rad
        230    2.443E-01, -8.172E-01,  5.220E-01         F               0         Blade 1 Y orientation angle, node 10, rad
        231   -2.194E-01, -5.709E-01, -7.912E-01         F               0         Blade 1 Z orientation angle, node 10, rad
        232    9.473E-01,  6.949E-02, -3.128E-01         F               0         Blade 1 X orientation angle, node 11, rad
        233    2.335E-01, -8.181E-01,  5.255E-01         F               0         Blade 1 Y orientation angle, node 11, rad
        234   -2.194E-01, -5.709E-01, -7.912E-01         F               0         Blade 1 Z orientation angle, node 11, rad
        235    9.496E-01,  6.135E-02, -3.076E-01         F               0         Blade 1 X orientation angle, node 12, rad
        236    2.241E-01, -8.187E-01,  5.286E-01         F               0         Blade 1 Y orientation angle, node 12, rad
        237   -2.194E-01, -5.709E-01, -7.912E-01         F               0         Blade 1 Z orientation angle, node 12, rad
        238    9.515E-01,  5.420E-02, -3.029E-01         F               0         Blade 1 X orientation angle, node 13, rad
        239    2.158E-01, -8.192E-01,  5.313E-01         F               0         Blade 1 Y orientation angle, node 13, rad
        240   -2.194E-01, -5.709E-01, -7.912E-01         F               0         Blade 1 Z orientation angle, node 13, rad
        241    9.531E-01,  4.776E-02, -2.987E-01         F               0         Blade 1 X orientation angle, node 14, rad
        242    2.083E-01, -8.196E-01,  5.336E-01         F               0         Blade 1 Y orientation angle, node 14, rad
        243   -2.194E-01, -5.709E-01, -7.912E-01         F               0         Blade 1 Z orientation angle, node 14, rad
        244    9.546E-01,  4.204E-02, -2.950E-01         F               0         Blade 1 X orientation angle, node 15, rad
        245    2.017E-01, -8.200E-01,  5.357E-01         F               0         Blade 1 Y orientation angle, node 15, rad
        246   -2.194E-01, -5.709E-01, -7.912E-01         F               0         Blade 1 Z orientation angle, node 15, rad
        247    9.558E-01,  3.689E-02, -2.916E-01         F               0         Blade 1 X orientation angle, node 16, rad
        248    1.957E-01, -8.202E-01,  5.376E-01         F               0         Blade 1 Y orientation angle, node 16, rad
        249   -2.194E-01, -5.709E-01, -7.912E-01         F               0         Blade 1 Z orientation angle, node 16, rad
        250    9.569E-01,  3.231E-02, -2.886E-01         F               0         Blade 1 X orientation angle, node 17, rad
        251    1.903E-01, -8.204E-01,  5.392E-01         F               0         Blade 1 Y orientation angle, node 17, rad
        252   -2.194E-01, -5.709E-01, -7.912E-01         F               0         Blade 1 Z orientation angle, node 17, rad
        253    9.579E-01,  2.801E-02, -2.858E-01         F               0         Blade 1 X orientation angle, node 18, rad
        254    1.853E-01, -8.206E-01,  5.407E-01         F               0         Blade 1 Y orientation angle, node 18, rad
        255   -2.194E-01, -5.709E-01, -7.912E-01         F               0         Blade 1 Z orientation angle, node 18, rad
        256    9.587E-01,  2.414E-02, -2.833E-01         F               0         Blade 1 X orientation angle, node 19, rad
        257    1.808E-01, -8.207E-01,  5.420E-01         F               0         Blade 1 Y orientation angle, node 19, rad
        258   -2.194E-01, -5.709E-01, -7.912E-01         F               0         Blade 1 Z orientation angle, node 19, rad
        259    9.595E-01,  2.071E-02, -2.810E-01         F               0         Blade 1 X orientation angle, node 20, rad
        260    1.768E-01, -8.208E-01,  5.432E-01         F               0         Blade 1 Y orientation angle, node 20, rad
        261   -2.194E-01, -5.709E-01, -7.912E-01         F               0         Blade 1 Z orientation angle, node 20, rad
        262    9.602E-01,  1.741E-02, -2.788E-01         F               0         Blade 1 X orientation angle, node 21, rad
        263    1.729E-01, -8.208E-01,  5.443E-01         F               0         Blade 1 Y orientation angle, node 21, rad
        264   -2.194E-01, -5.709E-01, -7.912E-01         F               0         Blade 1 Z orientation angle, node 21, rad
        265    9.608E-01,  1.440E-02, -2.768E-01         F               0         Blade 1 X orientation angle, node 22, rad
        266    1.694E-01, -8.209E-01,  5.454E-01         F               0         Blade 1 Y orientation angle, node 22, rad
        267   -2.194E-01, -5.709E-01, -7.912E-01         F               0         Blade 1 Z orientation angle, node 22, rad
        268    9.614E-01,  1.168E-02, -2.750E-01         F               0         Blade 1 X orientation angle, node 23, rad
        269    1.662E-01, -8.210E-01,  5.463E-01         F               0         Blade 1 Y orientation angle, node 23, rad
        270   -2.194E-01, -5.709E-01, -7.912E-01         F               0         Blade 1 Z orientation angle, node 23, rad
        271    9.619E-01,  9.100E-03, -2.733E-01         F               0         Blade 1 X orientation angle, node 24, rad
        272    1.632E-01, -8.210E-01,  5.471E-01         F               0         Blade 1 Y orientation angle, node 24, rad
        273   -2.194E-01, -5.709E-01, -7.912E-01         F               0         Blade 1 Z orientation angle, node 24, rad
        274    9.624E-01,  6.664E-03, -2.717E-01         F               0         Blade 1 X orientation angle, node 25, rad
        275    1.604E-01, -8.210E-01,  5.479E-01         F               0         Blade 1 Y orientation angle, node 25, rad
        276   -2.194E-01, -5.709E-01, -7.912E-01         F               0         Blade 1 Z orientation angle, node 25, rad
        277    9.628E-01,  4.515E-03, -2.702E-01         F               0         Blade 1 X orientation angle, node 26, rad
        278    1.578E-01, -8.210E-01,  5.486E-01         F               0         Blade 1 Y orientation angle, node 26, rad
        279   -2.194E-01, -5.709E-01, -7.912E-01         F               0         Blade 1 Z orientation angle, node 26, rad
        280    9.632E-01,  2.365E-03, -2.688E-01         F               0         Blade 1 X orientation angle, node 27, rad
        281    1.553E-01, -8.210E-01,  5.494E-01         F               0         Blade 1 Y orientation angle, node 27, rad
        282   -2.194E-01, -5.709E-01, -7.912E-01         F               0         Blade 1 Z orientation angle, node 27, rad
        283    9.634E-01,  1.219E-03, -2.680E-01         F               0         Blade 1 X orientation angle, node 28, rad
        284    1.540E-01, -8.210E-01,  5.497E-01         F               0         Blade 1 Y orientation angle, node 28, rad
        285   -2.194E-01, -5.709E-01, -7.912E-01         F               0         Blade 1 Z orientation angle, node 28, rad
        286   -8.932E-01                                 F               0         Blade 1 X translation velocity, node 1, m/s
        287    4.740E+00                                 F               0         Blade 1 Y translation velocity, node 1, m/s
        288   -3.166E+00                                 F               0         Blade 1 Z translation velocity, node 1, m/s
        289   -1.109E+00                                 F               0         Blade 1 X translation velocity, node 2, m/s
        290    5.882E+00                                 F               0         Blade 1 Y translation velocity, node 2, m/s
        291   -3.931E+00                                 F               0         Blade 1 Z translation velocity, node 2, m/s
        292   -4.044E+00                                 F               0         Blade 1 X translation velocity, node 3, m/s
        293    2.141E+01                                 F               0         Blade 1 Y translation velocity, node 3, m/s
        294   -1.432E+01                                 F               0         Blade 1 Z translation velocity, node 3, m/s
        295   -4.669E+00                                 F               0         Blade 1 X translation velocity, node 4, m/s
        296    2.472E+01                                 F               0         Blade 1 Y translation velocity, node 4, m/s
        297   -1.654E+01                                 F               0         Blade 1 Z translation velocity, node 4, m/s
        298   -5.294E+00                                 F               0         Blade 1 X translation velocity, node 5, m/s
        299    2.803E+01                                 F               0         Blade 1 Y translation velocity, node 5, m/s
        300   -1.875E+01                                 F               0         Blade 1 Z translation velocity, node 5, m/s
        301   -5.919E+00                                 F               0         Blade 1 X translation velocity, node 6, m/s
        302    3.134E+01                                 F               0         Blade 1 Y translation velocity, node 6, m/s
        303   -2.096E+01                                 F               0         Blade 1 Z translation velocity, node 6, m/s
        304   -6.545E+00                                 F               0         Blade 1 X translation velocity, node 7, m/s
        305    3.465E+01                                 F               0         Blade 1 Y translation velocity, node 7, m/s
        306   -2.318E+01                                 F               0         Blade 1 Z translation velocity, node 7, m/s
        307   -7.170E+00                                 F               0         Blade 1 X translation velocity, node 8, m/s
