
Linearized model: Predictions were generated on 31-Jan-2024 at 12:35:17 using OpenFAST, compiled as a 64-bit application using single precision at commit v3.5.1
 linked with  NWTC Subroutine Library; ElastoDyn; InflowWind; AeroDyn; ServoDyn; HydroDyn; MAP++ (<1.20.10>, <Oct-20-2023>)

Description from the FAST input file: CCT-9 Campign 4 model. Input files to be run with OpenFAST 3.5.0. GitHub branch from Lu Wang (https://github.com/luwang00/openfast/tree/dev) compiled on March 7, 2023.

Simulation information:
   Simulation time:                   502.2250 s
   Rotor Speed:                         0.8937 rad/s
   Azimuth:                             2.7345 rad
   Wind Speed:                         10.0000 m/s
   Number of continuous states:         0
   Number of discrete states:           0
   Number of constraint states:         0
   Number of inputs:                 1746
   Number of outputs:                   4
   Jacobians included in this file?    No

Order of inputs:
     Column   Operating Point                     Rotating Frame? Derivative Order Description
   ---------- ---------------                     --------------- ---------------- -----------
          1    8.515E+00                                 F               0         Tower X translation displacement, node 1, m
          2   -1.355E+00                                 F               0         Tower Y translation displacement, node 1, m
          3   -7.414E-02                                 F               0         Tower Z translation displacement, node 1, m
          4    8.752E+00                                 F               0         Tower X translation displacement, node 2, m
          5   -1.887E+00                                 F               0         Tower Y translation displacement, node 2, m
          6   -8.790E-02                                 F               0         Tower Z translation displacement, node 2, m
          7    9.002E+00                                 F               0         Tower X translation displacement, node 3, m
          8   -2.420E+00                                 F               0         Tower Y translation displacement, node 3, m
          9   -1.019E-01                                 F               0         Tower Z translation displacement, node 3, m
         10    9.262E+00                                 F               0         Tower X translation displacement, node 4, m
         11   -2.952E+00                                 F               0         Tower Y translation displacement, node 4, m
         12   -1.161E-01                                 F               0         Tower Z translation displacement, node 4, m
         13    9.529E+00                                 F               0         Tower X translation displacement, node 5, m
         14   -3.485E+00                                 F               0         Tower Y translation displacement, node 5, m
         15   -1.305E-01                                 F               0         Tower Z translation displacement, node 5, m
         16    9.803E+00                                 F               0         Tower X translation displacement, node 6, m
         17   -4.017E+00                                 F               0         Tower Y translation displacement, node 6, m
         18   -1.450E-01                                 F               0         Tower Z translation displacement, node 6, m
         19    1.008E+01                                 F               0         Tower X translation displacement, node 7, m
         20   -4.549E+00                                 F               0         Tower Y translation displacement, node 7, m
         21   -1.596E-01                                 F               0         Tower Z translation displacement, node 7, m
         22    1.036E+01                                 F               0         Tower X translation displacement, node 8, m
         23   -5.082E+00                                 F               0         Tower Y translation displacement, node 8, m
         24   -1.743E-01                                 F               0         Tower Z translation displacement, node 8, m
         25    1.064E+01                                 F               0         Tower X translation displacement, node 9, m
         26   -5.614E+00                                 F               0         Tower Y translation displacement, node 9, m
         27   -1.890E-01                                 F               0         Tower Z translation displacement, node 9, m
         28    1.093E+01                                 F               0         Tower X translation displacement, node 10, m
         29   -6.146E+00                                 F               0         Tower Y translation displacement, node 10, m
         30   -2.038E-01                                 F               0         Tower Z translation displacement, node 10, m
         31    1.121E+01                                 F               0         Tower X translation displacement, node 11, m
         32   -6.679E+00                                 F               0         Tower Y translation displacement, node 11, m
         33   -2.185E-01                                 F               0         Tower Z translation displacement, node 11, m
         34    9.998E-01,  7.485E-03, -1.841E-02         F               0         Tower X orientation angle, node 1, rad
         35   -6.683E-03,  9.990E-01,  4.325E-02         F               0         Tower Y orientation angle, node 1, rad
         36    1.872E-02, -4.312E-02,  9.989E-01         F               0         Tower Z orientation angle, node 1, rad
         37    9.998E-01,  7.529E-03, -1.943E-02         F               0         Tower X orientation angle, node 2, rad
         38   -6.683E-03,  9.990E-01,  4.325E-02         F               0         Tower Y orientation angle, node 2, rad
         39    1.974E-02, -4.311E-02,  9.989E-01         F               0         Tower Z orientation angle, node 2, rad
         40    9.998E-01,  7.566E-03, -2.030E-02         F               0         Tower X orientation angle, node 3, rad
         41   -6.683E-03,  9.990E-01,  4.325E-02         F               0         Tower Y orientation angle, node 3, rad
         42    2.061E-02, -4.310E-02,  9.989E-01         F               0         Tower Z orientation angle, node 3, rad
         43    9.998E-01,  7.597E-03, -2.102E-02         F               0         Tower X orientation angle, node 4, rad
         44   -6.683E-03,  9.990E-01,  4.325E-02         F               0         Tower Y orientation angle, node 4, rad
         45    2.133E-02, -4.310E-02,  9.988E-01         F               0         Tower Z orientation angle, node 4, rad
         46    9.997E-01,  7.622E-03, -2.159E-02         F               0         Tower X orientation angle, node 5, rad
         47   -6.683E-03,  9.990E-01,  4.325E-02         F               0         Tower Y orientation angle, node 5, rad
         48    2.190E-02, -4.309E-02,  9.988E-01         F               0         Tower Z orientation angle, node 5, rad
         49    9.997E-01,  7.641E-03, -2.202E-02         F               0         Tower X orientation angle, node 6, rad
         50   -6.683E-03,  9.990E-01,  4.325E-02         F               0         Tower Y orientation angle, node 6, rad
         51    2.233E-02, -4.309E-02,  9.988E-01         F               0         Tower Z orientation angle, node 6, rad
         52    9.997E-01,  7.654E-03, -2.233E-02         F               0         Tower X orientation angle, node 7, rad
         53   -6.683E-03,  9.990E-01,  4.325E-02         F               0         Tower Y orientation angle, node 7, rad
         54    2.264E-02, -4.309E-02,  9.988E-01         F               0         Tower Z orientation angle, node 7, rad
         55    9.997E-01,  7.663E-03, -2.253E-02         F               0         Tower X orientation angle, node 8, rad
         56   -6.683E-03,  9.990E-01,  4.325E-02         F               0         Tower Y orientation angle, node 8, rad
         57    2.284E-02, -4.308E-02,  9.988E-01         F               0         Tower Z orientation angle, node 8, rad
         58    9.997E-01,  7.668E-03, -2.266E-02         F               0         Tower X orientation angle, node 9, rad
         59   -6.683E-03,  9.990E-01,  4.325E-02         F               0         Tower Y orientation angle, node 9, rad
         60    2.297E-02, -4.308E-02,  9.988E-01         F               0         Tower Z orientation angle, node 9, rad
         61    9.997E-01,  7.671E-03, -2.273E-02         F               0         Tower X orientation angle, node 10, rad
         62   -6.683E-03,  9.990E-01,  4.325E-02         F               0         Tower Y orientation angle, node 10, rad
         63    2.304E-02, -4.308E-02,  9.988E-01         F               0         Tower Z orientation angle, node 10, rad
         64    9.997E-01,  7.672E-03, -2.276E-02         F               0         Tower X orientation angle, node 11, rad
         65   -6.683E-03,  9.990E-01,  4.325E-02         F               0         Tower Y orientation angle, node 11, rad
         66    2.307E-02, -4.308E-02,  9.988E-01         F               0         Tower Z orientation angle, node 11, rad
         67   -6.143E-04                                 F               0         Tower X translation velocity, node 1, m/s
         68    8.941E-07                                 F               0         Tower Y translation velocity, node 1, m/s
         69   -4.006E-03                                 F               0         Tower Z translation velocity, node 1, m/s
         70   -6.212E-04                                 F               0         Tower X translation velocity, node 2, m/s
         71    1.448E-06                                 F               0         Tower Y translation velocity, node 2, m/s
         72   -4.006E-03                                 F               0         Tower Z translation velocity, node 2, m/s
         73   -6.504E-04                                 F               0         Tower X translation velocity, node 3, m/s
         74    1.868E-06                                 F               0         Tower Y translation velocity, node 3, m/s
         75   -4.005E-03                                 F               0         Tower Z translation velocity, node 3, m/s
         76   -6.993E-04                                 F               0         Tower X translation velocity, node 4, m/s
         77    2.162E-06                                 F               0         Tower Y translation velocity, node 4, m/s
         78   -4.004E-03                                 F               0         Tower Z translation velocity, node 4, m/s
         79   -7.673E-04                                 F               0         Tower X translation velocity, node 5, m/s
         80    2.332E-06                                 F               0         Tower Y translation velocity, node 5, m/s
         81   -4.003E-03                                 F               0         Tower Z translation velocity, node 5, m/s
         82   -8.531E-04                                 F               0         Tower X translation velocity, node 6, m/s
         83    2.379E-06                                 F               0         Tower Y translation velocity, node 6, m/s
         84   -4.001E-03                                 F               0         Tower Z translation velocity, node 6, m/s
         85   -9.541E-04                                 F               0         Tower X translation velocity, node 7, m/s
         86    2.319E-06                                 F               0         Tower Y translation velocity, node 7, m/s
         87   -3.999E-03                                 F               0         Tower Z translation velocity, node 7, m/s
         88   -1.070E-03                                 F               0         Tower X translation velocity, node 8, m/s
         89    2.153E-06                                 F               0         Tower Y translation velocity, node 8, m/s
         90   -3.996E-03                                 F               0         Tower Z translation velocity, node 8, m/s
         91   -1.198E-03                                 F               0         Tower X translation velocity, node 9, m/s
         92    1.898E-06                                 F               0         Tower Y translation velocity, node 9, m/s
         93   -3.993E-03                                 F               0         Tower Z translation velocity, node 9, m/s
         94   -1.335E-03                                 F               0         Tower X translation velocity, node 10, m/s
         95    1.574E-06                                 F               0         Tower Y translation velocity, node 10, m/s
         96   -3.990E-03                                 F               0         Tower Z translation velocity, node 10, m/s
         97   -1.479E-03                                 F               0         Tower X translation velocity, node 11, m/s
         98    1.204E-06                                 F               0         Tower Y translation velocity, node 11, m/s
         99   -3.987E-03                                 F               0         Tower Z translation velocity, node 11, m/s
        100    1.140E+01                                 F               0         Hub X translation displacement, node 1, m
        101   -7.100E+00                                 F               0         Hub Y translation displacement, node 1, m
        102    1.793E-02                                 F               0         Hub Z translation displacement, node 1, m
        103    9.918E-01,  1.213E-02, -1.270E-01         F               0         Hub X orientation angle, node 1, rad
        104    5.660E-02, -9.340E-01,  3.526E-01         F               0         Hub Y orientation angle, node 1, rad
        105   -1.144E-01, -3.569E-01, -9.271E-01         F               0         Hub Z orientation angle, node 1, rad
        106    8.864E-01                                 F               0         Hub X rotation velocity, node 1, rad/s
        107    1.083E-02                                 F               0         Hub Y rotation velocity, node 1, rad/s
        108   -1.135E-01                                 F               0         Hub Z rotation velocity, node 1, rad/s
        109    9.897E-01,  3.984E-02, -1.374E-01         F               0         Blade root 1 X orientation angle, node 1, rad
        110    8.599E-02, -9.333E-01,  3.487E-01         F               0         Blade root 1 Y orientation angle, node 1, rad
        111   -1.144E-01, -3.569E-01, -9.271E-01         F               0         Blade root 1 Z orientation angle, node 1, rad
        112    9.952E-01,  7.444E-03, -9.793E-02         F               0         Blade root 2 X orientation angle, node 1, rad
        113   -9.787E-02,  1.582E-01, -9.825E-01         F               0         Blade root 2 Y orientation angle, node 1, rad
        114    8.178E-03,  9.874E-01,  1.582E-01         F               0         Blade root 2 Z orientation angle, node 1, rad
        115    9.893E-01, -1.090E-02, -1.456E-01         F               0         Blade root 3 X orientation angle, node 1, rad
        116    1.002E-01,  7.762E-01,  6.225E-01         F               0         Blade root 3 Y orientation angle, node 1, rad
        117    1.062E-01, -6.304E-01,  7.689E-01         F               0         Blade root 3 Z orientation angle, node 1, rad
        118    1.019E+01                                 F               0         Blade 1 X translation displacement, node 1, m
        119   -9.077E+00                                 F               0         Blade 1 Y translation displacement, node 1, m
        120   -1.063E+01                                 F               0         Blade 1 Z translation displacement, node 1, m
        121    9.893E+00                                 F               0         Blade 1 X translation displacement, node 2, m
        122   -9.554E+00                                 F               0         Blade 1 Y translation displacement, node 2, m
        123   -1.319E+01                                 F               0         Blade 1 Z translation displacement, node 2, m
        124    5.920E+00                                 F               0         Blade 1 X translation displacement, node 3, m
        125   -1.603E+01                                 F               0         Blade 1 Y translation displacement, node 3, m
        126   -4.807E+01                                 F               0         Blade 1 Z translation displacement, node 3, m
        127    5.073E+00                                 F               0         Blade 1 X translation displacement, node 4, m
        128   -1.741E+01                                 F               0         Blade 1 Y translation displacement, node 4, m
        129   -5.551E+01                                 F               0         Blade 1 Z translation displacement, node 4, m
        130    4.226E+00                                 F               0         Blade 1 X translation displacement, node 5, m
        131   -1.879E+01                                 F               0         Blade 1 Y translation displacement, node 5, m
        132   -6.294E+01                                 F               0         Blade 1 Z translation displacement, node 5, m
        133    3.380E+00                                 F               0         Blade 1 X translation displacement, node 6, m
        134   -2.017E+01                                 F               0         Blade 1 Y translation displacement, node 6, m
        135   -7.037E+01                                 F               0         Blade 1 Z translation displacement, node 6, m
        136    2.533E+00                                 F               0         Blade 1 X translation displacement, node 7, m
        137   -2.156E+01                                 F               0         Blade 1 Y translation displacement, node 7, m
        138   -7.780E+01                                 F               0         Blade 1 Z translation displacement, node 7, m
        139    1.686E+00                                 F               0         Blade 1 X translation displacement, node 8, m
        140   -2.294E+01                                 F               0         Blade 1 Y translation displacement, node 8, m
        141   -8.524E+01                                 F               0         Blade 1 Z translation displacement, node 8, m
        142    8.396E-01                                 F               0         Blade 1 X translation displacement, node 9, m
        143   -2.432E+01                                 F               0         Blade 1 Y translation displacement, node 9, m
        144   -9.267E+01                                 F               0         Blade 1 Z translation displacement, node 9, m
        145   -7.032E-03                                 F               0         Blade 1 X translation displacement, node 10, m
        146   -2.570E+01                                 F               0         Blade 1 Y translation displacement, node 10, m
        147   -1.001E+02                                 F               0         Blade 1 Z translation displacement, node 10, m
        148   -8.537E-01                                 F               0         Blade 1 X translation displacement, node 11, m
        149   -2.708E+01                                 F               0         Blade 1 Y translation displacement, node 11, m
        150   -1.075E+02                                 F               0         Blade 1 Z translation displacement, node 11, m
        151   -1.700E+00                                 F               0         Blade 1 X translation displacement, node 12, m
        152   -2.846E+01                                 F               0         Blade 1 Y translation displacement, node 12, m
        153   -1.150E+02                                 F               0         Blade 1 Z translation displacement, node 12, m
        154   -2.547E+00                                 F               0         Blade 1 X translation displacement, node 13, m
        155   -2.984E+01                                 F               0         Blade 1 Y translation displacement, node 13, m
        156   -1.224E+02                                 F               0         Blade 1 Z translation displacement, node 13, m
        157   -3.394E+00                                 F               0         Blade 1 X translation displacement, node 14, m
        158   -3.122E+01                                 F               0         Blade 1 Y translation displacement, node 14, m
        159   -1.298E+02                                 F               0         Blade 1 Z translation displacement, node 14, m
        160   -4.241E+00                                 F               0         Blade 1 X translation displacement, node 15, m
        161   -3.260E+01                                 F               0         Blade 1 Y translation displacement, node 15, m
        162   -1.373E+02                                 F               0         Blade 1 Z translation displacement, node 15, m
        163   -5.087E+00                                 F               0         Blade 1 X translation displacement, node 16, m
        164   -3.398E+01                                 F               0         Blade 1 Y translation displacement, node 16, m
        165   -1.447E+02                                 F               0         Blade 1 Z translation displacement, node 16, m
        166   -5.934E+00                                 F               0         Blade 1 X translation displacement, node 17, m
        167   -3.536E+01                                 F               0         Blade 1 Y translation displacement, node 17, m
        168   -1.521E+02                                 F               0         Blade 1 Z translation displacement, node 17, m
        169   -6.780E+00                                 F               0         Blade 1 X translation displacement, node 18, m
        170   -3.674E+01                                 F               0         Blade 1 Y translation displacement, node 18, m
        171   -1.596E+02                                 F               0         Blade 1 Z translation displacement, node 18, m
        172   -7.627E+00                                 F               0         Blade 1 X translation displacement, node 19, m
        173   -3.812E+01                                 F               0         Blade 1 Y translation displacement, node 19, m
        174   -1.670E+02                                 F               0         Blade 1 Z translation displacement, node 19, m
        175   -8.474E+00                                 F               0         Blade 1 X translation displacement, node 20, m
        176   -3.950E+01                                 F               0         Blade 1 Y translation displacement, node 20, m
        177   -1.744E+02                                 F               0         Blade 1 Z translation displacement, node 20, m
        178   -9.320E+00                                 F               0         Blade 1 X translation displacement, node 21, m
        179   -4.088E+01                                 F               0         Blade 1 Y translation displacement, node 21, m
        180   -1.819E+02                                 F               0         Blade 1 Z translation displacement, node 21, m
        181   -1.017E+01                                 F               0         Blade 1 X translation displacement, node 22, m
        182   -4.226E+01                                 F               0         Blade 1 Y translation displacement, node 22, m
        183   -1.893E+02                                 F               0         Blade 1 Z translation displacement, node 22, m
        184   -1.101E+01                                 F               0         Blade 1 X translation displacement, node 23, m
        185   -4.364E+01                                 F               0         Blade 1 Y translation displacement, node 23, m
        186   -1.967E+02                                 F               0         Blade 1 Z translation displacement, node 23, m
        187   -1.186E+01                                 F               0         Blade 1 X translation displacement, node 24, m
        188   -4.503E+01                                 F               0         Blade 1 Y translation displacement, node 24, m
        189   -2.042E+02                                 F               0         Blade 1 Z translation displacement, node 24, m
        190   -1.271E+01                                 F               0         Blade 1 X translation displacement, node 25, m
        191   -4.641E+01                                 F               0         Blade 1 Y translation displacement, node 25, m
        192   -2.116E+02                                 F               0         Blade 1 Z translation displacement, node 25, m
        193   -1.355E+01                                 F               0         Blade 1 X translation displacement, node 26, m
        194   -4.779E+01                                 F               0         Blade 1 Y translation displacement, node 26, m
        195   -2.190E+02                                 F               0         Blade 1 Z translation displacement, node 26, m
        196   -1.440E+01                                 F               0         Blade 1 X translation displacement, node 27, m
        197   -4.917E+01                                 F               0         Blade 1 Y translation displacement, node 27, m
        198   -2.264E+02                                 F               0         Blade 1 Z translation displacement, node 27, m
        199   -1.512E+01                                 F               0         Blade 1 X translation displacement, node 28, m
        200   -5.034E+01                                 F               0         Blade 1 Y translation displacement, node 28, m
        201   -2.327E+02                                 F               0         Blade 1 Z translation displacement, node 28, m
        202    8.416E-01,  4.610E-01, -2.813E-01         F               0         Blade 1 X orientation angle, node 1, rad
        203    5.279E-01, -8.124E-01,  2.477E-01         F               0         Blade 1 Y orientation angle, node 1, rad
        204   -1.144E-01, -3.569E-01, -9.271E-01         F               0         Blade 1 Z orientation angle, node 1, rad
        205    8.416E-01,  4.610E-01, -2.813E-01         F               0         Blade 1 X orientation angle, node 2, rad
        206    5.279E-01, -8.124E-01,  2.477E-01         F               0         Blade 1 Y orientation angle, node 2, rad
        207   -1.144E-01, -3.569E-01, -9.271E-01         F               0         Blade 1 Z orientation angle, node 2, rad
        208    9.427E-01,  2.554E-01, -2.146E-01         F               0         Blade 1 X orientation angle, node 3, rad
        209    3.133E-01, -8.985E-01,  3.073E-01         F               0         Blade 1 Y orientation angle, node 3, rad
        210   -1.144E-01, -3.569E-01, -9.271E-01         F               0         Blade 1 Z orientation angle, node 3, rad
        211    9.551E-01,  2.172E-01, -2.015E-01         F               0         Blade 1 X orientation angle, node 4, rad
        212    2.733E-01, -9.085E-01,  3.161E-01         F               0         Blade 1 Y orientation angle, node 4, rad
        213   -1.144E-01, -3.569E-01, -9.271E-01         F               0         Blade 1 Z orientation angle, node 4, rad
        214    9.637E-01,  1.869E-01, -1.909E-01         F               0         Blade 1 X orientation angle, node 5, rad
        215    2.414E-01, -9.152E-01,  3.226E-01         F               0         Blade 1 Y orientation angle, node 5, rad
        216   -1.144E-01, -3.569E-01, -9.271E-01         F               0         Blade 1 Z orientation angle, node 5, rad
        217    9.697E-01,  1.626E-01, -1.822E-01         F               0         Blade 1 X orientation angle, node 6, rad
        218    2.158E-01, -9.199E-01,  3.275E-01         F               0         Blade 1 Y orientation angle, node 6, rad
        219   -1.144E-01, -3.569E-01, -9.271E-01         F               0         Blade 1 Z orientation angle, node 6, rad
        220    9.742E-01,  1.425E-01, -1.751E-01         F               0         Blade 1 X orientation angle, node 7, rad
        221    1.946E-01, -9.232E-01,  3.314E-01         F               0         Blade 1 Y orientation angle, node 7, rad
        222   -1.144E-01, -3.569E-01, -9.271E-01         F               0         Blade 1 Z orientation angle, node 7, rad
        223    9.776E-01,  1.257E-01, -1.690E-01         F               0         Blade 1 X orientation angle, node 8, rad
        224    1.769E-01, -9.256E-01,  3.346E-01         F               0         Blade 1 Y orientation angle, node 8, rad
        225   -1.144E-01, -3.569E-01, -9.271E-01         F               0         Blade 1 Z orientation angle, node 8, rad
        226    9.802E-01,  1.115E-01, -1.639E-01         F               0         Blade 1 X orientation angle, node 9, rad
        227    1.618E-01, -9.274E-01,  3.371E-01         F               0         Blade 1 Y orientation angle, node 9, rad
        228   -1.144E-01, -3.569E-01, -9.271E-01         F               0         Blade 1 Z orientation angle, node 9, rad
        229    9.822E-01,  9.917E-02, -1.594E-01         F               0         Blade 1 X orientation angle, node 10, rad
        230    1.488E-01, -9.288E-01,  3.393E-01         F               0         Blade 1 Y orientation angle, node 10, rad
        231   -1.144E-01, -3.569E-01, -9.271E-01         F               0         Blade 1 Z orientation angle, node 10, rad
        232    9.839E-01,  8.863E-02, -1.555E-01         F               0         Blade 1 X orientation angle, node 11, rad
        233    1.377E-01, -9.299E-01,  3.410E-01         F               0         Blade 1 Y orientation angle, node 11, rad
        234   -1.144E-01, -3.569E-01, -9.271E-01         F               0         Blade 1 Z orientation angle, node 11, rad
        235    9.852E-01,  7.937E-02, -1.521E-01         F               0         Blade 1 X orientation angle, node 12, rad
        236    1.279E-01, -9.307E-01,  3.426E-01         F               0         Blade 1 Y orientation angle, node 12, rad
        237   -1.144E-01, -3.569E-01, -9.271E-01         F               0         Blade 1 Z orientation angle, node 12, rad
        238    9.863E-01,  7.125E-02, -1.491E-01         F               0         Blade 1 X orientation angle, node 13, rad
        239    1.193E-01, -9.314E-01,  3.439E-01         F               0         Blade 1 Y orientation angle, node 13, rad
        240   -1.144E-01, -3.569E-01, -9.271E-01         F               0         Blade 1 Z orientation angle, node 13, rad
        241    9.872E-01,  6.393E-02, -1.464E-01         F               0         Blade 1 X orientation angle, node 14, rad
        242    1.115E-01, -9.319E-01,  3.451E-01         F               0         Blade 1 Y orientation angle, node 14, rad
        243   -1.144E-01, -3.569E-01, -9.271E-01         F               0         Blade 1 Z orientation angle, node 14, rad
        244    9.879E-01,  5.742E-02, -1.440E-01         F               0         Blade 1 X orientation angle, node 15, rad
        245    1.046E-01, -9.324E-01,  3.461E-01         F               0         Blade 1 Y orientation angle, node 15, rad
        246   -1.144E-01, -3.569E-01, -9.271E-01         F               0         Blade 1 Z orientation angle, node 15, rad
        247    9.885E-01,  5.156E-02, -1.418E-01         F               0         Blade 1 X orientation angle, node 16, rad
        248    9.842E-02, -9.327E-01,  3.470E-01         F               0         Blade 1 Y orientation angle, node 16, rad
        249   -1.144E-01, -3.569E-01, -9.271E-01         F               0         Blade 1 Z orientation angle, node 16, rad
        250    9.891E-01,  4.635E-02, -1.399E-01         F               0         Blade 1 X orientation angle, node 17, rad
        251    9.290E-02, -9.330E-01,  3.477E-01         F               0         Blade 1 Y orientation angle, node 17, rad
        252   -1.144E-01, -3.569E-01, -9.271E-01         F               0         Blade 1 Z orientation angle, node 17, rad
        253    9.896E-01,  4.147E-02, -1.381E-01         F               0         Blade 1 X orientation angle, node 18, rad
        254    8.772E-02, -9.332E-01,  3.485E-01         F               0         Blade 1 Y orientation angle, node 18, rad
        255   -1.144E-01, -3.569E-01, -9.271E-01         F               0         Blade 1 Z orientation angle, node 18, rad
        256    9.900E-01,  3.707E-02, -1.364E-01         F               0         Blade 1 X orientation angle, node 19, rad
        257    8.306E-02, -9.334E-01,  3.491E-01         F               0         Blade 1 Y orientation angle, node 19, rad
        258   -1.144E-01, -3.569E-01, -9.271E-01         F               0         Blade 1 Z orientation angle, node 19, rad
        259    9.903E-01,  3.316E-02, -1.349E-01         F               0         Blade 1 X orientation angle, node 20, rad
        260    7.891E-02, -9.335E-01,  3.497E-01         F               0         Blade 1 Y orientation angle, node 20, rad
        261   -1.144E-01, -3.569E-01, -9.271E-01         F               0         Blade 1 Z orientation angle, node 20, rad
        262    9.906E-01,  2.941E-02, -1.335E-01         F               0         Blade 1 X orientation angle, node 21, rad
        263    7.493E-02, -9.337E-01,  3.502E-01         F               0         Blade 1 Y orientation angle, node 21, rad
        264   -1.144E-01, -3.569E-01, -9.271E-01         F               0         Blade 1 Z orientation angle, node 21, rad
        265    9.909E-01,  2.599E-02, -1.323E-01         F               0         Blade 1 X orientation angle, node 22, rad
        266    7.130E-02, -9.338E-01,  3.507E-01         F               0         Blade 1 Y orientation angle, node 22, rad
        267   -1.144E-01, -3.569E-01, -9.271E-01         F               0         Blade 1 Z orientation angle, node 22, rad
        268    9.911E-01,  2.289E-02, -1.311E-01         F               0         Blade 1 X orientation angle, node 23, rad
        269    6.802E-02, -9.338E-01,  3.512E-01         F               0         Blade 1 Y orientation angle, node 23, rad
        270   -1.144E-01, -3.569E-01, -9.271E-01         F               0         Blade 1 Z orientation angle, node 23, rad
        271    9.913E-01,  1.996E-02, -1.300E-01         F               0         Blade 1 X orientation angle, node 24, rad
        272    6.490E-02, -9.339E-01,  3.516E-01         F               0         Blade 1 Y orientation angle, node 24, rad
        273   -1.144E-01, -3.569E-01, -9.271E-01         F               0         Blade 1 Z orientation angle, node 24, rad
        274    9.915E-01,  1.719E-02, -1.289E-01         F               0         Blade 1 X orientation angle, node 25, rad
        275    6.196E-02, -9.340E-01,  3.519E-01         F               0         Blade 1 Y orientation angle, node 25, rad
        276   -1.144E-01, -3.569E-01, -9.271E-01         F               0         Blade 1 Z orientation angle, node 25, rad
        277    9.917E-01,  1.474E-02, -1.280E-01         F               0         Blade 1 X orientation angle, node 26, rad
        278    5.936E-02, -9.340E-01,  3.523E-01         F               0         Blade 1 Y orientation angle, node 26, rad
        279   -1.144E-01, -3.569E-01, -9.271E-01         F               0         Blade 1 Z orientation angle, node 26, rad
        280    9.918E-01,  1.230E-02, -1.271E-01         F               0         Blade 1 X orientation angle, node 27, rad
        281    5.677E-02, -9.340E-01,  3.526E-01         F               0         Blade 1 Y orientation angle, node 27, rad
        282   -1.144E-01, -3.569E-01, -9.271E-01         F               0         Blade 1 Z orientation angle, node 27, rad
        283    9.919E-01,  1.099E-02, -1.266E-01         F               0         Blade 1 X orientation angle, node 28, rad
        284    5.538E-02, -9.341E-01,  3.528E-01         F               0         Blade 1 Y orientation angle, node 28, rad
        285   -1.144E-01, -3.569E-01, -9.271E-01         F               0         Blade 1 Z orientation angle, node 28, rad
        286   -2.817E-01                                 F               0         Blade 1 X translation velocity, node 1, m/s
        287    4.625E+00                                 F               0         Blade 1 Y translation velocity, node 1, m/s
        288   -1.750E+00                                 F               0         Blade 1 Z translation velocity, node 1, m/s
        289   -3.492E-01                                 F               0         Blade 1 X translation velocity, node 2, m/s
        290    5.739E+00                                 F               0         Blade 1 Y translation velocity, node 2, m/s
        291   -2.171E+00                                 F               0         Blade 1 Z translation velocity, node 2, m/s
        292   -1.267E+00                                 F               0         Blade 1 X translation velocity, node 3, m/s
        293    2.089E+01                                 F               0         Blade 1 Y translation velocity, node 3, m/s
        294   -7.892E+00                                 F               0         Blade 1 Z translation velocity, node 3, m/s
        295   -1.463E+00                                 F               0         Blade 1 X translation velocity, node 4, m/s
        296    2.412E+01                                 F               0         Blade 1 Y translation velocity, node 4, m/s
        297   -9.111E+00                                 F               0         Blade 1 Z translation velocity, node 4, m/s
        298   -1.658E+00                                 F               0         Blade 1 X translation velocity, node 5, m/s
        299    2.735E+01                                 F               0         Blade 1 Y translation velocity, node 5, m/s
        300   -1.033E+01                                 F               0         Blade 1 Z translation velocity, node 5, m/s
        301   -1.854E+00                                 F               0         Blade 1 X translation velocity, node 6, m/s
        302    3.058E+01                                 F               0         Blade 1 Y translation velocity, node 6, m/s
        303   -1.155E+01                                 F               0         Blade 1 Z translation velocity, node 6, m/s
        304   -2.050E+00                                 F               0         Blade 1 X translation velocity, node 7, m/s
        305    3.381E+01                                 F               0         Blade 1 Y translation velocity, node 7, m/s
        306   -1.277E+01                                 F               0         Blade 1 Z translation velocity, node 7, m/s
        307   -2.245E+00                                 F               0         Blade 1 X translation velocity, node 8, m/s
