
Linearized model: Predictions were generated on 06-Feb-2024 at 16:18:08 using OpenFAST, compiled as a 64-bit application using single precision at commit v3.5.1
 linked with  NWTC Subroutine Library; ElastoDyn; InflowWind; AeroDyn; ServoDyn; HydroDyn; MAP++ (<1.20.10>, <Oct-20-2023>)

Description from the FAST input file: CCT-9 Campign 4 model. Input files to be run with OpenFAST 3.5.0. GitHub branch from Lu Wang (https://github.com/luwang00/openfast/tree/dev) compiled on March 7, 2023.

Simulation information:
   Simulation time:                  1002.0000 s
   Rotor Speed:                         1.0421 rad/s
   Azimuth:                             3.5844 rad
   Wind Speed:                         12.0000 m/s
   Number of continuous states:         0
   Number of discrete states:           0
   Number of constraint states:         0
   Number of inputs:                 1746
   Number of outputs:                   4
   Jacobians included in this file?    No

Order of inputs:
     Column   Operating Point                     Rotating Frame? Derivative Order Description
   ---------- ---------------                     --------------- ---------------- -----------
          1    1.513E+01                                 F               0         Tower X translation displacement, node 1, m
          2   -1.423E+00                                 F               0         Tower Y translation displacement, node 1, m
          3   -4.963E-01                                 F               0         Tower Z translation displacement, node 1, m
          4    1.704E+01                                 F               0         Tower X translation displacement, node 2, m
          5   -2.004E+00                                 F               0         Tower Y translation displacement, node 2, m
          6   -6.590E-01                                 F               0         Tower Z translation displacement, node 2, m
          7    1.899E+01                                 F               0         Tower X translation displacement, node 3, m
          8   -2.591E+00                                 F               0         Tower Y translation displacement, node 3, m
          9   -8.273E-01                                 F               0         Tower Z translation displacement, node 3, m
         10    2.096E+01                                 F               0         Tower X translation displacement, node 4, m
         11   -3.182E+00                                 F               0         Tower Y translation displacement, node 4, m
         12   -1.000E+00                                 F               0         Tower Z translation displacement, node 4, m
         13    2.296E+01                                 F               0         Tower X translation displacement, node 5, m
         14   -3.777E+00                                 F               0         Tower Y translation displacement, node 5, m
         15   -1.177E+00                                 F               0         Tower Z translation displacement, node 5, m
         16    2.497E+01                                 F               0         Tower X translation displacement, node 6, m
         17   -4.375E+00                                 F               0         Tower Y translation displacement, node 6, m
         18   -1.356E+00                                 F               0         Tower Z translation displacement, node 6, m
         19    2.699E+01                                 F               0         Tower X translation displacement, node 7, m
         20   -4.975E+00                                 F               0         Tower Y translation displacement, node 7, m
         21   -1.538E+00                                 F               0         Tower Z translation displacement, node 7, m
         22    2.903E+01                                 F               0         Tower X translation displacement, node 8, m
         23   -5.578E+00                                 F               0         Tower Y translation displacement, node 8, m
         24   -1.722E+00                                 F               0         Tower Z translation displacement, node 8, m
         25    3.108E+01                                 F               0         Tower X translation displacement, node 9, m
         26   -6.182E+00                                 F               0         Tower Y translation displacement, node 9, m
         27   -1.908E+00                                 F               0         Tower Z translation displacement, node 9, m
         28    3.313E+01                                 F               0         Tower X translation displacement, node 10, m
         29   -6.787E+00                                 F               0         Tower Y translation displacement, node 10, m
         30   -2.094E+00                                 F               0         Tower Z translation displacement, node 10, m
         31    3.518E+01                                 F               0         Tower X translation displacement, node 11, m
         32   -7.393E+00                                 F               0         Tower Y translation displacement, node 11, m
         33   -2.281E+00                                 F               0         Tower Z translation displacement, node 11, m
         34    9.881E-01, -3.534E-03, -1.540E-01         F               0         Tower X orientation angle, node 1, rad
         35    1.070E-02,  9.989E-01,  4.576E-02         F               0         Tower Y orientation angle, node 1, rad
         36    1.537E-01, -4.686E-02,  9.870E-01         F               0         Tower Z orientation angle, node 1, rad
         37    9.877E-01, -3.411E-03, -1.566E-01         F               0         Tower X orientation angle, node 2, rad
         38    1.077E-02,  9.989E-01,  4.616E-02         F               0         Tower Y orientation angle, node 2, rad
         39    1.563E-01, -4.728E-02,  9.866E-01         F               0         Tower Z orientation angle, node 2, rad
         40    9.873E-01, -3.301E-03, -1.589E-01         F               0         Tower X orientation angle, node 3, rad
         41    1.083E-02,  9.989E-01,  4.653E-02         F               0         Tower Y orientation angle, node 3, rad
         42    1.585E-01, -4.766E-02,  9.862E-01         F               0         Tower Z orientation angle, node 3, rad
         43    9.870E-01, -3.206E-03, -1.608E-01         F               0         Tower X orientation angle, node 4, rad
         44    1.088E-02,  9.988E-01,  4.685E-02         F               0         Tower Y orientation angle, node 4, rad
         45    1.605E-01, -4.798E-02,  9.859E-01         F               0         Tower Z orientation angle, node 4, rad
         46    9.867E-01, -3.126E-03, -1.625E-01         F               0         Tower X orientation angle, node 5, rad
         47    1.092E-02,  9.988E-01,  4.712E-02         F               0         Tower Y orientation angle, node 5, rad
         48    1.621E-01, -4.827E-02,  9.856E-01         F               0         Tower Z orientation angle, node 5, rad
         49    9.865E-01, -3.061E-03, -1.638E-01         F               0         Tower X orientation angle, node 6, rad
         50    1.096E-02,  9.988E-01,  4.735E-02         F               0         Tower Y orientation angle, node 6, rad
         51    1.635E-01, -4.850E-02,  9.854E-01         F               0         Tower Z orientation angle, node 6, rad
         52    9.863E-01, -3.010E-03, -1.648E-01         F               0         Tower X orientation angle, node 7, rad
         53    1.099E-02,  9.988E-01,  4.753E-02         F               0         Tower Y orientation angle, node 7, rad
         54    1.645E-01, -4.869E-02,  9.852E-01         F               0         Tower Z orientation angle, node 7, rad
         55    9.862E-01, -2.972E-03, -1.656E-01         F               0         Tower X orientation angle, node 8, rad
         56    1.101E-02,  9.988E-01,  4.767E-02         F               0         Tower Y orientation angle, node 8, rad
         57    1.652E-01, -4.884E-02,  9.850E-01         F               0         Tower Z orientation angle, node 8, rad
         58    9.861E-01, -2.946E-03, -1.661E-01         F               0         Tower X orientation angle, node 9, rad
         59    1.103E-02,  9.988E-01,  4.778E-02         F               0         Tower Y orientation angle, node 9, rad
         60    1.658E-01, -4.894E-02,  9.849E-01         F               0         Tower Z orientation angle, node 9, rad
         61    9.860E-01, -2.929E-03, -1.665E-01         F               0         Tower X orientation angle, node 10, rad
         62    1.104E-02,  9.988E-01,  4.784E-02         F               0         Tower Y orientation angle, node 10, rad
         63    1.661E-01, -4.901E-02,  9.849E-01         F               0         Tower Z orientation angle, node 10, rad
         64    9.860E-01, -2.920E-03, -1.666E-01         F               0         Tower X orientation angle, node 11, rad
         65    1.105E-02,  9.988E-01,  4.788E-02         F               0         Tower Y orientation angle, node 11, rad
         66    1.663E-01, -4.905E-02,  9.849E-01         F               0         Tower Z orientation angle, node 11, rad
         67    2.580E-04                                 F               0         Tower X translation velocity, node 1, m/s
         68   -5.867E-04                                 F               0         Tower Y translation velocity, node 1, m/s
         69   -8.068E-04                                 F               0         Tower Z translation velocity, node 1, m/s
         70    2.955E-04                                 F               0         Tower X translation velocity, node 2, m/s
         71   -9.610E-04                                 F               0         Tower Y translation velocity, node 2, m/s
         72   -8.305E-04                                 F               0         Tower Z translation velocity, node 2, m/s
         73    3.093E-04                                 F               0         Tower X translation velocity, node 3, m/s
         74   -1.281E-03                                 F               0         Tower Y translation velocity, node 3, m/s
         75   -8.481E-04                                 F               0         Tower Z translation velocity, node 3, m/s
         76    3.050E-04                                 F               0         Tower X translation velocity, node 4, m/s
         77   -1.558E-03                                 F               0         Tower Y translation velocity, node 4, m/s
         78   -8.608E-04                                 F               0         Tower Z translation velocity, node 4, m/s
         79    2.853E-04                                 F               0         Tower X translation velocity, node 5, m/s
         80   -1.798E-03                                 F               0         Tower Y translation velocity, node 5, m/s
         81   -8.693E-04                                 F               0         Tower Z translation velocity, node 5, m/s
         82    2.530E-04                                 F               0         Tower X translation velocity, node 6, m/s
         83   -2.004E-03                                 F               0         Tower Y translation velocity, node 6, m/s
         84   -8.741E-04                                 F               0         Tower Z translation velocity, node 6, m/s
         85    2.115E-04                                 F               0         Tower X translation velocity, node 7, m/s
         86   -2.186E-03                                 F               0         Tower Y translation velocity, node 7, m/s
         87   -8.762E-04                                 F               0         Tower Z translation velocity, node 7, m/s
         88    1.620E-04                                 F               0         Tower X translation velocity, node 8, m/s
         89   -2.344E-03                                 F               0         Tower Y translation velocity, node 8, m/s
         90   -8.757E-04                                 F               0         Tower Z translation velocity, node 8, m/s
         91    1.068E-04                                 F               0         Tower X translation velocity, node 9, m/s
         92   -2.485E-03                                 F               0         Tower Y translation velocity, node 9, m/s
         93   -8.735E-04                                 F               0         Tower Z translation velocity, node 9, m/s
         94    4.770E-05                                 F               0         Tower X translation velocity, node 10, m/s
         95   -2.614E-03                                 F               0         Tower Y translation velocity, node 10, m/s
         96   -8.699E-04                                 F               0         Tower Z translation velocity, node 10, m/s
         97   -1.352E-05                                 F               0         Tower X translation velocity, node 11, m/s
         98   -2.735E-03                                 F               0         Tower Y translation velocity, node 11, m/s
         99   -8.656E-04                                 F               0         Tower Z translation velocity, node 11, m/s
        100    3.664E+01                                 F               0         Hub X translation displacement, node 1, m
        101   -7.747E+00                                 F               0         Hub Y translation displacement, node 1, m
        102   -6.004E-01                                 F               0         Hub Z translation displacement, node 1, m
        103    9.632E-01,  2.224E-03, -2.687E-01         F               0         Hub X orientation angle, node 1, rad
        104   -1.250E-01, -8.814E-01, -4.555E-01         F               0         Hub Y orientation angle, node 1, rad
        105   -2.378E-01,  4.723E-01, -8.487E-01         F               0         Hub Z orientation angle, node 1, rad
        106    1.004E+00                                 F               0         Hub X rotation velocity, node 1, rad/s
        107    2.312E-03                                 F               0         Hub Y rotation velocity, node 1, rad/s
        108   -2.800E-01                                 F               0         Hub Z rotation velocity, node 1, rad/s
        109    9.665E-01,  2.837E-02, -2.550E-01         F               0         Blade root 1 X orientation angle, node 1, rad
        110   -9.637E-02, -8.810E-01, -4.632E-01         F               0         Blade root 1 Y orientation angle, node 1, rad
        111   -2.378E-01,  4.723E-01, -8.487E-01         F               0         Blade root 1 Z orientation angle, node 1, rad
        112    9.671E-01, -2.299E-02, -2.535E-01         F               0         Blade root 2 X orientation angle, node 1, rad
        113   -1.148E-01,  8.494E-01, -5.151E-01         F               0         Blade root 2 Y orientation angle, node 1, rad
        114    2.272E-01,  5.272E-01,  8.188E-01         F               0         Blade root 2 Z orientation angle, node 1, rad
        115    9.548E-01,  1.282E-03, -2.971E-01         F               0         Blade root 3 X orientation angle, node 1, rad
        116    2.969E-01,  3.175E-02,  9.544E-01         F               0         Blade root 3 Y orientation angle, node 1, rad
        117    1.066E-02, -9.995E-01,  2.994E-02         F               0         Blade root 3 Z orientation angle, node 1, rad
        118    3.474E+01                                 F               0         Blade 1 X translation displacement, node 1, m
        119   -5.130E+00                                 F               0         Blade 1 Y translation displacement, node 1, m
        120   -1.081E+01                                 F               0         Blade 1 Z translation displacement, node 1, m
        121    3.428E+01                                 F               0         Blade 1 X translation displacement, node 2, m
        122   -4.500E+00                                 F               0         Blade 1 Y translation displacement, node 2, m
        123   -1.327E+01                                 F               0         Blade 1 Z translation displacement, node 2, m
        124    2.807E+01                                 F               0         Blade 1 X translation displacement, node 3, m
        125    4.074E+00                                 F               0         Blade 1 Y translation displacement, node 3, m
        126   -4.673E+01                                 F               0         Blade 1 Z translation displacement, node 3, m
        127    2.675E+01                                 F               0         Blade 1 X translation displacement, node 4, m
        128    5.900E+00                                 F               0         Blade 1 Y translation displacement, node 4, m
        129   -5.386E+01                                 F               0         Blade 1 Z translation displacement, node 4, m
        130    2.542E+01                                 F               0         Blade 1 X translation displacement, node 5, m
        131    7.727E+00                                 F               0         Blade 1 Y translation displacement, node 5, m
        132   -6.099E+01                                 F               0         Blade 1 Z translation displacement, node 5, m
        133    2.410E+01                                 F               0         Blade 1 X translation displacement, node 6, m
        134    9.554E+00                                 F               0         Blade 1 Y translation displacement, node 6, m
        135   -6.812E+01                                 F               0         Blade 1 Z translation displacement, node 6, m
        136    2.277E+01                                 F               0         Blade 1 X translation displacement, node 7, m
        137    1.138E+01                                 F               0         Blade 1 Y translation displacement, node 7, m
        138   -7.525E+01                                 F               0         Blade 1 Z translation displacement, node 7, m
        139    2.145E+01                                 F               0         Blade 1 X translation displacement, node 8, m
        140    1.321E+01                                 F               0         Blade 1 Y translation displacement, node 8, m
        141   -8.238E+01                                 F               0         Blade 1 Z translation displacement, node 8, m
        142    2.012E+01                                 F               0         Blade 1 X translation displacement, node 9, m
        143    1.503E+01                                 F               0         Blade 1 Y translation displacement, node 9, m
        144   -8.951E+01                                 F               0         Blade 1 Z translation displacement, node 9, m
        145    1.880E+01                                 F               0         Blade 1 X translation displacement, node 10, m
        146    1.686E+01                                 F               0         Blade 1 Y translation displacement, node 10, m
        147   -9.664E+01                                 F               0         Blade 1 Z translation displacement, node 10, m
        148    1.748E+01                                 F               0         Blade 1 X translation displacement, node 11, m
        149    1.869E+01                                 F               0         Blade 1 Y translation displacement, node 11, m
        150   -1.038E+02                                 F               0         Blade 1 Z translation displacement, node 11, m
        151    1.615E+01                                 F               0         Blade 1 X translation displacement, node 12, m
        152    2.051E+01                                 F               0         Blade 1 Y translation displacement, node 12, m
        153   -1.109E+02                                 F               0         Blade 1 Z translation displacement, node 12, m
        154    1.483E+01                                 F               0         Blade 1 X translation displacement, node 13, m
        155    2.234E+01                                 F               0         Blade 1 Y translation displacement, node 13, m
        156   -1.180E+02                                 F               0         Blade 1 Z translation displacement, node 13, m
        157    1.350E+01                                 F               0         Blade 1 X translation displacement, node 14, m
        158    2.417E+01                                 F               0         Blade 1 Y translation displacement, node 14, m
        159   -1.252E+02                                 F               0         Blade 1 Z translation displacement, node 14, m
        160    1.218E+01                                 F               0         Blade 1 X translation displacement, node 15, m
        161    2.599E+01                                 F               0         Blade 1 Y translation displacement, node 15, m
        162   -1.323E+02                                 F               0         Blade 1 Z translation displacement, node 15, m
        163    1.086E+01                                 F               0         Blade 1 X translation displacement, node 16, m
        164    2.782E+01                                 F               0         Blade 1 Y translation displacement, node 16, m
        165   -1.394E+02                                 F               0         Blade 1 Z translation displacement, node 16, m
        166    9.532E+00                                 F               0         Blade 1 X translation displacement, node 17, m
        167    2.965E+01                                 F               0         Blade 1 Y translation displacement, node 17, m
        168   -1.465E+02                                 F               0         Blade 1 Z translation displacement, node 17, m
        169    8.208E+00                                 F               0         Blade 1 X translation displacement, node 18, m
        170    3.147E+01                                 F               0         Blade 1 Y translation displacement, node 18, m
        171   -1.537E+02                                 F               0         Blade 1 Z translation displacement, node 18, m
        172    6.884E+00                                 F               0         Blade 1 X translation displacement, node 19, m
        173    3.330E+01                                 F               0         Blade 1 Y translation displacement, node 19, m
        174   -1.608E+02                                 F               0         Blade 1 Z translation displacement, node 19, m
        175    5.559E+00                                 F               0         Blade 1 X translation displacement, node 20, m
        176    3.513E+01                                 F               0         Blade 1 Y translation displacement, node 20, m
        177   -1.679E+02                                 F               0         Blade 1 Z translation displacement, node 20, m
        178    4.235E+00                                 F               0         Blade 1 X translation displacement, node 21, m
        179    3.695E+01                                 F               0         Blade 1 Y translation displacement, node 21, m
        180   -1.751E+02                                 F               0         Blade 1 Z translation displacement, node 21, m
        181    2.911E+00                                 F               0         Blade 1 X translation displacement, node 22, m
        182    3.878E+01                                 F               0         Blade 1 Y translation displacement, node 22, m
        183   -1.822E+02                                 F               0         Blade 1 Z translation displacement, node 22, m
        184    1.587E+00                                 F               0         Blade 1 X translation displacement, node 23, m
        185    4.061E+01                                 F               0         Blade 1 Y translation displacement, node 23, m
        186   -1.893E+02                                 F               0         Blade 1 Z translation displacement, node 23, m
        187    2.630E-01                                 F               0         Blade 1 X translation displacement, node 24, m
        188    4.243E+01                                 F               0         Blade 1 Y translation displacement, node 24, m
        189   -1.964E+02                                 F               0         Blade 1 Z translation displacement, node 24, m
        190   -1.061E+00                                 F               0         Blade 1 X translation displacement, node 25, m
        191    4.426E+01                                 F               0         Blade 1 Y translation displacement, node 25, m
        192   -2.036E+02                                 F               0         Blade 1 Z translation displacement, node 25, m
        193   -2.385E+00                                 F               0         Blade 1 X translation displacement, node 26, m
        194    4.609E+01                                 F               0         Blade 1 Y translation displacement, node 26, m
        195   -2.107E+02                                 F               0         Blade 1 Z translation displacement, node 26, m
        196   -3.709E+00                                 F               0         Blade 1 X translation displacement, node 27, m
        197    4.791E+01                                 F               0         Blade 1 Y translation displacement, node 27, m
        198   -2.178E+02                                 F               0         Blade 1 Z translation displacement, node 27, m
        199   -4.832E+00                                 F               0         Blade 1 X translation displacement, node 28, m
        200    4.946E+01                                 F               0         Blade 1 Y translation displacement, node 28, m
        201   -2.239E+02                                 F               0         Blade 1 Z translation displacement, node 28, m
        202    9.041E-01,  4.270E-01, -1.574E-02         F               0         Blade 1 X orientation angle, node 1, rad
        203    3.550E-01, -7.711E-01, -5.286E-01         F               0         Blade 1 Y orientation angle, node 1, rad
        204   -2.378E-01,  4.723E-01, -8.487E-01         F               0         Blade 1 Z orientation angle, node 1, rad
        205    9.041E-01,  4.270E-01, -1.574E-02         F               0         Blade 1 X orientation angle, node 2, rad
        206    3.550E-01, -7.711E-01, -5.286E-01         F               0         Blade 1 Y orientation angle, node 2, rad
        207   -2.378E-01,  4.723E-01, -8.487E-01         F               0         Blade 1 Z orientation angle, node 2, rad
        208    9.625E-01,  2.321E-01, -1.406E-01         F               0         Blade 1 X orientation angle, node 3, rad
        209    1.306E-01, -8.503E-01, -5.098E-01         F               0         Blade 1 Y orientation angle, node 3, rad
        210   -2.378E-01,  4.723E-01, -8.487E-01         F               0         Blade 1 Z orientation angle, node 3, rad
        211    9.671E-01,  1.959E-01, -1.620E-01         F               0         Blade 1 X orientation angle, node 4, rad
        212    8.982E-02, -8.594E-01, -5.034E-01         F               0         Blade 1 Y orientation angle, node 4, rad
        213   -2.378E-01,  4.723E-01, -8.487E-01         F               0         Blade 1 Z orientation angle, node 4, rad
        214    9.696E-01,  1.673E-01, -1.786E-01         F               0         Blade 1 X orientation angle, node 5, rad
        215    5.770E-02, -8.654E-01, -4.977E-01         F               0         Blade 1 Y orientation angle, node 5, rad
        216   -2.378E-01,  4.723E-01, -8.487E-01         F               0         Blade 1 Z orientation angle, node 5, rad
        217    9.708E-01,  1.443E-01, -1.917E-01         F               0         Blade 1 X orientation angle, node 6, rad
        218    3.196E-02, -8.695E-01, -4.928E-01         F               0         Blade 1 Y orientation angle, node 6, rad
        219   -2.378E-01,  4.723E-01, -8.487E-01         F               0         Blade 1 Z orientation angle, node 6, rad
        220    9.712E-01,  1.253E-01, -2.024E-01         F               0         Blade 1 X orientation angle, node 7, rad
        221    1.078E-02, -8.725E-01, -4.885E-01         F               0         Blade 1 Y orientation angle, node 7, rad
        222   -2.378E-01,  4.723E-01, -8.487E-01         F               0         Blade 1 Z orientation angle, node 7, rad
        223    9.713E-01,  1.095E-01, -2.112E-01         F               0         Blade 1 X orientation angle, node 8, rad
        224   -6.852E-03, -8.746E-01, -4.848E-01         F               0         Blade 1 Y orientation angle, node 8, rad
        225   -2.378E-01,  4.723E-01, -8.487E-01         F               0         Blade 1 Z orientation angle, node 8, rad
        226    9.711E-01,  9.603E-02, -2.187E-01         F               0         Blade 1 X orientation angle, node 9, rad
        227   -2.177E-02, -8.762E-01, -4.815E-01         F               0         Blade 1 Y orientation angle, node 9, rad
        228   -2.378E-01,  4.723E-01, -8.487E-01         F               0         Blade 1 Z orientation angle, node 9, rad
        229    9.707E-01,  8.440E-02, -2.250E-01         F               0         Blade 1 X orientation angle, node 10, rad
        230   -3.465E-02, -8.774E-01, -4.785E-01         F               0         Blade 1 Y orientation angle, node 10, rad
        231   -2.378E-01,  4.723E-01, -8.487E-01         F               0         Blade 1 Z orientation angle, node 10, rad
        232    9.702E-01,  7.444E-02, -2.304E-01         F               0         Blade 1 X orientation angle, node 11, rad
        233   -4.566E-02, -8.783E-01, -4.759E-01         F               0         Blade 1 Y orientation angle, node 11, rad
        234   -2.378E-01,  4.723E-01, -8.487E-01         F               0         Blade 1 Z orientation angle, node 11, rad
        235    9.697E-01,  6.570E-02, -2.352E-01         F               0         Blade 1 X orientation angle, node 12, rad
        236   -5.531E-02, -8.790E-01, -4.736E-01         F               0         Blade 1 Y orientation angle, node 12, rad
        237   -2.378E-01,  4.723E-01, -8.487E-01         F               0         Blade 1 Z orientation angle, node 12, rad
        238    9.692E-01,  5.803E-02, -2.393E-01         F               0         Blade 1 X orientation angle, node 13, rad
        239   -6.377E-02, -8.795E-01, -4.716E-01         F               0         Blade 1 Y orientation angle, node 13, rad
        240   -2.378E-01,  4.723E-01, -8.487E-01         F               0         Blade 1 Z orientation angle, node 13, rad
        241    9.687E-01,  5.112E-02, -2.430E-01         F               0         Blade 1 X orientation angle, node 14, rad
        242   -7.138E-02, -8.800E-01, -4.697E-01         F               0         Blade 1 Y orientation angle, node 14, rad
        243   -2.378E-01,  4.723E-01, -8.487E-01         F               0         Blade 1 Z orientation angle, node 14, rad
        244    9.682E-01,  4.497E-02, -2.463E-01         F               0         Blade 1 X orientation angle, node 15, rad
        245   -7.814E-02, -8.803E-01, -4.680E-01         F               0         Blade 1 Y orientation angle, node 15, rad
        246   -2.378E-01,  4.723E-01, -8.487E-01         F               0         Blade 1 Z orientation angle, node 15, rad
        247    9.676E-01,  3.944E-02, -2.492E-01         F               0         Blade 1 X orientation angle, node 16, rad
        248   -8.422E-02, -8.806E-01, -4.664E-01         F               0         Blade 1 Y orientation angle, node 16, rad
        249   -2.378E-01,  4.723E-01, -8.487E-01         F               0         Blade 1 Z orientation angle, node 16, rad
        250    9.672E-01,  3.452E-02, -2.518E-01         F               0         Blade 1 X orientation angle, node 17, rad
        251   -8.962E-02, -8.808E-01, -4.650E-01         F               0         Blade 1 Y orientation angle, node 17, rad
        252   -2.378E-01,  4.723E-01, -8.487E-01         F               0         Blade 1 Z orientation angle, node 17, rad
        253    9.667E-01,  2.991E-02, -2.542E-01         F               0         Blade 1 X orientation angle, node 18, rad
        254   -9.469E-02, -8.809E-01, -4.637E-01         F               0         Blade 1 Y orientation angle, node 18, rad
        255   -2.378E-01,  4.723E-01, -8.487E-01         F               0         Blade 1 Z orientation angle, node 18, rad
        256    9.662E-01,  2.576E-02, -2.564E-01         F               0         Blade 1 X orientation angle, node 19, rad
        257   -9.924E-02, -8.811E-01, -4.625E-01         F               0         Blade 1 Y orientation angle, node 19, rad
        258   -2.378E-01,  4.723E-01, -8.487E-01         F               0         Blade 1 Z orientation angle, node 19, rad
        259    9.658E-01,  2.207E-02, -2.583E-01         F               0         Blade 1 X orientation angle, node 20, rad
        260   -1.033E-01, -8.812E-01, -4.614E-01         F               0         Blade 1 Y orientation angle, node 20, rad
        261   -2.378E-01,  4.723E-01, -8.487E-01         F               0         Blade 1 Z orientation angle, node 20, rad
        262    9.654E-01,  1.853E-02, -2.602E-01         F               0         Blade 1 X orientation angle, node 21, rad
        263   -1.072E-01, -8.812E-01, -4.604E-01         F               0         Blade 1 Y orientation angle, node 21, rad
        264   -2.378E-01,  4.723E-01, -8.487E-01         F               0         Blade 1 Z orientation angle, node 21, rad
        265    9.650E-01,  1.530E-02, -2.619E-01         F               0         Blade 1 X orientation angle, node 22, rad
        266   -1.107E-01, -8.813E-01, -4.594E-01         F               0         Blade 1 Y orientation angle, node 22, rad
        267   -2.378E-01,  4.723E-01, -8.487E-01         F               0         Blade 1 Z orientation angle, node 22, rad
        268    9.646E-01,  1.238E-02, -2.634E-01         F               0         Blade 1 X orientation angle, node 23, rad
        269   -1.139E-01, -8.814E-01, -4.585E-01         F               0         Blade 1 Y orientation angle, node 23, rad
        270   -2.378E-01,  4.723E-01, -8.487E-01         F               0         Blade 1 Z orientation angle, node 23, rad
        271    9.642E-01,  9.608E-03, -2.648E-01         F               0         Blade 1 X orientation angle, node 24, rad
        272   -1.169E-01, -8.814E-01, -4.577E-01         F               0         Blade 1 Y orientation angle, node 24, rad
        273   -2.378E-01,  4.723E-01, -8.487E-01         F               0         Blade 1 Z orientation angle, node 24, rad
        274    9.639E-01,  6.993E-03, -2.662E-01         F               0         Blade 1 X orientation angle, node 25, rad
        275   -1.198E-01, -8.814E-01, -4.569E-01         F               0         Blade 1 Y orientation angle, node 25, rad
        276   -2.378E-01,  4.723E-01, -8.487E-01         F               0         Blade 1 Z orientation angle, node 25, rad
        277    9.636E-01,  4.685E-03, -2.674E-01         F               0         Blade 1 X orientation angle, node 26, rad
        278   -1.223E-01, -8.814E-01, -4.562E-01         F               0         Blade 1 Y orientation angle, node 26, rad
        279   -2.378E-01,  4.723E-01, -8.487E-01         F               0         Blade 1 Z orientation angle, node 26, rad
        280    9.633E-01,  2.377E-03, -2.686E-01         F               0         Blade 1 X orientation angle, node 27, rad
        281   -1.248E-01, -8.814E-01, -4.555E-01         F               0         Blade 1 Y orientation angle, node 27, rad
        282   -2.378E-01,  4.723E-01, -8.487E-01         F               0         Blade 1 Z orientation angle, node 27, rad
        283    9.631E-01,  1.147E-03, -2.692E-01         F               0         Blade 1 X orientation angle, node 28, rad
        284   -1.262E-01, -8.814E-01, -4.551E-01         F               0         Blade 1 Y orientation angle, node 28, rad
        285   -2.378E-01,  4.723E-01, -8.487E-01         F               0         Blade 1 Z orientation angle, node 28, rad
        286    7.216E-01                                 F               0         Blade 1 X translation velocity, node 1, m/s
        287    5.086E+00                                 F               0         Blade 1 Y translation velocity, node 1, m/s
        288    2.629E+00                                 F               0         Blade 1 Z translation velocity, node 1, m/s
        289    8.955E-01                                 F               0         Blade 1 X translation velocity, node 2, m/s
        290    6.312E+00                                 F               0         Blade 1 Y translation velocity, node 2, m/s
        291    3.262E+00                                 F               0         Blade 1 Z translation velocity, node 2, m/s
        292    3.260E+00                                 F               0         Blade 1 X translation velocity, node 3, m/s
        293    2.299E+01                                 F               0         Blade 1 Y translation velocity, node 3, m/s
        294    1.188E+01                                 F               0         Blade 1 Z translation velocity, node 3, m/s
        295    3.764E+00                                 F               0         Blade 1 X translation velocity, node 4, m/s
        296    2.654E+01                                 F               0         Blade 1 Y translation velocity, node 4, m/s
        297    1.371E+01                                 F               0         Blade 1 Z translation velocity, node 4, m/s
        298    4.268E+00                                 F               0         Blade 1 X translation velocity, node 5, m/s
        299    3.009E+01                                 F               0         Blade 1 Y translation velocity, node 5, m/s
        300    1.555E+01                                 F               0         Blade 1 Z translation velocity, node 5, m/s
        301    4.772E+00                                 F               0         Blade 1 X translation velocity, node 6, m/s
        302    3.364E+01                                 F               0         Blade 1 Y translation velocity, node 6, m/s
        303    1.739E+01                                 F               0         Blade 1 Z translation velocity, node 6, m/s
        304    5.275E+00                                 F               0         Blade 1 X translation velocity, node 7, m/s
        305    3.720E+01                                 F               0         Blade 1 Y translation velocity, node 7, m/s
        306    1.922E+01                                 F               0         Blade 1 Z translation velocity, node 7, m/s
        307    5.779E+00                                 F               0         Blade 1 X translation velocity, node 8, m/s
