
Linearized model: Predictions were generated on 06-Feb-2024 at 16:18:08 using OpenFAST, compiled as a 64-bit application using single precision at commit v3.5.1
 linked with  NWTC Subroutine Library; ElastoDyn; InflowWind; AeroDyn; ServoDyn; HydroDyn; MAP++ (<1.20.10>, <Oct-20-2023>)

Description from the FAST input file: CCT-9 Campign 4 model. Input files to be run with OpenFAST 3.5.0. GitHub branch from Lu Wang (https://github.com/luwang00/openfast/tree/dev) compiled on March 7, 2023.

Simulation information:
   Simulation time:                  1001.0000 s
   Rotor Speed:                         1.0420 rad/s
   Azimuth:                             2.5424 rad
   Wind Speed:                         12.0000 m/s
   Number of continuous states:         0
   Number of discrete states:           0
   Number of constraint states:         0
   Number of inputs:                 1746
   Number of outputs:                   4
   Jacobians included in this file?    No

Order of inputs:
     Column   Operating Point                     Rotating Frame? Derivative Order Description
   ---------- ---------------                     --------------- ---------------- -----------
          1    1.513E+01                                 F               0         Tower X translation displacement, node 1, m
          2   -1.423E+00                                 F               0         Tower Y translation displacement, node 1, m
          3   -4.948E-01                                 F               0         Tower Z translation displacement, node 1, m
          4    1.704E+01                                 F               0         Tower X translation displacement, node 2, m
          5   -2.004E+00                                 F               0         Tower Y translation displacement, node 2, m
          6   -6.575E-01                                 F               0         Tower Z translation displacement, node 2, m
          7    1.899E+01                                 F               0         Tower X translation displacement, node 3, m
          8   -2.591E+00                                 F               0         Tower Y translation displacement, node 3, m
          9   -8.258E-01                                 F               0         Tower Z translation displacement, node 3, m
         10    2.096E+01                                 F               0         Tower X translation displacement, node 4, m
         11   -3.182E+00                                 F               0         Tower Y translation displacement, node 4, m
         12   -9.986E-01                                 F               0         Tower Z translation displacement, node 4, m
         13    2.296E+01                                 F               0         Tower X translation displacement, node 5, m
         14   -3.776E+00                                 F               0         Tower Y translation displacement, node 5, m
         15   -1.175E+00                                 F               0         Tower Z translation displacement, node 5, m
         16    2.497E+01                                 F               0         Tower X translation displacement, node 6, m
         17   -4.374E+00                                 F               0         Tower Y translation displacement, node 6, m
         18   -1.355E+00                                 F               0         Tower Z translation displacement, node 6, m
         19    2.699E+01                                 F               0         Tower X translation displacement, node 7, m
         20   -4.974E+00                                 F               0         Tower Y translation displacement, node 7, m
         21   -1.537E+00                                 F               0         Tower Z translation displacement, node 7, m
         22    2.903E+01                                 F               0         Tower X translation displacement, node 8, m
         23   -5.577E+00                                 F               0         Tower Y translation displacement, node 8, m
         24   -1.721E+00                                 F               0         Tower Z translation displacement, node 8, m
         25    3.108E+01                                 F               0         Tower X translation displacement, node 9, m
         26   -6.181E+00                                 F               0         Tower Y translation displacement, node 9, m
         27   -1.906E+00                                 F               0         Tower Z translation displacement, node 9, m
         28    3.313E+01                                 F               0         Tower X translation displacement, node 10, m
         29   -6.786E+00                                 F               0         Tower Y translation displacement, node 10, m
         30   -2.093E+00                                 F               0         Tower Z translation displacement, node 10, m
         31    3.518E+01                                 F               0         Tower X translation displacement, node 11, m
         32   -7.392E+00                                 F               0         Tower Y translation displacement, node 11, m
         33   -2.280E+00                                 F               0         Tower Z translation displacement, node 11, m
         34    9.881E-01, -3.536E-03, -1.540E-01         F               0         Tower X orientation angle, node 1, rad
         35    1.070E-02,  9.989E-01,  4.574E-02         F               0         Tower Y orientation angle, node 1, rad
         36    1.537E-01, -4.685E-02,  9.870E-01         F               0         Tower Z orientation angle, node 1, rad
         37    9.877E-01, -3.412E-03, -1.566E-01         F               0         Tower X orientation angle, node 2, rad
         38    1.077E-02,  9.989E-01,  4.615E-02         F               0         Tower Y orientation angle, node 2, rad
         39    1.563E-01, -4.727E-02,  9.866E-01         F               0         Tower Z orientation angle, node 2, rad
         40    9.873E-01, -3.301E-03, -1.589E-01         F               0         Tower X orientation angle, node 3, rad
         41    1.083E-02,  9.989E-01,  4.652E-02         F               0         Tower Y orientation angle, node 3, rad
         42    1.585E-01, -4.765E-02,  9.862E-01         F               0         Tower Z orientation angle, node 3, rad
         43    9.870E-01, -3.206E-03, -1.608E-01         F               0         Tower X orientation angle, node 4, rad
         44    1.088E-02,  9.988E-01,  4.684E-02         F               0         Tower Y orientation angle, node 4, rad
         45    1.605E-01, -4.798E-02,  9.859E-01         F               0         Tower Z orientation angle, node 4, rad
         46    9.867E-01, -3.127E-03, -1.625E-01         F               0         Tower X orientation angle, node 5, rad
         47    1.092E-02,  9.988E-01,  4.711E-02         F               0         Tower Y orientation angle, node 5, rad
         48    1.621E-01, -4.826E-02,  9.856E-01         F               0         Tower Z orientation angle, node 5, rad
         49    9.865E-01, -3.061E-03, -1.638E-01         F               0         Tower X orientation angle, node 6, rad
         50    1.096E-02,  9.988E-01,  4.734E-02         F               0         Tower Y orientation angle, node 6, rad
         51    1.635E-01, -4.850E-02,  9.854E-01         F               0         Tower Z orientation angle, node 6, rad
         52    9.863E-01, -3.011E-03, -1.648E-01         F               0         Tower X orientation angle, node 7, rad
         53    1.099E-02,  9.988E-01,  4.752E-02         F               0         Tower Y orientation angle, node 7, rad
         54    1.645E-01, -4.868E-02,  9.852E-01         F               0         Tower Z orientation angle, node 7, rad
         55    9.862E-01, -2.973E-03, -1.656E-01         F               0         Tower X orientation angle, node 8, rad
         56    1.101E-02,  9.988E-01,  4.767E-02         F               0         Tower Y orientation angle, node 8, rad
         57    1.653E-01, -4.883E-02,  9.850E-01         F               0         Tower Z orientation angle, node 8, rad
         58    9.861E-01, -2.946E-03, -1.661E-01         F               0         Tower X orientation angle, node 9, rad
         59    1.103E-02,  9.988E-01,  4.777E-02         F               0         Tower Y orientation angle, node 9, rad
         60    1.658E-01, -4.894E-02,  9.849E-01         F               0         Tower Z orientation angle, node 9, rad
         61    9.860E-01, -2.929E-03, -1.665E-01         F               0         Tower X orientation angle, node 10, rad
         62    1.104E-02,  9.988E-01,  4.784E-02         F               0         Tower Y orientation angle, node 10, rad
         63    1.661E-01, -4.901E-02,  9.849E-01         F               0         Tower Z orientation angle, node 10, rad
         64    9.860E-01, -2.920E-03, -1.666E-01         F               0         Tower X orientation angle, node 11, rad
         65    1.105E-02,  9.988E-01,  4.788E-02         F               0         Tower Y orientation angle, node 11, rad
         66    1.663E-01, -4.905E-02,  9.849E-01         F               0         Tower Z orientation angle, node 11, rad
         67    2.594E-04                                 F               0         Tower X translation velocity, node 1, m/s
         68    1.846E-04                                 F               0         Tower Y translation velocity, node 1, m/s
         69   -2.090E-03                                 F               0         Tower Z translation velocity, node 1, m/s
         70    3.044E-04                                 F               0         Tower X translation velocity, node 2, m/s
         71    3.019E-04                                 F               0         Tower Y translation velocity, node 2, m/s
         72   -2.091E-03                                 F               0         Tower Z translation velocity, node 2, m/s
         73    3.549E-04                                 F               0         Tower X translation velocity, node 3, m/s
         74    4.015E-04                                 F               0         Tower Y translation velocity, node 3, m/s
         75   -2.095E-03                                 F               0         Tower Z translation velocity, node 3, m/s
         76    4.044E-04                                 F               0         Tower X translation velocity, node 4, m/s
         77    4.879E-04                                 F               0         Tower Y translation velocity, node 4, m/s
         78   -2.099E-03                                 F               0         Tower Z translation velocity, node 4, m/s
         79    4.477E-04                                 F               0         Tower X translation velocity, node 5, m/s
         80    5.632E-04                                 F               0         Tower Y translation velocity, node 5, m/s
         81   -2.102E-03                                 F               0         Tower Z translation velocity, node 5, m/s
         82    4.809E-04                                 F               0         Tower X translation velocity, node 6, m/s
         83    6.296E-04                                 F               0         Tower Y translation velocity, node 6, m/s
         84   -2.104E-03                                 F               0         Tower Z translation velocity, node 6, m/s
         85    5.022E-04                                 F               0         Tower X translation velocity, node 7, m/s
         86    6.897E-04                                 F               0         Tower Y translation velocity, node 7, m/s
         87   -2.105E-03                                 F               0         Tower Z translation velocity, node 7, m/s
         88    5.096E-04                                 F               0         Tower X translation velocity, node 8, m/s
         89    7.444E-04                                 F               0         Tower Y translation velocity, node 8, m/s
         90   -2.103E-03                                 F               0         Tower Z translation velocity, node 8, m/s
         91    5.033E-04                                 F               0         Tower X translation velocity, node 9, m/s
         92    7.954E-04                                 F               0         Tower Y translation velocity, node 9, m/s
         93   -2.100E-03                                 F               0         Tower Z translation velocity, node 9, m/s
         94    4.854E-04                                 F               0         Tower X translation velocity, node 10, m/s
         95    8.439E-04                                 F               0         Tower Y translation velocity, node 10, m/s
         96   -2.094E-03                                 F               0         Tower Z translation velocity, node 10, m/s
         97    4.590E-04                                 F               0         Tower X translation velocity, node 11, m/s
         98    8.910E-04                                 F               0         Tower Y translation velocity, node 11, m/s
         99   -2.087E-03                                 F               0         Tower Z translation velocity, node 11, m/s
        100    3.664E+01                                 F               0         Hub X translation displacement, node 1, m
        101   -7.746E+00                                 F               0         Hub Y translation displacement, node 1, m
        102   -5.989E-01                                 F               0         Hub Z translation displacement, node 1, m
        103    9.632E-01,  2.223E-03, -2.687E-01         F               0         Hub X orientation angle, node 1, rad
        104    1.423E-01, -8.525E-01,  5.031E-01         F               0         Hub Y orientation angle, node 1, rad
        105   -2.279E-01, -5.228E-01, -8.214E-01         F               0         Hub Z orientation angle, node 1, rad
        106    1.004E+00                                 F               0         Hub X rotation velocity, node 1, rad/s
        107    2.314E-03                                 F               0         Hub Y rotation velocity, node 1, rad/s
        108   -2.800E-01                                 F               0         Hub Z rotation velocity, node 1, rad/s
        109    9.586E-01,  2.751E-02, -2.835E-01         F               0         Blade root 1 X orientation angle, node 1, rad
        110    1.708E-01, -8.520E-01,  4.949E-01         F               0         Blade root 1 Y orientation angle, node 1, rad
        111   -2.279E-01, -5.228E-01, -8.214E-01         F               0         Blade root 1 Z orientation angle, node 1, rad
        112    9.708E-01,  3.009E-03, -2.400E-01         F               0         Blade root 2 X orientation angle, node 1, rad
        113   -2.398E-01, -2.646E-02, -9.705E-01         F               0         Blade root 2 Y orientation angle, node 1, rad
        114   -9.270E-03,  9.996E-01, -2.496E-02         F               0         Blade root 2 Z orientation angle, node 1, rad
        115    9.591E-01, -2.385E-02, -2.822E-01         F               0         Blade root 3 X orientation angle, node 1, rad
        116    1.548E-01,  8.787E-01,  4.517E-01         F               0         Blade root 3 Y orientation angle, node 1, rad
        117    2.372E-01, -4.768E-01,  8.464E-01         F               0         Blade root 3 Z orientation angle, node 1, rad
        118    3.480E+01                                 F               0         Blade 1 X translation displacement, node 1, m
        119   -1.064E+01                                 F               0         Blade 1 Y translation displacement, node 1, m
        120   -1.066E+01                                 F               0         Blade 1 Z translation displacement, node 1, m
        121    3.435E+01                                 F               0         Blade 1 X translation displacement, node 2, m
        122   -1.134E+01                                 F               0         Blade 1 Y translation displacement, node 2, m
        123   -1.308E+01                                 F               0         Blade 1 Z translation displacement, node 2, m
        124    2.832E+01                                 F               0         Blade 1 X translation displacement, node 3, m
        125   -2.083E+01                                 F               0         Blade 1 Y translation displacement, node 3, m
        126   -4.605E+01                                 F               0         Blade 1 Z translation displacement, node 3, m
        127    2.703E+01                                 F               0         Blade 1 X translation displacement, node 4, m
        128   -2.285E+01                                 F               0         Blade 1 Y translation displacement, node 4, m
        129   -5.307E+01                                 F               0         Blade 1 Z translation displacement, node 4, m
        130    2.575E+01                                 F               0         Blade 1 X translation displacement, node 5, m
        131   -2.487E+01                                 F               0         Blade 1 Y translation displacement, node 5, m
        132   -6.009E+01                                 F               0         Blade 1 Z translation displacement, node 5, m
        133    2.446E+01                                 F               0         Blade 1 X translation displacement, node 6, m
        134   -2.690E+01                                 F               0         Blade 1 Y translation displacement, node 6, m
        135   -6.712E+01                                 F               0         Blade 1 Z translation displacement, node 6, m
        136    2.317E+01                                 F               0         Blade 1 X translation displacement, node 7, m
        137   -2.892E+01                                 F               0         Blade 1 Y translation displacement, node 7, m
        138   -7.414E+01                                 F               0         Blade 1 Z translation displacement, node 7, m
        139    2.189E+01                                 F               0         Blade 1 X translation displacement, node 8, m
        140   -3.094E+01                                 F               0         Blade 1 Y translation displacement, node 8, m
        141   -8.117E+01                                 F               0         Blade 1 Z translation displacement, node 8, m
        142    2.060E+01                                 F               0         Blade 1 X translation displacement, node 9, m
        143   -3.296E+01                                 F               0         Blade 1 Y translation displacement, node 9, m
        144   -8.819E+01                                 F               0         Blade 1 Z translation displacement, node 9, m
        145    1.932E+01                                 F               0         Blade 1 X translation displacement, node 10, m
        146   -3.498E+01                                 F               0         Blade 1 Y translation displacement, node 10, m
        147   -9.521E+01                                 F               0         Blade 1 Z translation displacement, node 10, m
        148    1.803E+01                                 F               0         Blade 1 X translation displacement, node 11, m
        149   -3.701E+01                                 F               0         Blade 1 Y translation displacement, node 11, m
        150   -1.022E+02                                 F               0         Blade 1 Z translation displacement, node 11, m
        151    1.675E+01                                 F               0         Blade 1 X translation displacement, node 12, m
        152   -3.903E+01                                 F               0         Blade 1 Y translation displacement, node 12, m
        153   -1.093E+02                                 F               0         Blade 1 Z translation displacement, node 12, m
        154    1.546E+01                                 F               0         Blade 1 X translation displacement, node 13, m
        155   -4.105E+01                                 F               0         Blade 1 Y translation displacement, node 13, m
        156   -1.163E+02                                 F               0         Blade 1 Z translation displacement, node 13, m
        157    1.417E+01                                 F               0         Blade 1 X translation displacement, node 14, m
        158   -4.307E+01                                 F               0         Blade 1 Y translation displacement, node 14, m
        159   -1.233E+02                                 F               0         Blade 1 Z translation displacement, node 14, m
        160    1.289E+01                                 F               0         Blade 1 X translation displacement, node 15, m
        161   -4.509E+01                                 F               0         Blade 1 Y translation displacement, node 15, m
        162   -1.303E+02                                 F               0         Blade 1 Z translation displacement, node 15, m
        163    1.160E+01                                 F               0         Blade 1 X translation displacement, node 16, m
        164   -4.712E+01                                 F               0         Blade 1 Y translation displacement, node 16, m
        165   -1.374E+02                                 F               0         Blade 1 Z translation displacement, node 16, m
        166    1.032E+01                                 F               0         Blade 1 X translation displacement, node 17, m
        167   -4.914E+01                                 F               0         Blade 1 Y translation displacement, node 17, m
        168   -1.444E+02                                 F               0         Blade 1 Z translation displacement, node 17, m
        169    9.031E+00                                 F               0         Blade 1 X translation displacement, node 18, m
        170   -5.116E+01                                 F               0         Blade 1 Y translation displacement, node 18, m
        171   -1.514E+02                                 F               0         Blade 1 Z translation displacement, node 18, m
        172    7.745E+00                                 F               0         Blade 1 X translation displacement, node 19, m
        173   -5.318E+01                                 F               0         Blade 1 Y translation displacement, node 19, m
        174   -1.584E+02                                 F               0         Blade 1 Z translation displacement, node 19, m
        175    6.459E+00                                 F               0         Blade 1 X translation displacement, node 20, m
        176   -5.520E+01                                 F               0         Blade 1 Y translation displacement, node 20, m
        177   -1.654E+02                                 F               0         Blade 1 Z translation displacement, node 20, m
        178    5.174E+00                                 F               0         Blade 1 X translation displacement, node 21, m
        179   -5.723E+01                                 F               0         Blade 1 Y translation displacement, node 21, m
        180   -1.725E+02                                 F               0         Blade 1 Z translation displacement, node 21, m
        181    3.888E+00                                 F               0         Blade 1 X translation displacement, node 22, m
        182   -5.925E+01                                 F               0         Blade 1 Y translation displacement, node 22, m
        183   -1.795E+02                                 F               0         Blade 1 Z translation displacement, node 22, m
        184    2.602E+00                                 F               0         Blade 1 X translation displacement, node 23, m
        185   -6.127E+01                                 F               0         Blade 1 Y translation displacement, node 23, m
        186   -1.865E+02                                 F               0         Blade 1 Z translation displacement, node 23, m
        187    1.316E+00                                 F               0         Blade 1 X translation displacement, node 24, m
        188   -6.329E+01                                 F               0         Blade 1 Y translation displacement, node 24, m
        189   -1.935E+02                                 F               0         Blade 1 Z translation displacement, node 24, m
        190    3.044E-02                                 F               0         Blade 1 X translation displacement, node 25, m
        191   -6.531E+01                                 F               0         Blade 1 Y translation displacement, node 25, m
        192   -2.006E+02                                 F               0         Blade 1 Z translation displacement, node 25, m
        193   -1.256E+00                                 F               0         Blade 1 X translation displacement, node 26, m
        194   -6.734E+01                                 F               0         Blade 1 Y translation displacement, node 26, m
        195   -2.076E+02                                 F               0         Blade 1 Z translation displacement, node 26, m
        196   -2.541E+00                                 F               0         Blade 1 X translation displacement, node 27, m
        197   -6.936E+01                                 F               0         Blade 1 Y translation displacement, node 27, m
        198   -2.146E+02                                 F               0         Blade 1 Z translation displacement, node 27, m
        199   -3.631E+00                                 F               0         Blade 1 X translation displacement, node 28, m
        200   -7.107E+01                                 F               0         Blade 1 Y translation displacement, node 28, m
        201   -2.206E+02                                 F               0         Blade 1 Z translation displacement, node 28, m
        202    7.752E-01,  4.130E-01, -4.780E-01         F               0         Blade 1 X orientation angle, node 1, rad
        203    5.891E-01, -7.457E-01,  3.112E-01         F               0         Blade 1 Y orientation angle, node 1, rad
        204   -2.279E-01, -5.228E-01, -8.214E-01         F               0         Blade 1 Z orientation angle, node 1, rad
        205    7.752E-01,  4.130E-01, -4.780E-01         F               0         Blade 1 X orientation angle, node 2, rad
        206    5.891E-01, -7.457E-01,  3.112E-01         F               0         Blade 1 Y orientation angle, node 2, rad
        207   -2.279E-01, -5.228E-01, -8.214E-01         F               0         Blade 1 Z orientation angle, node 2, rad
        208    8.928E-01,  2.245E-01, -3.906E-01         F               0         Blade 1 X orientation angle, node 3, rad
        209    3.886E-01, -8.224E-01,  4.156E-01         F               0         Blade 1 Y orientation angle, node 3, rad
        210   -2.279E-01, -5.228E-01, -8.214E-01         F               0         Blade 1 Z orientation angle, node 3, rad
        211    9.084E-01,  1.896E-01, -3.727E-01         F               0         Blade 1 X orientation angle, node 4, rad
        212    3.506E-01, -8.311E-01,  4.317E-01         F               0         Blade 1 Y orientation angle, node 4, rad
        213   -2.279E-01, -5.228E-01, -8.214E-01         F               0         Blade 1 Z orientation angle, node 4, rad
        214    9.195E-01,  1.619E-01, -3.582E-01         F               0         Blade 1 X orientation angle, node 5, rad
        215    3.203E-01, -8.369E-01,  4.438E-01         F               0         Blade 1 Y orientation angle, node 5, rad
        216   -2.279E-01, -5.228E-01, -8.214E-01         F               0         Blade 1 Z orientation angle, node 5, rad
        217    9.277E-01,  1.397E-01, -3.463E-01         F               0         Blade 1 X orientation angle, node 6, rad
        218    2.958E-01, -8.409E-01,  4.532E-01         F               0         Blade 1 Y orientation angle, node 6, rad
        219   -2.279E-01, -5.228E-01, -8.214E-01         F               0         Blade 1 Z orientation angle, node 6, rad
        220    9.339E-01,  1.213E-01, -3.363E-01         F               0         Blade 1 X orientation angle, node 7, rad
        221    2.755E-01, -8.438E-01,  4.606E-01         F               0         Blade 1 Y orientation angle, node 7, rad
        222   -2.279E-01, -5.228E-01, -8.214E-01         F               0         Blade 1 Z orientation angle, node 7, rad
        223    9.388E-01,  1.059E-01, -3.279E-01         F               0         Blade 1 X orientation angle, node 8, rad
        224    2.585E-01, -8.458E-01,  4.666E-01         F               0         Blade 1 Y orientation angle, node 8, rad
        225   -2.279E-01, -5.228E-01, -8.214E-01         F               0         Blade 1 Z orientation angle, node 8, rad
        226    9.426E-01,  9.294E-02, -3.207E-01         F               0         Blade 1 X orientation angle, node 9, rad
        227    2.440E-01, -8.474E-01,  4.716E-01         F               0         Blade 1 Y orientation angle, node 9, rad
        228   -2.279E-01, -5.228E-01, -8.214E-01         F               0         Blade 1 Z orientation angle, node 9, rad
        229    9.458E-01,  8.170E-02, -3.144E-01         F               0         Blade 1 X orientation angle, node 10, rad
        230    2.315E-01, -8.485E-01,  4.758E-01         F               0         Blade 1 Y orientation angle, node 10, rad
        231   -2.279E-01, -5.228E-01, -8.214E-01         F               0         Blade 1 Z orientation angle, node 10, rad
        232    9.483E-01,  7.206E-02, -3.090E-01         F               0         Blade 1 X orientation angle, node 11, rad
        233    2.207E-01, -8.494E-01,  4.794E-01         F               0         Blade 1 Y orientation angle, node 11, rad
        234   -2.279E-01, -5.228E-01, -8.214E-01         F               0         Blade 1 Z orientation angle, node 11, rad
        235    9.505E-01,  6.361E-02, -3.042E-01         F               0         Blade 1 X orientation angle, node 12, rad
        236    2.113E-01, -8.501E-01,  4.824E-01         F               0         Blade 1 Y orientation angle, node 12, rad
        237   -2.279E-01, -5.228E-01, -8.214E-01         F               0         Blade 1 Z orientation angle, node 12, rad
        238    9.523E-01,  5.619E-02, -3.000E-01         F               0         Blade 1 X orientation angle, node 13, rad
        239    2.030E-01, -8.506E-01,  4.851E-01         F               0         Blade 1 Y orientation angle, node 13, rad
        240   -2.279E-01, -5.228E-01, -8.214E-01         F               0         Blade 1 Z orientation angle, node 13, rad
        241    9.539E-01,  4.951E-02, -2.962E-01         F               0         Blade 1 X orientation angle, node 14, rad
        242    1.955E-01, -8.510E-01,  4.874E-01         F               0         Blade 1 Y orientation angle, node 14, rad
        243   -2.279E-01, -5.228E-01, -8.214E-01         F               0         Blade 1 Z orientation angle, node 14, rad
        244    9.552E-01,  4.357E-02, -2.928E-01         F               0         Blade 1 X orientation angle, node 15, rad
        245    1.888E-01, -8.513E-01,  4.894E-01         F               0         Blade 1 Y orientation angle, node 15, rad
        246   -2.279E-01, -5.228E-01, -8.214E-01         F               0         Blade 1 Z orientation angle, node 15, rad
        247    9.564E-01,  3.822E-02, -2.897E-01         F               0         Blade 1 X orientation angle, node 16, rad
        248    1.828E-01, -8.516E-01,  4.913E-01         F               0         Blade 1 Y orientation angle, node 16, rad
        249   -2.279E-01, -5.228E-01, -8.214E-01         F               0         Blade 1 Z orientation angle, node 16, rad
        250    9.574E-01,  3.346E-02, -2.869E-01         F               0         Blade 1 X orientation angle, node 17, rad
        251    1.775E-01, -8.518E-01,  4.929E-01         F               0         Blade 1 Y orientation angle, node 17, rad
        252   -2.279E-01, -5.228E-01, -8.214E-01         F               0         Blade 1 Z orientation angle, node 17, rad
        253    9.583E-01,  2.900E-02, -2.843E-01         F               0         Blade 1 X orientation angle, node 18, rad
        254    1.725E-01, -8.520E-01,  4.944E-01         F               0         Blade 1 Y orientation angle, node 18, rad
        255   -2.279E-01, -5.228E-01, -8.214E-01         F               0         Blade 1 Z orientation angle, node 18, rad
        256    9.591E-01,  2.498E-02, -2.820E-01         F               0         Blade 1 X orientation angle, node 19, rad
        257    1.680E-01, -8.521E-01,  4.957E-01         F               0         Blade 1 Y orientation angle, node 19, rad
        258   -2.279E-01, -5.228E-01, -8.214E-01         F               0         Blade 1 Z orientation angle, node 19, rad
        259    9.598E-01,  2.141E-02, -2.799E-01         F               0         Blade 1 X orientation angle, node 20, rad
        260    1.639E-01, -8.522E-01,  4.969E-01         F               0         Blade 1 Y orientation angle, node 20, rad
        261   -2.279E-01, -5.228E-01, -8.214E-01         F               0         Blade 1 Z orientation angle, node 20, rad
        262    9.604E-01,  1.799E-02, -2.779E-01         F               0         Blade 1 X orientation angle, node 21, rad
        263    1.601E-01, -8.523E-01,  4.980E-01         F               0         Blade 1 Y orientation angle, node 21, rad
        264   -2.279E-01, -5.228E-01, -8.214E-01         F               0         Blade 1 Z orientation angle, node 21, rad
        265    9.610E-01,  1.487E-02, -2.761E-01         F               0         Blade 1 X orientation angle, node 22, rad
        266    1.566E-01, -8.523E-01,  4.990E-01         F               0         Blade 1 Y orientation angle, node 22, rad
        267   -2.279E-01, -5.228E-01, -8.214E-01         F               0         Blade 1 Z orientation angle, node 22, rad
        268    9.615E-01,  1.204E-02, -2.745E-01         F               0         Blade 1 X orientation angle, node 23, rad
        269    1.534E-01, -8.524E-01,  4.999E-01         F               0         Blade 1 Y orientation angle, node 23, rad
        270   -2.279E-01, -5.228E-01, -8.214E-01         F               0         Blade 1 Z orientation angle, node 23, rad
        271    9.620E-01,  9.364E-03, -2.729E-01         F               0         Blade 1 X orientation angle, node 24, rad
        272    1.504E-01, -8.524E-01,  5.008E-01         F               0         Blade 1 Y orientation angle, node 24, rad
        273   -2.279E-01, -5.228E-01, -8.214E-01         F               0         Blade 1 Z orientation angle, node 24, rad
        274    9.624E-01,  6.835E-03, -2.714E-01         F               0         Blade 1 X orientation angle, node 25, rad
        275    1.475E-01, -8.524E-01,  5.016E-01         F               0         Blade 1 Y orientation angle, node 25, rad
        276   -2.279E-01, -5.228E-01, -8.214E-01         F               0         Blade 1 Z orientation angle, node 25, rad
        277    9.628E-01,  4.603E-03, -2.701E-01         F               0         Blade 1 X orientation angle, node 26, rad
        278    1.450E-01, -8.524E-01,  5.023E-01         F               0         Blade 1 Y orientation angle, node 26, rad
        279   -2.279E-01, -5.228E-01, -8.214E-01         F               0         Blade 1 Z orientation angle, node 26, rad
        280    9.632E-01,  2.372E-03, -2.688E-01         F               0         Blade 1 X orientation angle, node 27, rad
        281    1.425E-01, -8.525E-01,  5.030E-01         F               0         Blade 1 Y orientation angle, node 27, rad
        282   -2.279E-01, -5.228E-01, -8.214E-01         F               0         Blade 1 Z orientation angle, node 27, rad
        283    9.634E-01,  1.181E-03, -2.681E-01         F               0         Blade 1 X orientation angle, node 28, rad
        284    1.411E-01, -8.525E-01,  5.034E-01         F               0         Blade 1 Y orientation angle, node 28, rad
        285   -2.279E-01, -5.228E-01, -8.214E-01         F               0         Blade 1 Z orientation angle, node 28, rad
        286   -8.209E-01                                 F               0         Blade 1 X translation velocity, node 1, m/s
        287    4.922E+00                                 F               0         Blade 1 Y translation velocity, node 1, m/s
        288   -2.906E+00                                 F               0         Blade 1 Z translation velocity, node 1, m/s
        289   -1.019E+00                                 F               0         Blade 1 X translation velocity, node 2, m/s
        290    6.107E+00                                 F               0         Blade 1 Y translation velocity, node 2, m/s
        291   -3.606E+00                                 F               0         Blade 1 Z translation velocity, node 2, m/s
        292   -3.710E+00                                 F               0         Blade 1 X translation velocity, node 3, m/s
        293    2.223E+01                                 F               0         Blade 1 Y translation velocity, node 3, m/s
        294   -1.312E+01                                 F               0         Blade 1 Z translation velocity, node 3, m/s
        295   -4.284E+00                                 F               0         Blade 1 X translation velocity, node 4, m/s
        296    2.567E+01                                 F               0         Blade 1 Y translation velocity, node 4, m/s
        297   -1.515E+01                                 F               0         Blade 1 Z translation velocity, node 4, m/s
        298   -4.857E+00                                 F               0         Blade 1 X translation velocity, node 5, m/s
        299    2.910E+01                                 F               0         Blade 1 Y translation velocity, node 5, m/s
        300   -1.718E+01                                 F               0         Blade 1 Z translation velocity, node 5, m/s
        301   -5.430E+00                                 F               0         Blade 1 X translation velocity, node 6, m/s
        302    3.254E+01                                 F               0         Blade 1 Y translation velocity, node 6, m/s
        303   -1.920E+01                                 F               0         Blade 1 Z translation velocity, node 6, m/s
        304   -6.004E+00                                 F               0         Blade 1 X translation velocity, node 7, m/s
        305    3.597E+01                                 F               0         Blade 1 Y translation velocity, node 7, m/s
        306   -2.123E+01                                 F               0         Blade 1 Z translation velocity, node 7, m/s
        307   -6.577E+00                                 F               0         Blade 1 X translation velocity, node 8, m/s
