
Linearized model: Predictions were generated on 06-Feb-2024 at 16:18:08 using OpenFAST, compiled as a 64-bit application using single precision at commit v3.5.1
 linked with  NWTC Subroutine Library; ElastoDyn; InflowWind; AeroDyn; ServoDyn; HydroDyn; MAP++ (<1.20.10>, <Oct-20-2023>)

Description from the FAST input file: CCT-9 Campign 4 model. Input files to be run with OpenFAST 3.5.0. GitHub branch from Lu Wang (https://github.com/luwang00/openfast/tree/dev) compiled on March 7, 2023.

Simulation information:
   Simulation time:                  1008.7000 s
   Rotor Speed:                         1.0421 rad/s
   Azimuth:                             4.2825 rad
   Wind Speed:                         12.0000 m/s
   Number of continuous states:         0
   Number of discrete states:           0
   Number of constraint states:         0
   Number of inputs:                 1746
   Number of outputs:                   4
   Jacobians included in this file?    No

Order of inputs:
     Column   Operating Point                     Rotating Frame? Derivative Order Description
   ---------- ---------------                     --------------- ---------------- -----------
          1    1.513E+01                                 F               0         Tower X translation displacement, node 1, m
          2   -1.424E+00                                 F               0         Tower Y translation displacement, node 1, m
          3   -4.758E-01                                 F               0         Tower Z translation displacement, node 1, m
          4    1.704E+01                                 F               0         Tower X translation displacement, node 2, m
          5   -2.005E+00                                 F               0         Tower Y translation displacement, node 2, m
          6   -6.385E-01                                 F               0         Tower Z translation displacement, node 2, m
          7    1.899E+01                                 F               0         Tower X translation displacement, node 3, m
          8   -2.592E+00                                 F               0         Tower Y translation displacement, node 3, m
          9   -8.069E-01                                 F               0         Tower Z translation displacement, node 3, m
         10    2.096E+01                                 F               0         Tower X translation displacement, node 4, m
         11   -3.184E+00                                 F               0         Tower Y translation displacement, node 4, m
         12   -9.798E-01                                 F               0         Tower Z translation displacement, node 4, m
         13    2.296E+01                                 F               0         Tower X translation displacement, node 5, m
         14   -3.779E+00                                 F               0         Tower Y translation displacement, node 5, m
         15   -1.156E+00                                 F               0         Tower Z translation displacement, node 5, m
         16    2.497E+01                                 F               0         Tower X translation displacement, node 6, m
         17   -4.377E+00                                 F               0         Tower Y translation displacement, node 6, m
         18   -1.336E+00                                 F               0         Tower Z translation displacement, node 6, m
         19    2.700E+01                                 F               0         Tower X translation displacement, node 7, m
         20   -4.977E+00                                 F               0         Tower Y translation displacement, node 7, m
         21   -1.518E+00                                 F               0         Tower Z translation displacement, node 7, m
         22    2.903E+01                                 F               0         Tower X translation displacement, node 8, m
         23   -5.580E+00                                 F               0         Tower Y translation displacement, node 8, m
         24   -1.702E+00                                 F               0         Tower Z translation displacement, node 8, m
         25    3.108E+01                                 F               0         Tower X translation displacement, node 9, m
         26   -6.184E+00                                 F               0         Tower Y translation displacement, node 9, m
         27   -1.888E+00                                 F               0         Tower Z translation displacement, node 9, m
         28    3.313E+01                                 F               0         Tower X translation displacement, node 10, m
         29   -6.790E+00                                 F               0         Tower Y translation displacement, node 10, m
         30   -2.074E+00                                 F               0         Tower Z translation displacement, node 10, m
         31    3.519E+01                                 F               0         Tower X translation displacement, node 11, m
         32   -7.396E+00                                 F               0         Tower Y translation displacement, node 11, m
         33   -2.261E+00                                 F               0         Tower Z translation displacement, node 11, m
         34    9.881E-01, -3.532E-03, -1.540E-01         F               0         Tower X orientation angle, node 1, rad
         35    1.071E-02,  9.989E-01,  4.578E-02         F               0         Tower Y orientation angle, node 1, rad
         36    1.537E-01, -4.689E-02,  9.870E-01         F               0         Tower Z orientation angle, node 1, rad
         37    9.877E-01, -3.408E-03, -1.566E-01         F               0         Tower X orientation angle, node 2, rad
         38    1.077E-02,  9.989E-01,  4.619E-02         F               0         Tower Y orientation angle, node 2, rad
         39    1.563E-01, -4.730E-02,  9.866E-01         F               0         Tower Z orientation angle, node 2, rad
         40    9.873E-01, -3.298E-03, -1.589E-01         F               0         Tower X orientation angle, node 3, rad
         41    1.083E-02,  9.989E-01,  4.655E-02         F               0         Tower Y orientation angle, node 3, rad
         42    1.586E-01, -4.768E-02,  9.862E-01         F               0         Tower Z orientation angle, node 3, rad
         43    9.870E-01, -3.203E-03, -1.609E-01         F               0         Tower X orientation angle, node 4, rad
         44    1.088E-02,  9.988E-01,  4.686E-02         F               0         Tower Y orientation angle, node 4, rad
         45    1.605E-01, -4.800E-02,  9.859E-01         F               0         Tower Z orientation angle, node 4, rad
         46    9.867E-01, -3.123E-03, -1.625E-01         F               0         Tower X orientation angle, node 5, rad
         47    1.092E-02,  9.988E-01,  4.714E-02         F               0         Tower Y orientation angle, node 5, rad
         48    1.622E-01, -4.828E-02,  9.856E-01         F               0         Tower Z orientation angle, node 5, rad
         49    9.865E-01, -3.058E-03, -1.638E-01         F               0         Tower X orientation angle, node 6, rad
         50    1.096E-02,  9.988E-01,  4.736E-02         F               0         Tower Y orientation angle, node 6, rad
         51    1.635E-01, -4.852E-02,  9.854E-01         F               0         Tower Z orientation angle, node 6, rad
         52    9.863E-01, -3.007E-03, -1.648E-01         F               0         Tower X orientation angle, node 7, rad
         53    1.099E-02,  9.988E-01,  4.754E-02         F               0         Tower Y orientation angle, node 7, rad
         54    1.645E-01, -4.870E-02,  9.852E-01         F               0         Tower Z orientation angle, node 7, rad
         55    9.862E-01, -2.969E-03, -1.656E-01         F               0         Tower X orientation angle, node 8, rad
         56    1.101E-02,  9.988E-01,  4.768E-02         F               0         Tower Y orientation angle, node 8, rad
         57    1.653E-01, -4.885E-02,  9.850E-01         F               0         Tower Z orientation angle, node 8, rad
         58    9.861E-01, -2.942E-03, -1.661E-01         F               0         Tower X orientation angle, node 9, rad
         59    1.103E-02,  9.988E-01,  4.779E-02         F               0         Tower Y orientation angle, node 9, rad
         60    1.658E-01, -4.896E-02,  9.849E-01         F               0         Tower Z orientation angle, node 9, rad
         61    9.860E-01, -2.925E-03, -1.665E-01         F               0         Tower X orientation angle, node 10, rad
         62    1.104E-02,  9.988E-01,  4.785E-02         F               0         Tower Y orientation angle, node 10, rad
         63    1.661E-01, -4.903E-02,  9.849E-01         F               0         Tower Z orientation angle, node 10, rad
         64    9.860E-01, -2.916E-03, -1.667E-01         F               0         Tower X orientation angle, node 11, rad
         65    1.105E-02,  9.988E-01,  4.789E-02         F               0         Tower Y orientation angle, node 11, rad
         66    1.663E-01, -4.906E-02,  9.849E-01         F               0         Tower Z orientation angle, node 11, rad
         67   -3.877E-05                                 F               0         Tower X translation velocity, node 1, m/s
         68   -8.468E-04                                 F               0         Tower Y translation velocity, node 1, m/s
         69    4.594E-03                                 F               0         Tower Z translation velocity, node 1, m/s
         70   -2.414E-05                                 F               0         Tower X translation velocity, node 2, m/s
         71   -1.395E-03                                 F               0         Tower Y translation velocity, node 2, m/s
         72    4.565E-03                                 F               0         Tower Z translation velocity, node 2, m/s
         73    6.218E-05                                 F               0         Tower X translation velocity, node 3, m/s
         74   -1.885E-03                                 F               0         Tower Y translation velocity, node 3, m/s
         75    4.528E-03                                 F               0         Tower Z translation velocity, node 3, m/s
         76    1.993E-04                                 F               0         Tower X translation velocity, node 4, m/s
         77   -2.328E-03                                 F               0         Tower Y translation velocity, node 4, m/s
         78    4.484E-03                                 F               0         Tower Z translation velocity, node 4, m/s
         79    3.750E-04                                 F               0         Tower X translation velocity, node 5, m/s
         80   -2.727E-03                                 F               0         Tower Y translation velocity, node 5, m/s
         81    4.436E-03                                 F               0         Tower Z translation velocity, node 5, m/s
         82    5.779E-04                                 F               0         Tower X translation velocity, node 6, m/s
         83   -3.089E-03                                 F               0         Tower Y translation velocity, node 6, m/s
         84    4.384E-03                                 F               0         Tower Z translation velocity, node 6, m/s
         85    7.976E-04                                 F               0         Tower X translation velocity, node 7, m/s
         86   -3.419E-03                                 F               0         Tower Y translation velocity, node 7, m/s
         87    4.332E-03                                 F               0         Tower Z translation velocity, node 7, m/s
         88    1.028E-03                                 F               0         Tower X translation velocity, node 8, m/s
         89   -3.722E-03                                 F               0         Tower Y translation velocity, node 8, m/s
         90    4.278E-03                                 F               0         Tower Z translation velocity, node 8, m/s
         91    1.264E-03                                 F               0         Tower X translation velocity, node 9, m/s
         92   -4.002E-03                                 F               0         Tower Y translation velocity, node 9, m/s
         93    4.224E-03                                 F               0         Tower Z translation velocity, node 9, m/s
         94    1.502E-03                                 F               0         Tower X translation velocity, node 10, m/s
         95   -4.266E-03                                 F               0         Tower Y translation velocity, node 10, m/s
         96    4.171E-03                                 F               0         Tower Z translation velocity, node 10, m/s
         97    1.738E-03                                 F               0         Tower X translation velocity, node 11, m/s
         98   -4.519E-03                                 F               0         Tower Y translation velocity, node 11, m/s
         99    4.119E-03                                 F               0         Tower Z translation velocity, node 11, m/s
        100    3.664E+01                                 F               0         Hub X translation displacement, node 1, m
        101   -7.749E+00                                 F               0         Hub Y translation displacement, node 1, m
        102   -5.803E-01                                 F               0         Hub Z translation displacement, node 1, m
        103    9.632E-01,  2.228E-03, -2.687E-01         F               0         Hub X orientation angle, node 1, rad
        104   -2.487E-01, -3.717E-01, -8.945E-01         F               0         Hub Y orientation angle, node 1, rad
        105   -1.019E-01,  9.284E-01, -3.574E-01         F               0         Hub Z orientation angle, node 1, rad
        106    1.004E+00                                 F               0         Hub X rotation velocity, node 1, rad/s
        107    2.341E-03                                 F               0         Hub Y rotation velocity, node 1, rad/s
        108   -2.800E-01                                 F               0         Hub Z rotation velocity, node 1, rad/s
        109    9.702E-01,  1.325E-02, -2.420E-01         F               0         Blade root 1 X orientation angle, node 1, rad
        110   -2.200E-01, -3.714E-01, -9.020E-01         F               0         Blade root 1 Y orientation angle, node 1, rad
        111   -1.019E-01,  9.284E-01, -3.574E-01         F               0         Blade root 1 Z orientation angle, node 1, rad
        112    9.617E-01, -2.714E-02, -2.727E-01         F               0         Blade root 2 X orientation angle, node 1, rad
        113    6.468E-02,  9.894E-01,  1.296E-01         F               0         Blade root 2 Y orientation angle, node 1, rad
        114    2.663E-01, -1.423E-01,  9.533E-01         F               0         Blade root 2 Z orientation angle, node 1, rad
        115    9.565E-01,  2.057E-02, -2.910E-01         F               0         Blade root 3 X orientation angle, node 1, rad
        116    2.410E-01, -6.178E-01,  7.485E-01         F               0         Blade root 3 Y orientation angle, node 1, rad
        117   -1.644E-01, -7.860E-01, -5.959E-01         F               0         Blade root 3 Z orientation angle, node 1, rad
        118    3.550E+01                                 F               0         Blade 1 X translation displacement, node 1, m
        119   -2.606E+00                                 F               0         Blade 1 Y translation displacement, node 1, m
        120   -8.070E+00                                 F               0         Blade 1 Z translation displacement, node 1, m
        121    3.522E+01                                 F               0         Blade 1 X translation displacement, node 2, m
        122   -1.367E+00                                 F               0         Blade 1 Y translation displacement, node 2, m
        123   -9.875E+00                                 F               0         Blade 1 Z translation displacement, node 2, m
        124    3.148E+01                                 F               0         Blade 1 X translation displacement, node 3, m
        125    1.549E+01                                 F               0         Blade 1 Y translation displacement, node 3, m
        126   -3.442E+01                                 F               0         Blade 1 Z translation displacement, node 3, m
        127    3.068E+01                                 F               0         Blade 1 X translation displacement, node 4, m
        128    1.908E+01                                 F               0         Blade 1 Y translation displacement, node 4, m
        129   -3.964E+01                                 F               0         Blade 1 Z translation displacement, node 4, m
        130    2.988E+01                                 F               0         Blade 1 X translation displacement, node 5, m
        131    2.267E+01                                 F               0         Blade 1 Y translation displacement, node 5, m
        132   -4.487E+01                                 F               0         Blade 1 Z translation displacement, node 5, m
        133    2.908E+01                                 F               0         Blade 1 X translation displacement, node 6, m
        134    2.626E+01                                 F               0         Blade 1 Y translation displacement, node 6, m
        135   -5.010E+01                                 F               0         Blade 1 Z translation displacement, node 6, m
        136    2.828E+01                                 F               0         Blade 1 X translation displacement, node 7, m
        137    2.985E+01                                 F               0         Blade 1 Y translation displacement, node 7, m
        138   -5.533E+01                                 F               0         Blade 1 Z translation displacement, node 7, m
        139    2.749E+01                                 F               0         Blade 1 X translation displacement, node 8, m
        140    3.344E+01                                 F               0         Blade 1 Y translation displacement, node 8, m
        141   -6.056E+01                                 F               0         Blade 1 Z translation displacement, node 8, m
        142    2.669E+01                                 F               0         Blade 1 X translation displacement, node 9, m
        143    3.703E+01                                 F               0         Blade 1 Y translation displacement, node 9, m
        144   -6.579E+01                                 F               0         Blade 1 Z translation displacement, node 9, m
        145    2.589E+01                                 F               0         Blade 1 X translation displacement, node 10, m
        146    4.062E+01                                 F               0         Blade 1 Y translation displacement, node 10, m
        147   -7.102E+01                                 F               0         Blade 1 Z translation displacement, node 10, m
        148    2.509E+01                                 F               0         Blade 1 X translation displacement, node 11, m
        149    4.421E+01                                 F               0         Blade 1 Y translation displacement, node 11, m
        150   -7.625E+01                                 F               0         Blade 1 Z translation displacement, node 11, m
        151    2.429E+01                                 F               0         Blade 1 X translation displacement, node 12, m
        152    4.780E+01                                 F               0         Blade 1 Y translation displacement, node 12, m
        153   -8.148E+01                                 F               0         Blade 1 Z translation displacement, node 12, m
        154    2.349E+01                                 F               0         Blade 1 X translation displacement, node 13, m
        155    5.139E+01                                 F               0         Blade 1 Y translation displacement, node 13, m
        156   -8.671E+01                                 F               0         Blade 1 Z translation displacement, node 13, m
        157    2.270E+01                                 F               0         Blade 1 X translation displacement, node 14, m
        158    5.498E+01                                 F               0         Blade 1 Y translation displacement, node 14, m
        159   -9.193E+01                                 F               0         Blade 1 Z translation displacement, node 14, m
        160    2.190E+01                                 F               0         Blade 1 X translation displacement, node 15, m
        161    5.857E+01                                 F               0         Blade 1 Y translation displacement, node 15, m
        162   -9.716E+01                                 F               0         Blade 1 Z translation displacement, node 15, m
        163    2.110E+01                                 F               0         Blade 1 X translation displacement, node 16, m
        164    6.216E+01                                 F               0         Blade 1 Y translation displacement, node 16, m
        165   -1.024E+02                                 F               0         Blade 1 Z translation displacement, node 16, m
        166    2.030E+01                                 F               0         Blade 1 X translation displacement, node 17, m
        167    6.575E+01                                 F               0         Blade 1 Y translation displacement, node 17, m
        168   -1.076E+02                                 F               0         Blade 1 Z translation displacement, node 17, m
        169    1.950E+01                                 F               0         Blade 1 X translation displacement, node 18, m
        170    6.934E+01                                 F               0         Blade 1 Y translation displacement, node 18, m
        171   -1.129E+02                                 F               0         Blade 1 Z translation displacement, node 18, m
        172    1.871E+01                                 F               0         Blade 1 X translation displacement, node 19, m
        173    7.294E+01                                 F               0         Blade 1 Y translation displacement, node 19, m
        174   -1.181E+02                                 F               0         Blade 1 Z translation displacement, node 19, m
        175    1.791E+01                                 F               0         Blade 1 X translation displacement, node 20, m
        176    7.653E+01                                 F               0         Blade 1 Y translation displacement, node 20, m
        177   -1.233E+02                                 F               0         Blade 1 Z translation displacement, node 20, m
        178    1.711E+01                                 F               0         Blade 1 X translation displacement, node 21, m
        179    8.012E+01                                 F               0         Blade 1 Y translation displacement, node 21, m
        180   -1.285E+02                                 F               0         Blade 1 Z translation displacement, node 21, m
        181    1.631E+01                                 F               0         Blade 1 X translation displacement, node 22, m
        182    8.371E+01                                 F               0         Blade 1 Y translation displacement, node 22, m
        183   -1.338E+02                                 F               0         Blade 1 Z translation displacement, node 22, m
        184    1.551E+01                                 F               0         Blade 1 X translation displacement, node 23, m
        185    8.730E+01                                 F               0         Blade 1 Y translation displacement, node 23, m
        186   -1.390E+02                                 F               0         Blade 1 Z translation displacement, node 23, m
        187    1.471E+01                                 F               0         Blade 1 X translation displacement, node 24, m
        188    9.089E+01                                 F               0         Blade 1 Y translation displacement, node 24, m
        189   -1.442E+02                                 F               0         Blade 1 Z translation displacement, node 24, m
        190    1.392E+01                                 F               0         Blade 1 X translation displacement, node 25, m
        191    9.448E+01                                 F               0         Blade 1 Y translation displacement, node 25, m
        192   -1.495E+02                                 F               0         Blade 1 Z translation displacement, node 25, m
        193    1.312E+01                                 F               0         Blade 1 X translation displacement, node 26, m
        194    9.807E+01                                 F               0         Blade 1 Y translation displacement, node 26, m
        195   -1.547E+02                                 F               0         Blade 1 Z translation displacement, node 26, m
        196    1.232E+01                                 F               0         Blade 1 X translation displacement, node 27, m
        197    1.017E+02                                 F               0         Blade 1 Y translation displacement, node 27, m
        198   -1.599E+02                                 F               0         Blade 1 Z translation displacement, node 27, m
        199    1.164E+01                                 F               0         Blade 1 X translation displacement, node 28, m
        200    1.047E+02                                 F               0         Blade 1 Y translation displacement, node 28, m
        201   -1.643E+02                                 F               0         Blade 1 Z translation displacement, node 28, m
        202    9.637E-01,  1.812E-01,  1.959E-01         F               0         Blade 1 X orientation angle, node 1, rad
        203    2.466E-01, -3.245E-01, -9.132E-01         F               0         Blade 1 Y orientation angle, node 1, rad
        204   -1.019E-01,  9.284E-01, -3.574E-01         F               0         Blade 1 Z orientation angle, node 1, rad
        205    9.637E-01,  1.812E-01,  1.959E-01         F               0         Blade 1 X orientation angle, node 2, rad
        206    2.466E-01, -3.245E-01, -9.132E-01         F               0         Blade 1 Y orientation angle, node 2, rad
        207   -1.019E-01,  9.284E-01, -3.574E-01         F               0         Blade 1 Z orientation angle, node 2, rad
        208    9.947E-01,  9.909E-02, -2.608E-02         F               0         Blade 1 X orientation angle, node 3, rad
        209    1.121E-02, -3.582E-01, -9.336E-01         F               0         Blade 1 Y orientation angle, node 3, rad
        210   -1.019E-01,  9.284E-01, -3.574E-01         F               0         Blade 1 Z orientation angle, node 3, rad
        211    9.943E-01,  8.388E-02, -6.548E-02         F               0         Blade 1 X orientation angle, node 4, rad
        212   -3.081E-02, -3.621E-01, -9.316E-01         F               0         Blade 1 Y orientation angle, node 4, rad
        213   -1.019E-01,  9.284E-01, -3.574E-01         F               0         Blade 1 Z orientation angle, node 4, rad
        214    9.928E-01,  7.183E-02, -9.633E-02         F               0         Blade 1 X orientation angle, node 5, rad
        215   -6.376E-02, -3.647E-01, -9.290E-01         F               0         Blade 1 Y orientation angle, node 5, rad
        216   -1.019E-01,  9.284E-01, -3.574E-01         F               0         Blade 1 Z orientation angle, node 5, rad
        217    9.907E-01,  6.213E-02, -1.209E-01         F               0         Blade 1 X orientation angle, node 6, rad
        218   -9.007E-02, -3.664E-01, -9.261E-01         F               0         Blade 1 Y orientation angle, node 6, rad
        219   -1.019E-01,  9.284E-01, -3.574E-01         F               0         Blade 1 Z orientation angle, node 6, rad
        220    9.885E-01,  5.412E-02, -1.411E-01         F               0         Blade 1 X orientation angle, node 7, rad
        221   -1.117E-01, -3.677E-01, -9.232E-01         F               0         Blade 1 Y orientation angle, node 7, rad
        222   -1.019E-01,  9.284E-01, -3.574E-01         F               0         Blade 1 Z orientation angle, node 7, rad
        223    9.863E-01,  4.744E-02, -1.578E-01         F               0         Blade 1 X orientation angle, node 8, rad
        224   -1.296E-01, -3.686E-01, -9.205E-01         F               0         Blade 1 Y orientation angle, node 8, rad
        225   -1.019E-01,  9.284E-01, -3.574E-01         F               0         Blade 1 Z orientation angle, node 8, rad
        226    9.842E-01,  4.177E-02, -1.720E-01         F               0         Blade 1 X orientation angle, node 9, rad
        227   -1.447E-01, -3.693E-01, -9.180E-01         F               0         Blade 1 Y orientation angle, node 9, rad
        228   -1.019E-01,  9.284E-01, -3.574E-01         F               0         Blade 1 Z orientation angle, node 9, rad
        229    9.822E-01,  3.687E-02, -1.841E-01         F               0         Blade 1 X orientation angle, node 10, rad
        230   -1.578E-01, -3.698E-01, -9.156E-01         F               0         Blade 1 Y orientation angle, node 10, rad
        231   -1.019E-01,  9.284E-01, -3.574E-01         F               0         Blade 1 Z orientation angle, node 10, rad
        232    9.804E-01,  3.267E-02, -1.945E-01         F               0         Blade 1 X orientation angle, node 11, rad
        233   -1.689E-01, -3.702E-01, -9.135E-01         F               0         Blade 1 Y orientation angle, node 11, rad
        234   -1.019E-01,  9.284E-01, -3.574E-01         F               0         Blade 1 Z orientation angle, node 11, rad
        235    9.786E-01,  2.899E-02, -2.036E-01         F               0         Blade 1 X orientation angle, node 12, rad
        236   -1.786E-01, -3.705E-01, -9.115E-01         F               0         Blade 1 Y orientation angle, node 12, rad
        237   -1.019E-01,  9.284E-01, -3.574E-01         F               0         Blade 1 Z orientation angle, node 12, rad
        238    9.770E-01,  2.575E-02, -2.115E-01         F               0         Blade 1 X orientation angle, node 13, rad
        239   -1.872E-01, -3.708E-01, -9.097E-01         F               0         Blade 1 Y orientation angle, node 13, rad
        240   -1.019E-01,  9.284E-01, -3.574E-01         F               0         Blade 1 Z orientation angle, node 13, rad
        241    9.755E-01,  2.284E-02, -2.187E-01         F               0         Blade 1 X orientation angle, node 14, rad
        242   -1.948E-01, -3.710E-01, -9.080E-01         F               0         Blade 1 Y orientation angle, node 14, rad
        243   -1.019E-01,  9.284E-01, -3.574E-01         F               0         Blade 1 Z orientation angle, node 14, rad
        244    9.741E-01,  2.025E-02, -2.250E-01         F               0         Blade 1 X orientation angle, node 15, rad
        245   -2.016E-01, -3.711E-01, -9.064E-01         F               0         Blade 1 Y orientation angle, node 15, rad
        246   -1.019E-01,  9.284E-01, -3.574E-01         F               0         Blade 1 Z orientation angle, node 15, rad
        247    9.729E-01,  1.792E-02, -2.307E-01         F               0         Blade 1 X orientation angle, node 16, rad
        248   -2.078E-01, -3.712E-01, -9.050E-01         F               0         Blade 1 Y orientation angle, node 16, rad
        249   -1.019E-01,  9.284E-01, -3.574E-01         F               0         Blade 1 Z orientation angle, node 16, rad
        250    9.717E-01,  1.585E-02, -2.357E-01         F               0         Blade 1 X orientation angle, node 17, rad
        251   -2.132E-01, -3.713E-01, -9.037E-01         F               0         Blade 1 Y orientation angle, node 17, rad
        252   -1.019E-01,  9.284E-01, -3.574E-01         F               0         Blade 1 Z orientation angle, node 17, rad
        253    9.706E-01,  1.390E-02, -2.405E-01         F               0         Blade 1 X orientation angle, node 18, rad
        254   -2.183E-01, -3.714E-01, -9.025E-01         F               0         Blade 1 Y orientation angle, node 18, rad
        255   -1.019E-01,  9.284E-01, -3.574E-01         F               0         Blade 1 Z orientation angle, node 18, rad
        256    9.695E-01,  1.215E-02, -2.447E-01         F               0         Blade 1 X orientation angle, node 19, rad
        257   -2.228E-01, -3.715E-01, -9.013E-01         F               0         Blade 1 Y orientation angle, node 19, rad
        258   -1.019E-01,  9.284E-01, -3.574E-01         F               0         Blade 1 Z orientation angle, node 19, rad
        259    9.686E-01,  1.059E-02, -2.485E-01         F               0         Blade 1 X orientation angle, node 20, rad
        260   -2.269E-01, -3.715E-01, -9.003E-01         F               0         Blade 1 Y orientation angle, node 20, rad
        261   -1.019E-01,  9.284E-01, -3.574E-01         F               0         Blade 1 Z orientation angle, node 20, rad
        262    9.677E-01,  9.103E-03, -2.521E-01         F               0         Blade 1 X orientation angle, node 21, rad
        263   -2.308E-01, -3.716E-01, -8.993E-01         F               0         Blade 1 Y orientation angle, node 21, rad
        264   -1.019E-01,  9.284E-01, -3.574E-01         F               0         Blade 1 Z orientation angle, node 21, rad
        265    9.668E-01,  7.741E-03, -2.554E-01         F               0         Blade 1 X orientation angle, node 22, rad
        266   -2.343E-01, -3.716E-01, -8.983E-01         F               0         Blade 1 Y orientation angle, node 22, rad
        267   -1.019E-01,  9.284E-01, -3.574E-01         F               0         Blade 1 Z orientation angle, node 22, rad
        268    9.660E-01,  6.509E-03, -2.584E-01         F               0         Blade 1 X orientation angle, node 23, rad
        269   -2.375E-01, -3.716E-01, -8.975E-01         F               0         Blade 1 Y orientation angle, node 23, rad
        270   -1.019E-01,  9.284E-01, -3.574E-01         F               0         Blade 1 Z orientation angle, node 23, rad
        271    9.653E-01,  5.342E-03, -2.612E-01         F               0         Blade 1 X orientation angle, node 24, rad
        272   -2.406E-01, -3.716E-01, -8.967E-01         F               0         Blade 1 Y orientation angle, node 24, rad
        273   -1.019E-01,  9.284E-01, -3.574E-01         F               0         Blade 1 Z orientation angle, node 24, rad
        274    9.646E-01,  4.239E-03, -2.639E-01         F               0         Blade 1 X orientation angle, node 25, rad
        275   -2.434E-01, -3.716E-01, -8.959E-01         F               0         Blade 1 Y orientation angle, node 25, rad
        276   -1.019E-01,  9.284E-01, -3.574E-01         F               0         Blade 1 Z orientation angle, node 25, rad
        277    9.639E-01,  3.266E-03, -2.662E-01         F               0         Blade 1 X orientation angle, node 26, rad
        278   -2.460E-01, -3.716E-01, -8.952E-01         F               0         Blade 1 Y orientation angle, node 26, rad
        279   -1.019E-01,  9.284E-01, -3.574E-01         F               0         Blade 1 Z orientation angle, node 26, rad
        280    9.633E-01,  2.293E-03, -2.685E-01         F               0         Blade 1 X orientation angle, node 27, rad
        281   -2.485E-01, -3.717E-01, -8.945E-01         F               0         Blade 1 Y orientation angle, node 27, rad
        282   -1.019E-01,  9.284E-01, -3.574E-01         F               0         Blade 1 Z orientation angle, node 27, rad
        283    9.629E-01,  1.774E-03, -2.698E-01         F               0         Blade 1 X orientation angle, node 28, rad
        284   -2.498E-01, -3.717E-01, -8.941E-01         F               0         Blade 1 Y orientation angle, node 28, rad
        285   -1.019E-01,  9.284E-01, -3.574E-01         F               0         Blade 1 Z orientation angle, node 28, rad
        286    1.437E+00                                 F               0         Blade 1 X translation velocity, node 1, m/s
        287    2.141E+00                                 F               0         Blade 1 Y translation velocity, node 1, m/s
        288    5.168E+00                                 F               0         Blade 1 Z translation velocity, node 1, m/s
        289    1.783E+00                                 F               0         Blade 1 X translation velocity, node 2, m/s
        290    2.658E+00                                 F               0         Blade 1 Y translation velocity, node 2, m/s
        291    6.413E+00                                 F               0         Blade 1 Z translation velocity, node 2, m/s
        292    6.487E+00                                 F               0         Blade 1 X translation velocity, node 3, m/s
        293    9.689E+00                                 F               0         Blade 1 Y translation velocity, node 3, m/s
        294    2.333E+01                                 F               0         Blade 1 Z translation velocity, node 3, m/s
        295    7.489E+00                                 F               0         Blade 1 X translation velocity, node 4, m/s
        296    1.119E+01                                 F               0         Blade 1 Y translation velocity, node 4, m/s
        297    2.694E+01                                 F               0         Blade 1 Z translation velocity, node 4, m/s
        298    8.491E+00                                 F               0         Blade 1 X translation velocity, node 5, m/s
        299    1.268E+01                                 F               0         Blade 1 Y translation velocity, node 5, m/s
        300    3.054E+01                                 F               0         Blade 1 Z translation velocity, node 5, m/s
        301    9.493E+00                                 F               0         Blade 1 X translation velocity, node 6, m/s
        302    1.418E+01                                 F               0         Blade 1 Y translation velocity, node 6, m/s
        303    3.415E+01                                 F               0         Blade 1 Z translation velocity, node 6, m/s
        304    1.050E+01                                 F               0         Blade 1 X translation velocity, node 7, m/s
        305    1.568E+01                                 F               0         Blade 1 Y translation velocity, node 7, m/s
        306    3.775E+01                                 F               0         Blade 1 Z translation velocity, node 7, m/s
        307    1.150E+01                                 F               0         Blade 1 X translation velocity, node 8, m/s
