
Linearized model: Predictions were generated on 06-Feb-2024 at 16:18:08 using OpenFAST, compiled as a 64-bit application using single precision at commit v3.5.1
 linked with  NWTC Subroutine Library; ElastoDyn; InflowWind; AeroDyn; ServoDyn; HydroDyn; MAP++ (<1.20.10>, <Oct-20-2023>)

Description from the FAST input file: CCT-9 Campign 4 model. Input files to be run with OpenFAST 3.5.0. GitHub branch from Lu Wang (https://github.com/luwang00/openfast/tree/dev) compiled on March 7, 2023.

Simulation information:
   Simulation time:                  1007.4750 s
   Rotor Speed:                         1.0420 rad/s
   Azimuth:                             3.0059 rad
   Wind Speed:                         12.0000 m/s
   Number of continuous states:         0
   Number of discrete states:           0
   Number of constraint states:         0
   Number of inputs:                 1746
   Number of outputs:                   4
   Jacobians included in this file?    No

Order of inputs:
     Column   Operating Point                     Rotating Frame? Derivative Order Description
   ---------- ---------------                     --------------- ---------------- -----------
          1    1.513E+01                                 F               0         Tower X translation displacement, node 1, m
          2   -1.423E+00                                 F               0         Tower Y translation displacement, node 1, m
          3   -4.818E-01                                 F               0         Tower Z translation displacement, node 1, m
          4    1.704E+01                                 F               0         Tower X translation displacement, node 2, m
          5   -2.004E+00                                 F               0         Tower Y translation displacement, node 2, m
          6   -6.445E-01                                 F               0         Tower Z translation displacement, node 2, m
          7    1.899E+01                                 F               0         Tower X translation displacement, node 3, m
          8   -2.590E+00                                 F               0         Tower Y translation displacement, node 3, m
          9   -8.129E-01                                 F               0         Tower Z translation displacement, node 3, m
         10    2.096E+01                                 F               0         Tower X translation displacement, node 4, m
         11   -3.181E+00                                 F               0         Tower Y translation displacement, node 4, m
         12   -9.857E-01                                 F               0         Tower Z translation displacement, node 4, m
         13    2.296E+01                                 F               0         Tower X translation displacement, node 5, m
         14   -3.776E+00                                 F               0         Tower Y translation displacement, node 5, m
         15   -1.162E+00                                 F               0         Tower Z translation displacement, node 5, m
         16    2.497E+01                                 F               0         Tower X translation displacement, node 6, m
         17   -4.374E+00                                 F               0         Tower Y translation displacement, node 6, m
         18   -1.342E+00                                 F               0         Tower Z translation displacement, node 6, m
         19    2.700E+01                                 F               0         Tower X translation displacement, node 7, m
         20   -4.974E+00                                 F               0         Tower Y translation displacement, node 7, m
         21   -1.524E+00                                 F               0         Tower Z translation displacement, node 7, m
         22    2.903E+01                                 F               0         Tower X translation displacement, node 8, m
         23   -5.577E+00                                 F               0         Tower Y translation displacement, node 8, m
         24   -1.708E+00                                 F               0         Tower Z translation displacement, node 8, m
         25    3.108E+01                                 F               0         Tower X translation displacement, node 9, m
         26   -6.181E+00                                 F               0         Tower Y translation displacement, node 9, m
         27   -1.894E+00                                 F               0         Tower Z translation displacement, node 9, m
         28    3.313E+01                                 F               0         Tower X translation displacement, node 10, m
         29   -6.786E+00                                 F               0         Tower Y translation displacement, node 10, m
         30   -2.080E+00                                 F               0         Tower Z translation displacement, node 10, m
         31    3.518E+01                                 F               0         Tower X translation displacement, node 11, m
         32   -7.392E+00                                 F               0         Tower Y translation displacement, node 11, m
         33   -2.267E+00                                 F               0         Tower Z translation displacement, node 11, m
         34    9.881E-01, -3.535E-03, -1.540E-01         F               0         Tower X orientation angle, node 1, rad
         35    1.070E-02,  9.989E-01,  4.574E-02         F               0         Tower Y orientation angle, node 1, rad
         36    1.537E-01, -4.684E-02,  9.870E-01         F               0         Tower Z orientation angle, node 1, rad
         37    9.877E-01, -3.412E-03, -1.566E-01         F               0         Tower X orientation angle, node 2, rad
         38    1.077E-02,  9.989E-01,  4.615E-02         F               0         Tower Y orientation angle, node 2, rad
         39    1.563E-01, -4.726E-02,  9.866E-01         F               0         Tower Z orientation angle, node 2, rad
         40    9.873E-01, -3.301E-03, -1.589E-01         F               0         Tower X orientation angle, node 3, rad
         41    1.083E-02,  9.989E-01,  4.651E-02         F               0         Tower Y orientation angle, node 3, rad
         42    1.586E-01, -4.764E-02,  9.862E-01         F               0         Tower Z orientation angle, node 3, rad
         43    9.870E-01, -3.206E-03, -1.609E-01         F               0         Tower X orientation angle, node 4, rad
         44    1.088E-02,  9.988E-01,  4.683E-02         F               0         Tower Y orientation angle, node 4, rad
         45    1.605E-01, -4.797E-02,  9.859E-01         F               0         Tower Z orientation angle, node 4, rad
         46    9.867E-01, -3.127E-03, -1.625E-01         F               0         Tower X orientation angle, node 5, rad
         47    1.092E-02,  9.988E-01,  4.711E-02         F               0         Tower Y orientation angle, node 5, rad
         48    1.621E-01, -4.826E-02,  9.856E-01         F               0         Tower Z orientation angle, node 5, rad
         49    9.865E-01, -3.061E-03, -1.638E-01         F               0         Tower X orientation angle, node 6, rad
         50    1.096E-02,  9.988E-01,  4.734E-02         F               0         Tower Y orientation angle, node 6, rad
         51    1.635E-01, -4.849E-02,  9.854E-01         F               0         Tower Z orientation angle, node 6, rad
         52    9.863E-01, -3.011E-03, -1.648E-01         F               0         Tower X orientation angle, node 7, rad
         53    1.099E-02,  9.988E-01,  4.752E-02         F               0         Tower Y orientation angle, node 7, rad
         54    1.645E-01, -4.868E-02,  9.852E-01         F               0         Tower Z orientation angle, node 7, rad
         55    9.862E-01, -2.973E-03, -1.656E-01         F               0         Tower X orientation angle, node 8, rad
         56    1.101E-02,  9.988E-01,  4.766E-02         F               0         Tower Y orientation angle, node 8, rad
         57    1.653E-01, -4.883E-02,  9.850E-01         F               0         Tower Z orientation angle, node 8, rad
         58    9.861E-01, -2.946E-03, -1.661E-01         F               0         Tower X orientation angle, node 9, rad
         59    1.103E-02,  9.988E-01,  4.777E-02         F               0         Tower Y orientation angle, node 9, rad
         60    1.658E-01, -4.894E-02,  9.849E-01         F               0         Tower Z orientation angle, node 9, rad
         61    9.860E-01, -2.929E-03, -1.665E-01         F               0         Tower X orientation angle, node 10, rad
         62    1.104E-02,  9.988E-01,  4.784E-02         F               0         Tower Y orientation angle, node 10, rad
         63    1.661E-01, -4.901E-02,  9.849E-01         F               0         Tower Z orientation angle, node 10, rad
         64    9.860E-01, -2.920E-03, -1.667E-01         F               0         Tower X orientation angle, node 11, rad
         65    1.105E-02,  9.988E-01,  4.787E-02         F               0         Tower Y orientation angle, node 11, rad
         66    1.663E-01, -4.905E-02,  9.849E-01         F               0         Tower Z orientation angle, node 11, rad
         67    8.058E-04                                 F               0         Tower X translation velocity, node 1, m/s
         68   -2.803E-04                                 F               0         Tower Y translation velocity, node 1, m/s
         69    5.108E-03                                 F               0         Tower Z translation velocity, node 1, m/s
         70    1.039E-03                                 F               0         Tower X translation velocity, node 2, m/s
         71   -4.653E-04                                 F               0         Tower Y translation velocity, node 2, m/s
         72    5.063E-03                                 F               0         Tower Z translation velocity, node 2, m/s
         73    1.199E-03                                 F               0         Tower X translation velocity, node 3, m/s
         74   -6.399E-04                                 F               0         Tower Y translation velocity, node 3, m/s
         75    5.029E-03                                 F               0         Tower Z translation velocity, node 3, m/s
         76    1.301E-03                                 F               0         Tower X translation velocity, node 4, m/s
         77   -8.049E-04                                 F               0         Tower Y translation velocity, node 4, m/s
         78    5.005E-03                                 F               0         Tower Z translation velocity, node 4, m/s
         79    1.355E-03                                 F               0         Tower X translation velocity, node 5, m/s
         80   -9.608E-04                                 F               0         Tower Y translation velocity, node 5, m/s
         81    4.988E-03                                 F               0         Tower Z translation velocity, node 5, m/s
         82    1.372E-03                                 F               0         Tower X translation velocity, node 6, m/s
         83   -1.108E-03                                 F               0         Tower Y translation velocity, node 6, m/s
         84    4.978E-03                                 F               0         Tower Z translation velocity, node 6, m/s
         85    1.360E-03                                 F               0         Tower X translation velocity, node 7, m/s
         86   -1.247E-03                                 F               0         Tower Y translation velocity, node 7, m/s
         87    4.973E-03                                 F               0         Tower Z translation velocity, node 7, m/s
         88    1.325E-03                                 F               0         Tower X translation velocity, node 8, m/s
         89   -1.379E-03                                 F               0         Tower Y translation velocity, node 8, m/s
         90    4.973E-03                                 F               0         Tower Z translation velocity, node 8, m/s
         91    1.273E-03                                 F               0         Tower X translation velocity, node 9, m/s
         92   -1.505E-03                                 F               0         Tower Y translation velocity, node 9, m/s
         93    4.975E-03                                 F               0         Tower Z translation velocity, node 9, m/s
         94    1.210E-03                                 F               0         Tower X translation velocity, node 10, m/s
         95   -1.625E-03                                 F               0         Tower Y translation velocity, node 10, m/s
         96    4.980E-03                                 F               0         Tower Z translation velocity, node 10, m/s
         97    1.141E-03                                 F               0         Tower X translation velocity, node 11, m/s
         98   -1.743E-03                                 F               0         Tower Y translation velocity, node 11, m/s
         99    4.985E-03                                 F               0         Tower Z translation velocity, node 11, m/s
        100    3.664E+01                                 F               0         Hub X translation displacement, node 1, m
        101   -7.745E+00                                 F               0         Hub Y translation displacement, node 1, m
        102   -5.860E-01                                 F               0         Hub Z translation displacement, node 1, m
        103    9.632E-01,  2.222E-03, -2.687E-01         F               0         Hub X orientation angle, node 1, rad
        104    2.537E-02, -9.963E-01,  8.270E-02         F               0         Hub Y orientation angle, node 1, rad
        105   -2.675E-01, -8.647E-02, -9.597E-01         F               0         Hub Z orientation angle, node 1, rad
        106    1.004E+00                                 F               0         Hub X rotation velocity, node 1, rad/s
        107    2.310E-03                                 F               0         Hub Y rotation velocity, node 1, rad/s
        108   -2.800E-01                                 F               0         Hub Z rotation velocity, node 1, rad/s
        109    9.620E-01,  3.178E-02, -2.710E-01         F               0         Blade root 1 X orientation angle, node 1, rad
        110    5.393E-02, -9.957E-01,  7.469E-02         F               0         Blade root 1 Y orientation angle, node 1, rad
        111   -2.675E-01, -8.647E-02, -9.597E-01         F               0         Blade root 1 Z orientation angle, node 1, rad
        112    9.700E-01, -1.033E-02, -2.427E-01         F               0         Blade root 2 X orientation angle, node 1, rad
        113   -2.157E-01,  4.231E-01, -8.800E-01         F               0         Blade root 2 Y orientation angle, node 1, rad
        114    1.118E-01,  9.060E-01,  4.082E-01         F               0         Blade root 2 Z orientation angle, node 1, rad
        115    9.563E-01, -1.478E-02, -2.920E-01         F               0         Blade root 3 X orientation angle, node 1, rad
        116    2.475E-01,  5.728E-01,  7.814E-01         F               0         Blade root 3 Y orientation angle, node 1, rad
        117    1.557E-01, -8.195E-01,  5.515E-01         F               0         Blade root 3 Z orientation angle, node 1, rad
        118    3.458E+01                                 F               0         Blade 1 X translation displacement, node 1, m
        119   -8.224E+00                                 F               0         Blade 1 Y translation displacement, node 1, m
        120   -1.141E+01                                 F               0         Blade 1 Z translation displacement, node 1, m
        121    3.408E+01                                 F               0         Blade 1 X translation displacement, node 2, m
        122   -8.339E+00                                 F               0         Blade 1 Y translation displacement, node 2, m
        123   -1.402E+01                                 F               0         Blade 1 Z translation displacement, node 2, m
        124    2.733E+01                                 F               0         Blade 1 X translation displacement, node 3, m
        125   -9.909E+00                                 F               0         Blade 1 Y translation displacement, node 3, m
        126   -4.949E+01                                 F               0         Blade 1 Z translation displacement, node 3, m
        127    2.589E+01                                 F               0         Blade 1 X translation displacement, node 4, m
        128   -1.024E+01                                 F               0         Blade 1 Y translation displacement, node 4, m
        129   -5.705E+01                                 F               0         Blade 1 Z translation displacement, node 4, m
        130    2.445E+01                                 F               0         Blade 1 X translation displacement, node 5, m
        131   -1.058E+01                                 F               0         Blade 1 Y translation displacement, node 5, m
        132   -6.461E+01                                 F               0         Blade 1 Z translation displacement, node 5, m
        133    2.301E+01                                 F               0         Blade 1 X translation displacement, node 6, m
        134   -1.091E+01                                 F               0         Blade 1 Y translation displacement, node 6, m
        135   -7.217E+01                                 F               0         Blade 1 Z translation displacement, node 6, m
        136    2.157E+01                                 F               0         Blade 1 X translation displacement, node 7, m
        137   -1.125E+01                                 F               0         Blade 1 Y translation displacement, node 7, m
        138   -7.973E+01                                 F               0         Blade 1 Z translation displacement, node 7, m
        139    2.014E+01                                 F               0         Blade 1 X translation displacement, node 8, m
        140   -1.158E+01                                 F               0         Blade 1 Y translation displacement, node 8, m
        141   -8.729E+01                                 F               0         Blade 1 Z translation displacement, node 8, m
        142    1.870E+01                                 F               0         Blade 1 X translation displacement, node 9, m
        143   -1.192E+01                                 F               0         Blade 1 Y translation displacement, node 9, m
        144   -9.484E+01                                 F               0         Blade 1 Z translation displacement, node 9, m
        145    1.726E+01                                 F               0         Blade 1 X translation displacement, node 10, m
        146   -1.225E+01                                 F               0         Blade 1 Y translation displacement, node 10, m
        147   -1.024E+02                                 F               0         Blade 1 Z translation displacement, node 10, m
        148    1.582E+01                                 F               0         Blade 1 X translation displacement, node 11, m
        149   -1.258E+01                                 F               0         Blade 1 Y translation displacement, node 11, m
        150   -1.100E+02                                 F               0         Blade 1 Z translation displacement, node 11, m
        151    1.438E+01                                 F               0         Blade 1 X translation displacement, node 12, m
        152   -1.292E+01                                 F               0         Blade 1 Y translation displacement, node 12, m
        153   -1.175E+02                                 F               0         Blade 1 Z translation displacement, node 12, m
        154    1.294E+01                                 F               0         Blade 1 X translation displacement, node 13, m
        155   -1.325E+01                                 F               0         Blade 1 Y translation displacement, node 13, m
        156   -1.251E+02                                 F               0         Blade 1 Z translation displacement, node 13, m
        157    1.150E+01                                 F               0         Blade 1 X translation displacement, node 14, m
        158   -1.359E+01                                 F               0         Blade 1 Y translation displacement, node 14, m
        159   -1.326E+02                                 F               0         Blade 1 Z translation displacement, node 14, m
        160    1.006E+01                                 F               0         Blade 1 X translation displacement, node 15, m
        161   -1.392E+01                                 F               0         Blade 1 Y translation displacement, node 15, m
        162   -1.402E+02                                 F               0         Blade 1 Z translation displacement, node 15, m
        163    8.624E+00                                 F               0         Blade 1 X translation displacement, node 16, m
        164   -1.426E+01                                 F               0         Blade 1 Y translation displacement, node 16, m
        165   -1.478E+02                                 F               0         Blade 1 Z translation displacement, node 16, m
        166    7.186E+00                                 F               0         Blade 1 X translation displacement, node 17, m
        167   -1.459E+01                                 F               0         Blade 1 Y translation displacement, node 17, m
        168   -1.553E+02                                 F               0         Blade 1 Z translation displacement, node 17, m
        169    5.747E+00                                 F               0         Blade 1 X translation displacement, node 18, m
        170   -1.493E+01                                 F               0         Blade 1 Y translation displacement, node 18, m
        171   -1.629E+02                                 F               0         Blade 1 Z translation displacement, node 18, m
        172    4.308E+00                                 F               0         Blade 1 X translation displacement, node 19, m
        173   -1.526E+01                                 F               0         Blade 1 Y translation displacement, node 19, m
        174   -1.704E+02                                 F               0         Blade 1 Z translation displacement, node 19, m
        175    2.869E+00                                 F               0         Blade 1 X translation displacement, node 20, m
        176   -1.559E+01                                 F               0         Blade 1 Y translation displacement, node 20, m
        177   -1.780E+02                                 F               0         Blade 1 Z translation displacement, node 20, m
        178    1.430E+00                                 F               0         Blade 1 X translation displacement, node 21, m
        179   -1.593E+01                                 F               0         Blade 1 Y translation displacement, node 21, m
        180   -1.855E+02                                 F               0         Blade 1 Z translation displacement, node 21, m
        181   -8.984E-03                                 F               0         Blade 1 X translation displacement, node 22, m
        182   -1.626E+01                                 F               0         Blade 1 Y translation displacement, node 22, m
        183   -1.931E+02                                 F               0         Blade 1 Z translation displacement, node 22, m
        184   -1.448E+00                                 F               0         Blade 1 X translation displacement, node 23, m
        185   -1.660E+01                                 F               0         Blade 1 Y translation displacement, node 23, m
        186   -2.007E+02                                 F               0         Blade 1 Z translation displacement, node 23, m
        187   -2.887E+00                                 F               0         Blade 1 X translation displacement, node 24, m
        188   -1.693E+01                                 F               0         Blade 1 Y translation displacement, node 24, m
        189   -2.082E+02                                 F               0         Blade 1 Z translation displacement, node 24, m
        190   -4.325E+00                                 F               0         Blade 1 X translation displacement, node 25, m
        191   -1.727E+01                                 F               0         Blade 1 Y translation displacement, node 25, m
        192   -2.158E+02                                 F               0         Blade 1 Z translation displacement, node 25, m
        193   -5.764E+00                                 F               0         Blade 1 X translation displacement, node 26, m
        194   -1.760E+01                                 F               0         Blade 1 Y translation displacement, node 26, m
        195   -2.233E+02                                 F               0         Blade 1 Z translation displacement, node 26, m
        196   -7.203E+00                                 F               0         Blade 1 X translation displacement, node 27, m
        197   -1.794E+01                                 F               0         Blade 1 Y translation displacement, node 27, m
        198   -2.309E+02                                 F               0         Blade 1 Z translation displacement, node 27, m
        199   -8.423E+00                                 F               0         Blade 1 X translation displacement, node 28, m
        200   -1.822E+01                                 F               0         Blade 1 Y translation displacement, node 28, m
        201   -2.373E+02                                 F               0         Blade 1 Z translation displacement, node 28, m
        202    8.316E-01,  4.824E-01, -2.753E-01         F               0         Blade 1 X orientation angle, node 1, rad
        203    4.867E-01, -8.717E-01, -5.712E-02         F               0         Blade 1 Y orientation angle, node 1, rad
        204   -2.675E-01, -8.647E-02, -9.597E-01         F               0         Blade 1 Z orientation angle, node 1, rad
        205    8.316E-01,  4.824E-01, -2.753E-01         F               0         Blade 1 X orientation angle, node 2, rad
        206    4.867E-01, -8.717E-01, -5.712E-02         F               0         Blade 1 Y orientation angle, node 2, rad
        207   -2.675E-01, -8.647E-02, -9.597E-01         F               0         Blade 1 Z orientation angle, node 2, rad
        208    9.233E-01,  2.620E-01, -2.810E-01         F               0         Blade 1 X orientation angle, node 3, rad
        209    2.757E-01, -9.612E-01,  9.748E-03         F               0         Blade 1 Y orientation angle, node 3, rad
        210   -2.675E-01, -8.647E-02, -9.597E-01         F               0         Blade 1 Z orientation angle, node 3, rad
        211    9.341E-01,  2.212E-01, -2.803E-01         F               0         Blade 1 X orientation angle, node 4, rad
        212    2.365E-01, -9.714E-01,  2.160E-02         F               0         Blade 1 Y orientation angle, node 4, rad
        213   -2.675E-01, -8.647E-02, -9.597E-01         F               0         Blade 1 Z orientation angle, node 4, rad
        214    9.414E-01,  1.889E-01, -2.794E-01         F               0         Blade 1 X orientation angle, node 5, rad
        215    2.054E-01, -9.782E-01,  3.088E-02         F               0         Blade 1 Y orientation angle, node 5, rad
        216   -2.675E-01, -8.647E-02, -9.597E-01         F               0         Blade 1 Z orientation angle, node 5, rad
        217    9.465E-01,  1.628E-01, -2.785E-01         F               0         Blade 1 X orientation angle, node 6, rad
        218    1.804E-01, -9.829E-01,  3.829E-02         F               0         Blade 1 Y orientation angle, node 6, rad
        219   -2.675E-01, -8.647E-02, -9.597E-01         F               0         Blade 1 Z orientation angle, node 6, rad
        220    9.502E-01,  1.414E-01, -2.776E-01         F               0         Blade 1 X orientation angle, node 7, rad
        221    1.597E-01, -9.862E-01,  4.435E-02         F               0         Blade 1 Y orientation angle, node 7, rad
        222   -2.675E-01, -8.647E-02, -9.597E-01         F               0         Blade 1 Z orientation angle, node 7, rad
        223    9.530E-01,  1.234E-01, -2.768E-01         F               0         Blade 1 X orientation angle, node 8, rad
        224    1.424E-01, -9.886E-01,  4.938E-02         F               0         Blade 1 Y orientation angle, node 8, rad
        225   -2.675E-01, -8.647E-02, -9.597E-01         F               0         Blade 1 Z orientation angle, node 8, rad
        226    9.551E-01,  1.082E-01, -2.760E-01         F               0         Blade 1 X orientation angle, node 9, rad
        227    1.277E-01, -9.904E-01,  5.363E-02         F               0         Blade 1 Y orientation angle, node 9, rad
        228   -2.675E-01, -8.647E-02, -9.597E-01         F               0         Blade 1 Z orientation angle, node 9, rad
        229    9.567E-01,  9.510E-02, -2.752E-01         F               0         Blade 1 X orientation angle, node 10, rad
        230    1.151E-01, -9.917E-01,  5.728E-02         F               0         Blade 1 Y orientation angle, node 10, rad
        231   -2.675E-01, -8.647E-02, -9.597E-01         F               0         Blade 1 Z orientation angle, node 10, rad
        232    9.579E-01,  8.385E-02, -2.746E-01         F               0         Blade 1 X orientation angle, node 11, rad
        233    1.042E-01, -9.927E-01,  6.040E-02         F               0         Blade 1 Y orientation angle, node 11, rad
        234   -2.675E-01, -8.647E-02, -9.597E-01         F               0         Blade 1 Z orientation angle, node 11, rad
        235    9.589E-01,  7.397E-02, -2.739E-01         F               0         Blade 1 X orientation angle, node 12, rad
        236    9.467E-02, -9.935E-01,  6.313E-02         F               0         Blade 1 Y orientation angle, node 12, rad
        237   -2.675E-01, -8.647E-02, -9.597E-01         F               0         Blade 1 Z orientation angle, node 12, rad
        238    9.597E-01,  6.529E-02, -2.734E-01         F               0         Blade 1 X orientation angle, node 13, rad
        239    8.630E-02, -9.941E-01,  6.552E-02         F               0         Blade 1 Y orientation angle, node 13, rad
        240   -2.675E-01, -8.647E-02, -9.597E-01         F               0         Blade 1 Z orientation angle, node 13, rad
        241    9.603E-01,  5.748E-02, -2.729E-01         F               0         Blade 1 X orientation angle, node 14, rad
        242    7.876E-02, -9.946E-01,  6.766E-02         F               0         Blade 1 Y orientation angle, node 14, rad
        243   -2.675E-01, -8.647E-02, -9.597E-01         F               0         Blade 1 Z orientation angle, node 14, rad
        244    9.609E-01,  5.054E-02, -2.724E-01         F               0         Blade 1 X orientation angle, node 15, rad
        245    7.205E-02, -9.950E-01,  6.957E-02         F               0         Blade 1 Y orientation angle, node 15, rad
        246   -2.675E-01, -8.647E-02, -9.597E-01         F               0         Blade 1 Z orientation angle, node 15, rad
        247    9.613E-01,  4.429E-02, -2.719E-01         F               0         Blade 1 X orientation angle, node 16, rad
        248    6.601E-02, -9.953E-01,  7.128E-02         F               0         Blade 1 Y orientation angle, node 16, rad
        249   -2.675E-01, -8.647E-02, -9.597E-01         F               0         Blade 1 Z orientation angle, node 16, rad
        250    9.616E-01,  3.873E-02, -2.715E-01         F               0         Blade 1 X orientation angle, node 17, rad
        251    6.065E-02, -9.955E-01,  7.279E-02         F               0         Blade 1 Y orientation angle, node 17, rad
        252   -2.675E-01, -8.647E-02, -9.597E-01         F               0         Blade 1 Z orientation angle, node 17, rad
        253    9.620E-01,  3.351E-02, -2.712E-01         F               0         Blade 1 X orientation angle, node 18, rad
        254    5.561E-02, -9.957E-01,  7.422E-02         F               0         Blade 1 Y orientation angle, node 18, rad
        255   -2.675E-01, -8.647E-02, -9.597E-01         F               0         Blade 1 Z orientation angle, node 18, rad
        256    9.622E-01,  2.882E-02, -2.708E-01         F               0         Blade 1 X orientation angle, node 19, rad
        257    5.108E-02, -9.958E-01,  7.549E-02         F               0         Blade 1 Y orientation angle, node 19, rad
        258   -2.675E-01, -8.647E-02, -9.597E-01         F               0         Blade 1 Z orientation angle, node 19, rad
        259    9.624E-01,  2.465E-02, -2.705E-01         F               0         Blade 1 X orientation angle, node 20, rad
        260    4.704E-02, -9.959E-01,  7.663E-02         F               0         Blade 1 Y orientation angle, node 20, rad
        261   -2.675E-01, -8.647E-02, -9.597E-01         F               0         Blade 1 Z orientation angle, node 20, rad
        262    9.626E-01,  2.065E-02, -2.702E-01         F               0         Blade 1 X orientation angle, node 21, rad
        263    4.318E-02, -9.960E-01,  7.771E-02         F               0         Blade 1 Y orientation angle, node 21, rad
        264   -2.675E-01, -8.647E-02, -9.597E-01         F               0         Blade 1 Z orientation angle, node 21, rad
        265    9.627E-01,  1.700E-02, -2.699E-01         F               0         Blade 1 X orientation angle, node 22, rad
        266    3.965E-02, -9.961E-01,  7.870E-02         F               0         Blade 1 Y orientation angle, node 22, rad
        267   -2.675E-01, -8.647E-02, -9.597E-01         F               0         Blade 1 Z orientation angle, node 22, rad
        268    9.629E-01,  1.370E-02, -2.696E-01         F               0         Blade 1 X orientation angle, node 23, rad
        269    3.646E-02, -9.962E-01,  7.960E-02         F               0         Blade 1 Y orientation angle, node 23, rad
        270   -2.675E-01, -8.647E-02, -9.597E-01         F               0         Blade 1 Z orientation angle, node 23, rad
        271    9.630E-01,  1.057E-02, -2.694E-01         F               0         Blade 1 X orientation angle, node 24, rad
        272    3.343E-02, -9.962E-01,  8.044E-02         F               0         Blade 1 Y orientation angle, node 24, rad
        273   -2.675E-01, -8.647E-02, -9.597E-01         F               0         Blade 1 Z orientation angle, node 24, rad
        274    9.631E-01,  7.612E-03, -2.691E-01         F               0         Blade 1 X orientation angle, node 25, rad
        275    3.058E-02, -9.962E-01,  8.124E-02         F               0         Blade 1 Y orientation angle, node 25, rad
        276   -2.675E-01, -8.647E-02, -9.597E-01         F               0         Blade 1 Z orientation angle, node 25, rad
        277    9.632E-01,  5.004E-03, -2.689E-01         F               0         Blade 1 X orientation angle, node 26, rad
        278    2.806E-02, -9.962E-01,  8.194E-02         F               0         Blade 1 Y orientation angle, node 26, rad
        279   -2.675E-01, -8.647E-02, -9.597E-01         F               0         Blade 1 Z orientation angle, node 26, rad
        280    9.632E-01,  2.396E-03, -2.687E-01         F               0         Blade 1 X orientation angle, node 27, rad
        281    2.553E-02, -9.963E-01,  8.265E-02         F               0         Blade 1 Y orientation angle, node 27, rad
        282   -2.675E-01, -8.647E-02, -9.597E-01         F               0         Blade 1 Z orientation angle, node 27, rad
        283    9.633E-01,  1.005E-03, -2.686E-01         F               0         Blade 1 X orientation angle, node 28, rad
        284    2.419E-02, -9.963E-01,  8.302E-02         F               0         Blade 1 Y orientation angle, node 28, rad
        285   -2.675E-01, -8.647E-02, -9.597E-01         F               0         Blade 1 Z orientation angle, node 28, rad
        286   -1.453E-01                                 F               0         Blade 1 X translation velocity, node 1, m/s
        287    5.749E+00                                 F               0         Blade 1 Y translation velocity, node 1, m/s
        288   -4.725E-01                                 F               0         Blade 1 Z translation velocity, node 1, m/s
        289   -1.806E-01                                 F               0         Blade 1 X translation velocity, node 2, m/s
        290    7.135E+00                                 F               0         Blade 1 Y translation velocity, node 2, m/s
        291   -5.875E-01                                 F               0         Blade 1 Z translation velocity, node 2, m/s
        292   -6.603E-01                                 F               0         Blade 1 X translation velocity, node 3, m/s
        293    2.598E+01                                 F               0         Blade 1 Y translation velocity, node 3, m/s
        294   -2.152E+00                                 F               0         Blade 1 Z translation velocity, node 3, m/s
        295   -7.625E-01                                 F               0         Blade 1 X translation velocity, node 4, m/s
        296    2.999E+01                                 F               0         Blade 1 Y translation velocity, node 4, m/s
        297   -2.485E+00                                 F               0         Blade 1 Z translation velocity, node 4, m/s
        298   -8.647E-01                                 F               0         Blade 1 X translation velocity, node 5, m/s
        299    3.401E+01                                 F               0         Blade 1 Y translation velocity, node 5, m/s
        300   -2.818E+00                                 F               0         Blade 1 Z translation velocity, node 5, m/s
        301   -9.669E-01                                 F               0         Blade 1 X translation velocity, node 6, m/s
        302    3.803E+01                                 F               0         Blade 1 Y translation velocity, node 6, m/s
        303   -3.152E+00                                 F               0         Blade 1 Z translation velocity, node 6, m/s
        304   -1.069E+00                                 F               0         Blade 1 X translation velocity, node 7, m/s
        305    4.204E+01                                 F               0         Blade 1 Y translation velocity, node 7, m/s
        306   -3.485E+00                                 F               0         Blade 1 Z translation velocity, node 7, m/s
        307   -1.171E+00                                 F               0         Blade 1 X translation velocity, node 8, m/s
