
Linearized model: Predictions were generated on 06-Feb-2024 at 16:18:08 using OpenFAST, compiled as a 64-bit application using single precision at commit v3.5.1
 linked with  NWTC Subroutine Library; ElastoDyn; InflowWind; AeroDyn; ServoDyn; HydroDyn; MAP++ (<1.20.10>, <Oct-20-2023>)

Description from the FAST input file: CCT-9 Campign 4 model. Input files to be run with OpenFAST 3.5.0. GitHub branch from Lu Wang (https://github.com/luwang00/openfast/tree/dev) compiled on March 7, 2023.

Simulation information:
   Simulation time:                  1003.9750 s
   Rotor Speed:                         1.0420 rad/s
   Azimuth:                             5.6425 rad
   Wind Speed:                         12.0000 m/s
   Number of continuous states:         0
   Number of discrete states:           0
   Number of constraint states:         0
   Number of inputs:                 1746
   Number of outputs:                   4
   Jacobians included in this file?    No

Order of inputs:
     Column   Operating Point                     Rotating Frame? Derivative Order Description
   ---------- ---------------                     --------------- ---------------- -----------
          1    1.513E+01                                 F               0         Tower X translation displacement, node 1, m
          2   -1.424E+00                                 F               0         Tower Y translation displacement, node 1, m
          3   -4.954E-01                                 F               0         Tower Z translation displacement, node 1, m
          4    1.704E+01                                 F               0         Tower X translation displacement, node 2, m
          5   -2.006E+00                                 F               0         Tower Y translation displacement, node 2, m
          6   -6.581E-01                                 F               0         Tower Z translation displacement, node 2, m
          7    1.899E+01                                 F               0         Tower X translation displacement, node 3, m
          8   -2.594E+00                                 F               0         Tower Y translation displacement, node 3, m
          9   -8.265E-01                                 F               0         Tower Z translation displacement, node 3, m
         10    2.096E+01                                 F               0         Tower X translation displacement, node 4, m
         11   -3.185E+00                                 F               0         Tower Y translation displacement, node 4, m
         12   -9.993E-01                                 F               0         Tower Z translation displacement, node 4, m
         13    2.296E+01                                 F               0         Tower X translation displacement, node 5, m
         14   -3.781E+00                                 F               0         Tower Y translation displacement, node 5, m
         15   -1.176E+00                                 F               0         Tower Z translation displacement, node 5, m
         16    2.497E+01                                 F               0         Tower X translation displacement, node 6, m
         17   -4.379E+00                                 F               0         Tower Y translation displacement, node 6, m
         18   -1.356E+00                                 F               0         Tower Z translation displacement, node 6, m
         19    2.699E+01                                 F               0         Tower X translation displacement, node 7, m
         20   -4.980E+00                                 F               0         Tower Y translation displacement, node 7, m
         21   -1.538E+00                                 F               0         Tower Z translation displacement, node 7, m
         22    2.903E+01                                 F               0         Tower X translation displacement, node 8, m
         23   -5.583E+00                                 F               0         Tower Y translation displacement, node 8, m
         24   -1.722E+00                                 F               0         Tower Z translation displacement, node 8, m
         25    3.108E+01                                 F               0         Tower X translation displacement, node 9, m
         26   -6.187E+00                                 F               0         Tower Y translation displacement, node 9, m
         27   -1.907E+00                                 F               0         Tower Z translation displacement, node 9, m
         28    3.313E+01                                 F               0         Tower X translation displacement, node 10, m
         29   -6.793E+00                                 F               0         Tower Y translation displacement, node 10, m
         30   -2.093E+00                                 F               0         Tower Z translation displacement, node 10, m
         31    3.518E+01                                 F               0         Tower X translation displacement, node 11, m
         32   -7.399E+00                                 F               0         Tower Y translation displacement, node 11, m
         33   -2.280E+00                                 F               0         Tower Z translation displacement, node 11, m
         34    9.881E-01, -3.530E-03, -1.540E-01         F               0         Tower X orientation angle, node 1, rad
         35    1.071E-02,  9.989E-01,  4.582E-02         F               0         Tower Y orientation angle, node 1, rad
         36    1.537E-01, -4.692E-02,  9.870E-01         F               0         Tower Z orientation angle, node 1, rad
         37    9.877E-01, -3.406E-03, -1.566E-01         F               0         Tower X orientation angle, node 2, rad
         38    1.077E-02,  9.989E-01,  4.622E-02         F               0         Tower Y orientation angle, node 2, rad
         39    1.562E-01, -4.734E-02,  9.866E-01         F               0         Tower Z orientation angle, node 2, rad
         40    9.873E-01, -3.296E-03, -1.589E-01         F               0         Tower X orientation angle, node 3, rad
         41    1.083E-02,  9.989E-01,  4.658E-02         F               0         Tower Y orientation angle, node 3, rad
         42    1.585E-01, -4.771E-02,  9.862E-01         F               0         Tower Z orientation angle, node 3, rad
         43    9.870E-01, -3.201E-03, -1.608E-01         F               0         Tower X orientation angle, node 4, rad
         44    1.088E-02,  9.988E-01,  4.689E-02         F               0         Tower Y orientation angle, node 4, rad
         45    1.605E-01, -4.803E-02,  9.859E-01         F               0         Tower Z orientation angle, node 4, rad
         46    9.867E-01, -3.121E-03, -1.625E-01         F               0         Tower X orientation angle, node 5, rad
         47    1.092E-02,  9.988E-01,  4.716E-02         F               0         Tower Y orientation angle, node 5, rad
         48    1.621E-01, -4.831E-02,  9.856E-01         F               0         Tower Z orientation angle, node 5, rad
         49    9.865E-01, -3.055E-03, -1.638E-01         F               0         Tower X orientation angle, node 6, rad
         50    1.096E-02,  9.988E-01,  4.738E-02         F               0         Tower Y orientation angle, node 6, rad
         51    1.635E-01, -4.854E-02,  9.854E-01         F               0         Tower Z orientation angle, node 6, rad
         52    9.863E-01, -3.005E-03, -1.648E-01         F               0         Tower X orientation angle, node 7, rad
         53    1.099E-02,  9.988E-01,  4.756E-02         F               0         Tower Y orientation angle, node 7, rad
         54    1.645E-01, -4.872E-02,  9.852E-01         F               0         Tower Z orientation angle, node 7, rad
         55    9.862E-01, -2.967E-03, -1.656E-01         F               0         Tower X orientation angle, node 8, rad
         56    1.101E-02,  9.988E-01,  4.770E-02         F               0         Tower Y orientation angle, node 8, rad
         57    1.652E-01, -4.887E-02,  9.850E-01         F               0         Tower Z orientation angle, node 8, rad
         58    9.861E-01, -2.940E-03, -1.661E-01         F               0         Tower X orientation angle, node 9, rad
         59    1.103E-02,  9.988E-01,  4.780E-02         F               0         Tower Y orientation angle, node 9, rad
         60    1.658E-01, -4.897E-02,  9.849E-01         F               0         Tower Z orientation angle, node 9, rad
         61    9.860E-01, -2.923E-03, -1.665E-01         F               0         Tower X orientation angle, node 10, rad
         62    1.104E-02,  9.988E-01,  4.787E-02         F               0         Tower Y orientation angle, node 10, rad
         63    1.661E-01, -4.904E-02,  9.849E-01         F               0         Tower Z orientation angle, node 10, rad
         64    9.860E-01, -2.914E-03, -1.666E-01         F               0         Tower X orientation angle, node 11, rad
         65    1.105E-02,  9.988E-01,  4.791E-02         F               0         Tower Y orientation angle, node 11, rad
         66    1.663E-01, -4.908E-02,  9.849E-01         F               0         Tower Z orientation angle, node 11, rad
         67   -1.474E-04                                 F               0         Tower X translation velocity, node 1, m/s
         68   -1.361E-04                                 F               0         Tower Y translation velocity, node 1, m/s
         69    1.731E-03                                 F               0         Tower Z translation velocity, node 1, m/s
         70   -2.237E-04                                 F               0         Tower X translation velocity, node 2, m/s
         71   -2.199E-04                                 F               0         Tower Y translation velocity, node 2, m/s
         72    1.739E-03                                 F               0         Tower Z translation velocity, node 2, m/s
         73   -3.136E-04                                 F               0         Tower X translation velocity, node 3, m/s
         74   -2.841E-04                                 F               0         Tower Y translation velocity, node 3, m/s
         75    1.751E-03                                 F               0         Tower Z translation velocity, node 3, m/s
         76   -4.085E-04                                 F               0         Tower X translation velocity, node 4, m/s
         77   -3.331E-04                                 F               0         Tower Y translation velocity, node 4, m/s
         78    1.764E-03                                 F               0         Tower Z translation velocity, node 4, m/s
         79   -5.021E-04                                 F               0         Tower X translation velocity, node 5, m/s
         80   -3.695E-04                                 F               0         Tower Y translation velocity, node 5, m/s
         81    1.777E-03                                 F               0         Tower Z translation velocity, node 5, m/s
         82   -5.892E-04                                 F               0         Tower X translation velocity, node 6, m/s
         83   -3.955E-04                                 F               0         Tower Y translation velocity, node 6, m/s
         84    1.790E-03                                 F               0         Tower Z translation velocity, node 6, m/s
         85   -6.672E-04                                 F               0         Tower X translation velocity, node 7, m/s
         86   -4.139E-04                                 F               0         Tower Y translation velocity, node 7, m/s
         87    1.802E-03                                 F               0         Tower Z translation velocity, node 7, m/s
         88   -7.334E-04                                 F               0         Tower X translation velocity, node 8, m/s
         89   -4.257E-04                                 F               0         Tower Y translation velocity, node 8, m/s
         90    1.813E-03                                 F               0         Tower Z translation velocity, node 8, m/s
         91   -7.873E-04                                 F               0         Tower X translation velocity, node 9, m/s
         92   -4.329E-04                                 F               0         Tower Y translation velocity, node 9, m/s
         93    1.821E-03                                 F               0         Tower Z translation velocity, node 9, m/s
         94   -8.305E-04                                 F               0         Tower X translation velocity, node 10, m/s
         95   -4.369E-04                                 F               0         Tower Y translation velocity, node 10, m/s
         96    1.829E-03                                 F               0         Tower Z translation velocity, node 10, m/s
         97   -8.656E-04                                 F               0         Tower X translation velocity, node 11, m/s
         98   -4.390E-04                                 F               0         Tower Y translation velocity, node 11, m/s
         99    1.834E-03                                 F               0         Tower Z translation velocity, node 11, m/s
        100    3.664E+01                                 F               0         Hub X translation displacement, node 1, m
        101   -7.753E+00                                 F               0         Hub Y translation displacement, node 1, m
        102   -5.997E-01                                 F               0         Hub Z translation displacement, node 1, m
        103    9.632E-01,  2.232E-03, -2.687E-01         F               0         Hub X orientation angle, node 1, rad
        104   -1.516E-01,  8.301E-01, -5.367E-01         F               0         Hub Y orientation angle, node 1, rad
        105    2.218E-01,  5.577E-01,  7.999E-01         F               0         Hub Z orientation angle, node 1, rad
        106    1.004E+00                                 F               0         Hub X rotation velocity, node 1, rad/s
        107    2.323E-03                                 F               0         Hub Y rotation velocity, node 1, rad/s
        108   -2.799E-01                                 F               0         Hub Z rotation velocity, node 1, rad/s
        109    9.673E-01, -2.239E-02, -2.526E-01         F               0         Blade root 1 X orientation angle, node 1, rad
        110   -1.230E-01,  8.298E-01, -5.444E-01         F               0         Blade root 1 Y orientation angle, node 1, rad
        111    2.218E-01,  5.577E-01,  7.999E-01         F               0         Blade root 1 Z orientation angle, node 1, rad
        112    9.549E-01,  2.153E-04, -2.971E-01         F               0         Blade root 2 X orientation angle, node 1, rad
        113    2.964E-01,  6.797E-02,  9.527E-01         F               0         Blade root 2 Y orientation angle, node 1, rad
        114    2.040E-02, -9.977E-01,  6.484E-02         F               0         Blade root 2 Z orientation angle, node 1, rad
        115    9.663E-01,  2.887E-02, -2.560E-01         F               0         Blade root 3 X orientation angle, node 1, rad
        116   -8.766E-02, -8.975E-01, -4.322E-01         F               0         Blade root 3 Y orientation angle, node 1, rad
        117   -2.422E-01,  4.400E-01, -8.647E-01         F               0         Blade root 3 Z orientation angle, node 1, rad
        118    3.729E+01                                 F               0         Blade 1 X translation displacement, node 1, m
        119   -4.663E+00                                 F               0         Blade 1 Y translation displacement, node 1, m
        120   -1.678E+00                                 F               0         Blade 1 Z translation displacement, node 1, m
        121    3.744E+01                                 F               0         Blade 1 X translation displacement, node 2, m
        122   -3.919E+00                                 F               0         Blade 1 Y translation displacement, node 2, m
        123   -1.938E+00                                 F               0         Blade 1 Z translation displacement, node 2, m
        124    3.957E+01                                 F               0         Blade 1 X translation displacement, node 3, m
        125    6.204E+00                                 F               0         Blade 1 Y translation displacement, node 3, m
        126   -5.471E+00                                 F               0         Blade 1 Z translation displacement, node 3, m
        127    4.003E+01                                 F               0         Blade 1 X translation displacement, node 4, m
        128    8.361E+00                                 F               0         Blade 1 Y translation displacement, node 4, m
        129   -6.224E+00                                 F               0         Blade 1 Z translation displacement, node 4, m
        130    4.048E+01                                 F               0         Blade 1 X translation displacement, node 5, m
        131    1.052E+01                                 F               0         Blade 1 Y translation displacement, node 5, m
        132   -6.977E+00                                 F               0         Blade 1 Z translation displacement, node 5, m
        133    4.093E+01                                 F               0         Blade 1 X translation displacement, node 6, m
        134    1.268E+01                                 F               0         Blade 1 Y translation displacement, node 6, m
        135   -7.730E+00                                 F               0         Blade 1 Z translation displacement, node 6, m
        136    4.139E+01                                 F               0         Blade 1 X translation displacement, node 7, m
        137    1.483E+01                                 F               0         Blade 1 Y translation displacement, node 7, m
        138   -8.482E+00                                 F               0         Blade 1 Z translation displacement, node 7, m
        139    4.184E+01                                 F               0         Blade 1 X translation displacement, node 8, m
        140    1.699E+01                                 F               0         Blade 1 Y translation displacement, node 8, m
        141   -9.235E+00                                 F               0         Blade 1 Z translation displacement, node 8, m
        142    4.229E+01                                 F               0         Blade 1 X translation displacement, node 9, m
        143    1.915E+01                                 F               0         Blade 1 Y translation displacement, node 9, m
        144   -9.988E+00                                 F               0         Blade 1 Z translation displacement, node 9, m
        145    4.275E+01                                 F               0         Blade 1 X translation displacement, node 10, m
        146    2.130E+01                                 F               0         Blade 1 Y translation displacement, node 10, m
        147   -1.074E+01                                 F               0         Blade 1 Z translation displacement, node 10, m
        148    4.320E+01                                 F               0         Blade 1 X translation displacement, node 11, m
        149    2.346E+01                                 F               0         Blade 1 Y translation displacement, node 11, m
        150   -1.149E+01                                 F               0         Blade 1 Z translation displacement, node 11, m
        151    4.365E+01                                 F               0         Blade 1 X translation displacement, node 12, m
        152    2.562E+01                                 F               0         Blade 1 Y translation displacement, node 12, m
        153   -1.225E+01                                 F               0         Blade 1 Z translation displacement, node 12, m
        154    4.411E+01                                 F               0         Blade 1 X translation displacement, node 13, m
        155    2.777E+01                                 F               0         Blade 1 Y translation displacement, node 13, m
        156   -1.300E+01                                 F               0         Blade 1 Z translation displacement, node 13, m
        157    4.456E+01                                 F               0         Blade 1 X translation displacement, node 14, m
        158    2.993E+01                                 F               0         Blade 1 Y translation displacement, node 14, m
        159   -1.375E+01                                 F               0         Blade 1 Z translation displacement, node 14, m
        160    4.502E+01                                 F               0         Blade 1 X translation displacement, node 15, m
        161    3.209E+01                                 F               0         Blade 1 Y translation displacement, node 15, m
        162   -1.451E+01                                 F               0         Blade 1 Z translation displacement, node 15, m
        163    4.547E+01                                 F               0         Blade 1 X translation displacement, node 16, m
        164    3.424E+01                                 F               0         Blade 1 Y translation displacement, node 16, m
        165   -1.526E+01                                 F               0         Blade 1 Z translation displacement, node 16, m
        166    4.592E+01                                 F               0         Blade 1 X translation displacement, node 17, m
        167    3.640E+01                                 F               0         Blade 1 Y translation displacement, node 17, m
        168   -1.601E+01                                 F               0         Blade 1 Z translation displacement, node 17, m
        169    4.638E+01                                 F               0         Blade 1 X translation displacement, node 18, m
        170    3.856E+01                                 F               0         Blade 1 Y translation displacement, node 18, m
        171   -1.676E+01                                 F               0         Blade 1 Z translation displacement, node 18, m
        172    4.683E+01                                 F               0         Blade 1 X translation displacement, node 19, m
        173    4.072E+01                                 F               0         Blade 1 Y translation displacement, node 19, m
        174   -1.752E+01                                 F               0         Blade 1 Z translation displacement, node 19, m
        175    4.728E+01                                 F               0         Blade 1 X translation displacement, node 20, m
        176    4.287E+01                                 F               0         Blade 1 Y translation displacement, node 20, m
        177   -1.827E+01                                 F               0         Blade 1 Z translation displacement, node 20, m
        178    4.774E+01                                 F               0         Blade 1 X translation displacement, node 21, m
        179    4.503E+01                                 F               0         Blade 1 Y translation displacement, node 21, m
        180   -1.902E+01                                 F               0         Blade 1 Z translation displacement, node 21, m
        181    4.819E+01                                 F               0         Blade 1 X translation displacement, node 22, m
        182    4.719E+01                                 F               0         Blade 1 Y translation displacement, node 22, m
        183   -1.978E+01                                 F               0         Blade 1 Z translation displacement, node 22, m
        184    4.864E+01                                 F               0         Blade 1 X translation displacement, node 23, m
        185    4.934E+01                                 F               0         Blade 1 Y translation displacement, node 23, m
        186   -2.053E+01                                 F               0         Blade 1 Z translation displacement, node 23, m
        187    4.910E+01                                 F               0         Blade 1 X translation displacement, node 24, m
        188    5.150E+01                                 F               0         Blade 1 Y translation displacement, node 24, m
        189   -2.128E+01                                 F               0         Blade 1 Z translation displacement, node 24, m
        190    4.955E+01                                 F               0         Blade 1 X translation displacement, node 25, m
        191    5.366E+01                                 F               0         Blade 1 Y translation displacement, node 25, m
        192   -2.203E+01                                 F               0         Blade 1 Z translation displacement, node 25, m
        193    5.000E+01                                 F               0         Blade 1 X translation displacement, node 26, m
        194    5.581E+01                                 F               0         Blade 1 Y translation displacement, node 26, m
        195   -2.279E+01                                 F               0         Blade 1 Z translation displacement, node 26, m
        196    5.046E+01                                 F               0         Blade 1 X translation displacement, node 27, m
        197    5.797E+01                                 F               0         Blade 1 Y translation displacement, node 27, m
        198   -2.354E+01                                 F               0         Blade 1 Z translation displacement, node 27, m
        199    5.084E+01                                 F               0         Blade 1 X translation displacement, node 28, m
        200    5.980E+01                                 F               0         Blade 1 Y translation displacement, node 28, m
        201   -2.418E+01                                 F               0         Blade 1 Z translation displacement, node 28, m
        202    9.170E-01, -3.983E-01,  2.343E-02         F               0         Blade 1 X orientation angle, node 1, rad
        203    3.317E-01,  7.283E-01, -5.997E-01         F               0         Blade 1 Y orientation angle, node 1, rad
        204    2.218E-01,  5.577E-01,  7.999E-01         F               0         Blade 1 Z orientation angle, node 1, rad
        205    9.170E-01, -3.983E-01,  2.343E-02         F               0         Blade 1 X orientation angle, node 2, rad
        206    3.317E-01,  7.283E-01, -5.997E-01         F               0         Blade 1 Y orientation angle, node 2, rad
        207    2.218E-01,  5.577E-01,  7.999E-01         F               0         Blade 1 Z orientation angle, node 2, rad
        208    9.694E-01, -2.144E-01, -1.194E-01         F               0         Blade 1 X orientation angle, node 3, rad
        209    1.049E-01,  8.019E-01, -5.882E-01         F               0         Blade 1 Y orientation angle, node 3, rad
        210    2.218E-01,  5.577E-01,  7.999E-01         F               0         Blade 1 Z orientation angle, node 3, rad
        211    9.730E-01, -1.803E-01, -1.441E-01         F               0         Blade 1 X orientation angle, node 4, rad
        212    6.386E-02,  8.102E-01, -5.826E-01         F               0         Blade 1 Y orientation angle, node 4, rad
        213    2.218E-01,  5.577E-01,  7.999E-01         F               0         Blade 1 Z orientation angle, node 4, rad
        214    9.746E-01, -1.533E-01, -1.633E-01         F               0         Blade 1 X orientation angle, node 5, rad
        215    3.157E-02,  8.158E-01, -5.775E-01         F               0         Blade 1 Y orientation angle, node 5, rad
        216    2.218E-01,  5.577E-01,  7.999E-01         F               0         Blade 1 Z orientation angle, node 5, rad
        217    9.751E-01, -1.317E-01, -1.786E-01         F               0         Blade 1 X orientation angle, node 6, rad
        218    5.703E-03,  8.196E-01, -5.730E-01         F               0         Blade 1 Y orientation angle, node 6, rad
        219    2.218E-01,  5.577E-01,  7.999E-01         F               0         Blade 1 Z orientation angle, node 6, rad
        220    9.750E-01, -1.137E-01, -1.911E-01         F               0         Blade 1 X orientation angle, node 7, rad
        221   -1.557E-02,  8.222E-01, -5.689E-01         F               0         Blade 1 Y orientation angle, node 7, rad
        222    2.218E-01,  5.577E-01,  7.999E-01         F               0         Blade 1 Z orientation angle, node 7, rad
        223    9.745E-01, -9.880E-02, -2.014E-01         F               0         Blade 1 X orientation angle, node 8, rad
        224   -3.326E-02,  8.242E-01, -5.654E-01         F               0         Blade 1 Y orientation angle, node 8, rad
        225    2.218E-01,  5.577E-01,  7.999E-01         F               0         Blade 1 Z orientation angle, node 8, rad
        226    9.739E-01, -8.613E-02, -2.100E-01         F               0         Blade 1 X orientation angle, node 9, rad
        227   -4.823E-02,  8.256E-01, -5.622E-01         F               0         Blade 1 Y orientation angle, node 9, rad
        228    2.218E-01,  5.577E-01,  7.999E-01         F               0         Blade 1 Z orientation angle, node 9, rad
        229    9.732E-01, -7.517E-02, -2.175E-01         F               0         Blade 1 X orientation angle, node 10, rad
        230   -6.114E-02,  8.266E-01, -5.594E-01         F               0         Blade 1 Y orientation angle, node 10, rad
        231    2.218E-01,  5.577E-01,  7.999E-01         F               0         Blade 1 Z orientation angle, node 10, rad
        232    9.724E-01, -6.579E-02, -2.238E-01         F               0         Blade 1 X orientation angle, node 11, rad
        233   -7.218E-02,  8.274E-01, -5.569E-01         F               0         Blade 1 Y orientation angle, node 11, rad
        234    2.218E-01,  5.577E-01,  7.999E-01         F               0         Blade 1 Z orientation angle, node 11, rad
        235    9.716E-01, -5.755E-02, -2.293E-01         F               0         Blade 1 X orientation angle, node 12, rad
        236   -8.185E-02,  8.281E-01, -5.546E-01         F               0         Blade 1 Y orientation angle, node 12, rad
        237    2.218E-01,  5.577E-01,  7.999E-01         F               0         Blade 1 Z orientation angle, node 12, rad
        238    9.709E-01, -5.033E-02, -2.341E-01         F               0         Blade 1 X orientation angle, node 13, rad
        239   -9.032E-02,  8.285E-01, -5.526E-01         F               0         Blade 1 Y orientation angle, node 13, rad
        240    2.218E-01,  5.577E-01,  7.999E-01         F               0         Blade 1 Z orientation angle, node 13, rad
        241    9.702E-01, -4.382E-02, -2.385E-01         F               0         Blade 1 X orientation angle, node 14, rad
        242   -9.794E-02,  8.289E-01, -5.508E-01         F               0         Blade 1 Y orientation angle, node 14, rad
        243    2.218E-01,  5.577E-01,  7.999E-01         F               0         Blade 1 Z orientation angle, node 14, rad
        244    9.695E-01, -3.803E-02, -2.423E-01         F               0         Blade 1 X orientation angle, node 15, rad
        245   -1.047E-01,  8.292E-01, -5.491E-01         F               0         Blade 1 Y orientation angle, node 15, rad
        246    2.218E-01,  5.577E-01,  7.999E-01         F               0         Blade 1 Z orientation angle, node 15, rad
        247    9.688E-01, -3.282E-02, -2.458E-01         F               0         Blade 1 X orientation angle, node 16, rad
        248   -1.108E-01,  8.294E-01, -5.475E-01         F               0         Blade 1 Y orientation angle, node 16, rad
        249    2.218E-01,  5.577E-01,  7.999E-01         F               0         Blade 1 Z orientation angle, node 16, rad
        250    9.681E-01, -2.819E-02, -2.488E-01         F               0         Blade 1 X orientation angle, node 17, rad
        251   -1.162E-01,  8.296E-01, -5.462E-01         F               0         Blade 1 Y orientation angle, node 17, rad
        252    2.218E-01,  5.577E-01,  7.999E-01         F               0         Blade 1 Z orientation angle, node 17, rad
        253    9.675E-01, -2.384E-02, -2.517E-01         F               0         Blade 1 X orientation angle, node 18, rad
        254   -1.213E-01,  8.297E-01, -5.448E-01         F               0         Blade 1 Y orientation angle, node 18, rad
        255    2.218E-01,  5.577E-01,  7.999E-01         F               0         Blade 1 Z orientation angle, node 18, rad
        256    9.669E-01, -1.993E-02, -2.542E-01         F               0         Blade 1 X orientation angle, node 19, rad
        257   -1.258E-01,  8.298E-01, -5.437E-01         F               0         Blade 1 Y orientation angle, node 19, rad
        258    2.218E-01,  5.577E-01,  7.999E-01         F               0         Blade 1 Z orientation angle, node 19, rad
        259    9.664E-01, -1.646E-02, -2.565E-01         F               0         Blade 1 X orientation angle, node 20, rad
        260   -1.299E-01,  8.299E-01, -5.426E-01         F               0         Blade 1 Y orientation angle, node 20, rad
        261    2.218E-01,  5.577E-01,  7.999E-01         F               0         Blade 1 Z orientation angle, node 20, rad
        262    9.659E-01, -1.312E-02, -2.587E-01         F               0         Blade 1 X orientation angle, node 21, rad
        263   -1.338E-01,  8.300E-01, -5.416E-01         F               0         Blade 1 Y orientation angle, node 21, rad
        264    2.218E-01,  5.577E-01,  7.999E-01         F               0         Blade 1 Z orientation angle, node 21, rad
        265    9.654E-01, -1.008E-02, -2.607E-01         F               0         Blade 1 X orientation angle, node 22, rad
        266   -1.373E-01,  8.300E-01, -5.406E-01         F               0         Blade 1 Y orientation angle, node 22, rad
        267    2.218E-01,  5.577E-01,  7.999E-01         F               0         Blade 1 Z orientation angle, node 22, rad
        268    9.649E-01, -7.330E-03, -2.625E-01         F               0         Blade 1 X orientation angle, node 23, rad
        269   -1.405E-01,  8.300E-01, -5.397E-01         F               0         Blade 1 Y orientation angle, node 23, rad
        270    2.218E-01,  5.577E-01,  7.999E-01         F               0         Blade 1 Z orientation angle, node 23, rad
        271    9.645E-01, -4.722E-03, -2.642E-01         F               0         Blade 1 X orientation angle, node 24, rad
        272   -1.435E-01,  8.300E-01, -5.389E-01         F               0         Blade 1 Y orientation angle, node 24, rad
        273    2.218E-01,  5.577E-01,  7.999E-01         F               0         Blade 1 Z orientation angle, node 24, rad
        274    9.640E-01, -2.259E-03, -2.658E-01         F               0         Blade 1 X orientation angle, node 25, rad
        275   -1.464E-01,  8.301E-01, -5.381E-01         F               0         Blade 1 Y orientation angle, node 25, rad
        276    2.218E-01,  5.577E-01,  7.999E-01         F               0         Blade 1 Z orientation angle, node 25, rad
        277    9.637E-01, -8.633E-05, -2.672E-01         F               0         Blade 1 X orientation angle, node 26, rad
        278   -1.489E-01,  8.301E-01, -5.374E-01         F               0         Blade 1 Y orientation angle, node 26, rad
        279    2.218E-01,  5.577E-01,  7.999E-01         F               0         Blade 1 Z orientation angle, node 26, rad
        280    9.633E-01,  2.087E-03, -2.686E-01         F               0         Blade 1 X orientation angle, node 27, rad
        281   -1.514E-01,  8.301E-01, -5.367E-01         F               0         Blade 1 Y orientation angle, node 27, rad
        282    2.218E-01,  5.577E-01,  7.999E-01         F               0         Blade 1 Z orientation angle, node 27, rad
        283    9.630E-01,  3.246E-03, -2.693E-01         F               0         Blade 1 X orientation angle, node 28, rad
        284   -1.528E-01,  8.301E-01, -5.363E-01         F               0         Blade 1 Y orientation angle, node 28, rad
        285    2.218E-01,  5.577E-01,  7.999E-01         F               0         Blade 1 Z orientation angle, node 28, rad
        286    8.743E-01                                 F               0         Blade 1 X translation velocity, node 1, m/s
        287   -4.792E+00                                 F               0         Blade 1 Y translation velocity, node 1, m/s
        288    3.100E+00                                 F               0         Blade 1 Z translation velocity, node 1, m/s
        289    1.085E+00                                 F               0         Blade 1 X translation velocity, node 2, m/s
        290   -5.947E+00                                 F               0         Blade 1 Y translation velocity, node 2, m/s
        291    3.846E+00                                 F               0         Blade 1 Z translation velocity, node 2, m/s
        292    3.953E+00                                 F               0         Blade 1 X translation velocity, node 3, m/s
        293   -2.165E+01                                 F               0         Blade 1 Y translation velocity, node 3, m/s
        294    1.400E+01                                 F               0         Blade 1 Z translation velocity, node 3, m/s
        295    4.564E+00                                 F               0         Blade 1 X translation velocity, node 4, m/s
        296   -2.499E+01                                 F               0         Blade 1 Y translation velocity, node 4, m/s
        297    1.616E+01                                 F               0         Blade 1 Z translation velocity, node 4, m/s
        298    5.175E+00                                 F               0         Blade 1 X translation velocity, node 5, m/s
        299   -2.834E+01                                 F               0         Blade 1 Y translation velocity, node 5, m/s
        300    1.832E+01                                 F               0         Blade 1 Z translation velocity, node 5, m/s
        301    5.786E+00                                 F               0         Blade 1 X translation velocity, node 6, m/s
        302   -3.168E+01                                 F               0         Blade 1 Y translation velocity, node 6, m/s
        303    2.049E+01                                 F               0         Blade 1 Z translation velocity, node 6, m/s
        304    6.397E+00                                 F               0         Blade 1 X translation velocity, node 7, m/s
        305   -3.503E+01                                 F               0         Blade 1 Y translation velocity, node 7, m/s
        306    2.265E+01                                 F               0         Blade 1 Z translation velocity, node 7, m/s
        307    7.008E+00                                 F               0         Blade 1 X translation velocity, node 8, m/s
