
Linearized model: Predictions were generated on 06-Feb-2024 at 16:18:08 using OpenFAST, compiled as a 64-bit application using single precision at commit v3.5.1
 linked with  NWTC Subroutine Library; ElastoDyn; InflowWind; AeroDyn; ServoDyn; HydroDyn; MAP++ (<1.20.10>, <Oct-20-2023>)

Description from the FAST input file: CCT-9 Campign 4 model. Input files to be run with OpenFAST 3.5.0. GitHub branch from Lu Wang (https://github.com/luwang00/openfast/tree/dev) compiled on March 7, 2023.

Simulation information:
   Simulation time:                  1004.9750 s
   Rotor Speed:                         1.0418 rad/s
   Azimuth:                             0.4012 rad
   Wind Speed:                         12.0000 m/s
   Number of continuous states:         0
   Number of discrete states:           0
   Number of constraint states:         0
   Number of inputs:                 1746
   Number of outputs:                   4
   Jacobians included in this file?    No

Order of inputs:
     Column   Operating Point                     Rotating Frame? Derivative Order Description
   ---------- ---------------                     --------------- ---------------- -----------
          1    1.513E+01                                 F               0         Tower X translation displacement, node 1, m
          2   -1.424E+00                                 F               0         Tower Y translation displacement, node 1, m
          3   -4.929E-01                                 F               0         Tower Z translation displacement, node 1, m
          4    1.704E+01                                 F               0         Tower X translation displacement, node 2, m
          5   -2.006E+00                                 F               0         Tower Y translation displacement, node 2, m
          6   -6.556E-01                                 F               0         Tower Z translation displacement, node 2, m
          7    1.899E+01                                 F               0         Tower X translation displacement, node 3, m
          8   -2.593E+00                                 F               0         Tower Y translation displacement, node 3, m
          9   -8.240E-01                                 F               0         Tower Z translation displacement, node 3, m
         10    2.096E+01                                 F               0         Tower X translation displacement, node 4, m
         11   -3.185E+00                                 F               0         Tower Y translation displacement, node 4, m
         12   -9.968E-01                                 F               0         Tower Z translation displacement, node 4, m
         13    2.295E+01                                 F               0         Tower X translation displacement, node 5, m
         14   -3.780E+00                                 F               0         Tower Y translation displacement, node 5, m
         15   -1.173E+00                                 F               0         Tower Z translation displacement, node 5, m
         16    2.497E+01                                 F               0         Tower X translation displacement, node 6, m
         17   -4.378E+00                                 F               0         Tower Y translation displacement, node 6, m
         18   -1.353E+00                                 F               0         Tower Z translation displacement, node 6, m
         19    2.699E+01                                 F               0         Tower X translation displacement, node 7, m
         20   -4.979E+00                                 F               0         Tower Y translation displacement, node 7, m
         21   -1.535E+00                                 F               0         Tower Z translation displacement, node 7, m
         22    2.903E+01                                 F               0         Tower X translation displacement, node 8, m
         23   -5.582E+00                                 F               0         Tower Y translation displacement, node 8, m
         24   -1.719E+00                                 F               0         Tower Z translation displacement, node 8, m
         25    3.108E+01                                 F               0         Tower X translation displacement, node 9, m
         26   -6.186E+00                                 F               0         Tower Y translation displacement, node 9, m
         27   -1.905E+00                                 F               0         Tower Z translation displacement, node 9, m
         28    3.313E+01                                 F               0         Tower X translation displacement, node 10, m
         29   -6.791E+00                                 F               0         Tower Y translation displacement, node 10, m
         30   -2.091E+00                                 F               0         Tower Z translation displacement, node 10, m
         31    3.518E+01                                 F               0         Tower X translation displacement, node 11, m
         32   -7.398E+00                                 F               0         Tower Y translation displacement, node 11, m
         33   -2.278E+00                                 F               0         Tower Z translation displacement, node 11, m
         34    9.881E-01, -3.531E-03, -1.540E-01         F               0         Tower X orientation angle, node 1, rad
         35    1.071E-02,  9.989E-01,  4.581E-02         F               0         Tower Y orientation angle, node 1, rad
         36    1.536E-01, -4.691E-02,  9.870E-01         F               0         Tower Z orientation angle, node 1, rad
         37    9.877E-01, -3.407E-03, -1.566E-01         F               0         Tower X orientation angle, node 2, rad
         38    1.077E-02,  9.989E-01,  4.621E-02         F               0         Tower Y orientation angle, node 2, rad
         39    1.562E-01, -4.732E-02,  9.866E-01         F               0         Tower Z orientation angle, node 2, rad
         40    9.873E-01, -3.297E-03, -1.589E-01         F               0         Tower X orientation angle, node 3, rad
         41    1.083E-02,  9.989E-01,  4.657E-02         F               0         Tower Y orientation angle, node 3, rad
         42    1.585E-01, -4.769E-02,  9.862E-01         F               0         Tower Z orientation angle, node 3, rad
         43    9.870E-01, -3.201E-03, -1.608E-01         F               0         Tower X orientation angle, node 4, rad
         44    1.088E-02,  9.988E-01,  4.688E-02         F               0         Tower Y orientation angle, node 4, rad
         45    1.605E-01, -4.802E-02,  9.859E-01         F               0         Tower Z orientation angle, node 4, rad
         46    9.867E-01, -3.121E-03, -1.625E-01         F               0         Tower X orientation angle, node 5, rad
         47    1.092E-02,  9.988E-01,  4.715E-02         F               0         Tower Y orientation angle, node 5, rad
         48    1.621E-01, -4.830E-02,  9.856E-01         F               0         Tower Z orientation angle, node 5, rad
         49    9.865E-01, -3.056E-03, -1.638E-01         F               0         Tower X orientation angle, node 6, rad
         50    1.096E-02,  9.988E-01,  4.737E-02         F               0         Tower Y orientation angle, node 6, rad
         51    1.635E-01, -4.853E-02,  9.854E-01         F               0         Tower Z orientation angle, node 6, rad
         52    9.863E-01, -3.006E-03, -1.648E-01         F               0         Tower X orientation angle, node 7, rad
         53    1.099E-02,  9.988E-01,  4.755E-02         F               0         Tower Y orientation angle, node 7, rad
         54    1.645E-01, -4.871E-02,  9.852E-01         F               0         Tower Z orientation angle, node 7, rad
         55    9.862E-01, -2.967E-03, -1.656E-01         F               0         Tower X orientation angle, node 8, rad
         56    1.101E-02,  9.988E-01,  4.769E-02         F               0         Tower Y orientation angle, node 8, rad
         57    1.652E-01, -4.886E-02,  9.850E-01         F               0         Tower Z orientation angle, node 8, rad
         58    9.861E-01, -2.941E-03, -1.661E-01         F               0         Tower X orientation angle, node 9, rad
         59    1.103E-02,  9.988E-01,  4.779E-02         F               0         Tower Y orientation angle, node 9, rad
         60    1.658E-01, -4.896E-02,  9.849E-01         F               0         Tower Z orientation angle, node 9, rad
         61    9.860E-01, -2.924E-03, -1.665E-01         F               0         Tower X orientation angle, node 10, rad
         62    1.104E-02,  9.988E-01,  4.786E-02         F               0         Tower Y orientation angle, node 10, rad
         63    1.661E-01, -4.903E-02,  9.849E-01         F               0         Tower Z orientation angle, node 10, rad
         64    9.860E-01, -2.915E-03, -1.666E-01         F               0         Tower X orientation angle, node 11, rad
         65    1.105E-02,  9.988E-01,  4.790E-02         F               0         Tower Y orientation angle, node 11, rad
         66    1.663E-01, -4.907E-02,  9.849E-01         F               0         Tower Z orientation angle, node 11, rad
         67   -1.152E-04                                 F               0         Tower X translation velocity, node 1, m/s
         68    6.154E-04                                 F               0         Tower Y translation velocity, node 1, m/s
         69    3.158E-03                                 F               0         Tower Z translation velocity, node 1, m/s
         70   -1.529E-04                                 F               0         Tower X translation velocity, node 2, m/s
         71    1.010E-03                                 F               0         Tower Y translation velocity, node 2, m/s
         72    3.183E-03                                 F               0         Tower Z translation velocity, node 2, m/s
         73   -1.574E-04                                 F               0         Tower X translation velocity, node 3, m/s
         74    1.354E-03                                 F               0         Tower Y translation velocity, node 3, m/s
         75    3.200E-03                                 F               0         Tower Z translation velocity, node 3, m/s
         76   -1.369E-04                                 F               0         Tower X translation velocity, node 4, m/s
         77    1.657E-03                                 F               0         Tower Y translation velocity, node 4, m/s
         78    3.212E-03                                 F               0         Tower Z translation velocity, node 4, m/s
         79   -9.596E-05                                 F               0         Tower X translation velocity, node 5, m/s
         80    1.924E-03                                 F               0         Tower Y translation velocity, node 5, m/s
         81    3.218E-03                                 F               0         Tower Z translation velocity, node 5, m/s
         82   -3.867E-05                                 F               0         Tower X translation velocity, node 6, m/s
         83    2.161E-03                                 F               0         Tower Y translation velocity, node 6, m/s
         84    3.220E-03                                 F               0         Tower Z translation velocity, node 6, m/s
         85    3.027E-05                                 F               0         Tower X translation velocity, node 7, m/s
         86    2.373E-03                                 F               0         Tower Y translation velocity, node 7, m/s
         87    3.219E-03                                 F               0         Tower Z translation velocity, node 7, m/s
         88    1.087E-04                                 F               0         Tower X translation velocity, node 8, m/s
         89    2.563E-03                                 F               0         Tower Y translation velocity, node 8, m/s
         90    3.215E-03                                 F               0         Tower Z translation velocity, node 8, m/s
         91    1.938E-04                                 F               0         Tower X translation velocity, node 9, m/s
         92    2.737E-03                                 F               0         Tower Y translation velocity, node 9, m/s
         93    3.210E-03                                 F               0         Tower Z translation velocity, node 9, m/s
         94    2.829E-04                                 F               0         Tower X translation velocity, node 10, m/s
         95    2.898E-03                                 F               0         Tower Y translation velocity, node 10, m/s
         96    3.203E-03                                 F               0         Tower Z translation velocity, node 10, m/s
         97    3.742E-04                                 F               0         Tower X translation velocity, node 11, m/s
         98    3.053E-03                                 F               0         Tower Y translation velocity, node 11, m/s
         99    3.195E-03                                 F               0         Tower Z translation velocity, node 11, m/s
        100    3.664E+01                                 F               0         Hub X translation displacement, node 1, m
        101   -7.751E+00                                 F               0         Hub Y translation displacement, node 1, m
        102   -5.971E-01                                 F               0         Hub Z translation displacement, node 1, m
        103    9.632E-01,  2.230E-03, -2.687E-01         F               0         Hub X orientation angle, node 1, rad
        104    1.150E-01,  9.003E-01,  4.198E-01         F               0         Hub Y orientation angle, node 1, rad
        105    2.428E-01, -4.352E-01,  8.669E-01         F               0         Hub Z orientation angle, node 1, rad
        106    1.004E+00                                 F               0         Hub X rotation velocity, node 1, rad/s
        107    2.331E-03                                 F               0         Hub Y rotation velocity, node 1, rad/s
        108   -2.799E-01                                 F               0         Hub Z rotation velocity, node 1, rad/s
        109    9.594E-01, -2.448E-02, -2.810E-01         F               0         Blade root 1 X orientation angle, node 1, rad
        110    1.435E-01,  9.000E-01,  4.116E-01         F               0         Blade root 1 Y orientation angle, node 1, rad
        111    2.428E-01, -4.352E-01,  8.669E-01         F               0         Blade root 1 Z orientation angle, node 1, rad
        112    9.583E-01,  2.677E-02, -2.846E-01         F               0         Blade root 2 X orientation angle, node 1, rad
        113    1.813E-01, -8.267E-01,  5.327E-01         F               0         Blade root 2 Y orientation angle, node 1, rad
        114   -2.210E-01, -5.621E-01, -7.970E-01         F               0         Blade root 2 Z orientation angle, node 1, rad
        115    9.707E-01,  4.401E-03, -2.401E-01         F               0         Blade root 3 X orientation angle, node 1, rad
        116   -2.391E-01, -7.312E-02, -9.682E-01         F               0         Blade root 3 Y orientation angle, node 1, rad
        117   -2.181E-02,  9.973E-01, -6.993E-02         F               0         Blade root 3 Z orientation angle, node 1, rad
        118    3.740E+01                                 F               0         Blade 1 X translation displacement, node 1, m
        119   -1.016E+01                                 F               0         Blade 1 Y translation displacement, node 1, m
        120   -1.304E+00                                 F               0         Blade 1 Z translation displacement, node 1, m
        121    3.759E+01                                 F               0         Blade 1 X translation displacement, node 2, m
        122   -1.074E+01                                 F               0         Blade 1 Y translation displacement, node 2, m
        123   -1.474E+00                                 F               0         Blade 1 Z translation displacement, node 2, m
        124    4.010E+01                                 F               0         Blade 1 X translation displacement, node 3, m
        125   -1.864E+01                                 F               0         Blade 1 Y translation displacement, node 3, m
        126   -3.790E+00                                 F               0         Blade 1 Z translation displacement, node 3, m
        127    4.063E+01                                 F               0         Blade 1 X translation displacement, node 4, m
        128   -2.033E+01                                 F               0         Blade 1 Y translation displacement, node 4, m
        129   -4.283E+00                                 F               0         Blade 1 Z translation displacement, node 4, m
        130    4.117E+01                                 F               0         Blade 1 X translation displacement, node 5, m
        131   -2.201E+01                                 F               0         Blade 1 Y translation displacement, node 5, m
        132   -4.777E+00                                 F               0         Blade 1 Z translation displacement, node 5, m
        133    4.170E+01                                 F               0         Blade 1 X translation displacement, node 6, m
        134   -2.369E+01                                 F               0         Blade 1 Y translation displacement, node 6, m
        135   -5.270E+00                                 F               0         Blade 1 Z translation displacement, node 6, m
        136    4.224E+01                                 F               0         Blade 1 X translation displacement, node 7, m
        137   -2.538E+01                                 F               0         Blade 1 Y translation displacement, node 7, m
        138   -5.764E+00                                 F               0         Blade 1 Z translation displacement, node 7, m
        139    4.277E+01                                 F               0         Blade 1 X translation displacement, node 8, m
        140   -2.706E+01                                 F               0         Blade 1 Y translation displacement, node 8, m
        141   -6.257E+00                                 F               0         Blade 1 Z translation displacement, node 8, m
        142    4.331E+01                                 F               0         Blade 1 X translation displacement, node 9, m
        143   -2.874E+01                                 F               0         Blade 1 Y translation displacement, node 9, m
        144   -6.751E+00                                 F               0         Blade 1 Z translation displacement, node 9, m
        145    4.384E+01                                 F               0         Blade 1 X translation displacement, node 10, m
        146   -3.043E+01                                 F               0         Blade 1 Y translation displacement, node 10, m
        147   -7.244E+00                                 F               0         Blade 1 Z translation displacement, node 10, m
        148    4.438E+01                                 F               0         Blade 1 X translation displacement, node 11, m
        149   -3.211E+01                                 F               0         Blade 1 Y translation displacement, node 11, m
        150   -7.737E+00                                 F               0         Blade 1 Z translation displacement, node 11, m
        151    4.491E+01                                 F               0         Blade 1 X translation displacement, node 12, m
        152   -3.380E+01                                 F               0         Blade 1 Y translation displacement, node 12, m
        153   -8.231E+00                                 F               0         Blade 1 Z translation displacement, node 12, m
        154    4.545E+01                                 F               0         Blade 1 X translation displacement, node 13, m
        155   -3.548E+01                                 F               0         Blade 1 Y translation displacement, node 13, m
        156   -8.724E+00                                 F               0         Blade 1 Z translation displacement, node 13, m
        157    4.598E+01                                 F               0         Blade 1 X translation displacement, node 14, m
        158   -3.716E+01                                 F               0         Blade 1 Y translation displacement, node 14, m
        159   -9.218E+00                                 F               0         Blade 1 Z translation displacement, node 14, m
        160    4.652E+01                                 F               0         Blade 1 X translation displacement, node 15, m
        161   -3.885E+01                                 F               0         Blade 1 Y translation displacement, node 15, m
        162   -9.711E+00                                 F               0         Blade 1 Z translation displacement, node 15, m
        163    4.705E+01                                 F               0         Blade 1 X translation displacement, node 16, m
        164   -4.053E+01                                 F               0         Blade 1 Y translation displacement, node 16, m
        165   -1.020E+01                                 F               0         Blade 1 Z translation displacement, node 16, m
        166    4.759E+01                                 F               0         Blade 1 X translation displacement, node 17, m
        167   -4.221E+01                                 F               0         Blade 1 Y translation displacement, node 17, m
        168   -1.070E+01                                 F               0         Blade 1 Z translation displacement, node 17, m
        169    4.812E+01                                 F               0         Blade 1 X translation displacement, node 18, m
        170   -4.390E+01                                 F               0         Blade 1 Y translation displacement, node 18, m
        171   -1.119E+01                                 F               0         Blade 1 Z translation displacement, node 18, m
        172    4.866E+01                                 F               0         Blade 1 X translation displacement, node 19, m
        173   -4.558E+01                                 F               0         Blade 1 Y translation displacement, node 19, m
        174   -1.168E+01                                 F               0         Blade 1 Z translation displacement, node 19, m
        175    4.919E+01                                 F               0         Blade 1 X translation displacement, node 20, m
        176   -4.726E+01                                 F               0         Blade 1 Y translation displacement, node 20, m
        177   -1.218E+01                                 F               0         Blade 1 Z translation displacement, node 20, m
        178    4.973E+01                                 F               0         Blade 1 X translation displacement, node 21, m
        179   -4.895E+01                                 F               0         Blade 1 Y translation displacement, node 21, m
        180   -1.267E+01                                 F               0         Blade 1 Z translation displacement, node 21, m
        181    5.026E+01                                 F               0         Blade 1 X translation displacement, node 22, m
        182   -5.063E+01                                 F               0         Blade 1 Y translation displacement, node 22, m
        183   -1.317E+01                                 F               0         Blade 1 Z translation displacement, node 22, m
        184    5.080E+01                                 F               0         Blade 1 X translation displacement, node 23, m
        185   -5.231E+01                                 F               0         Blade 1 Y translation displacement, node 23, m
        186   -1.366E+01                                 F               0         Blade 1 Z translation displacement, node 23, m
        187    5.133E+01                                 F               0         Blade 1 X translation displacement, node 24, m
        188   -5.400E+01                                 F               0         Blade 1 Y translation displacement, node 24, m
        189   -1.415E+01                                 F               0         Blade 1 Z translation displacement, node 24, m
        190    5.187E+01                                 F               0         Blade 1 X translation displacement, node 25, m
        191   -5.568E+01                                 F               0         Blade 1 Y translation displacement, node 25, m
        192   -1.465E+01                                 F               0         Blade 1 Z translation displacement, node 25, m
        193    5.240E+01                                 F               0         Blade 1 X translation displacement, node 26, m
        194   -5.736E+01                                 F               0         Blade 1 Y translation displacement, node 26, m
        195   -1.514E+01                                 F               0         Blade 1 Z translation displacement, node 26, m
        196    5.294E+01                                 F               0         Blade 1 X translation displacement, node 27, m
        197   -5.905E+01                                 F               0         Blade 1 Y translation displacement, node 27, m
        198   -1.563E+01                                 F               0         Blade 1 Z translation displacement, node 27, m
        199    5.339E+01                                 F               0         Blade 1 X translation displacement, node 28, m
        200   -6.047E+01                                 F               0         Blade 1 Y translation displacement, node 28, m
        201   -1.605E+01                                 F               0         Blade 1 Z translation displacement, node 28, m
        202    7.884E-01, -4.322E-01, -4.378E-01         F               0         Blade 1 X orientation angle, node 1, rad
        203    5.652E-01,  7.898E-01,  2.382E-01         F               0         Blade 1 Y orientation angle, node 1, rad
        204    2.428E-01, -4.352E-01,  8.669E-01         F               0         Blade 1 Z orientation angle, node 1, rad
        205    7.884E-01, -4.322E-01, -4.378E-01         F               0         Blade 1 X orientation angle, node 2, rad
        206    5.652E-01,  7.898E-01,  2.382E-01         F               0         Blade 1 Y orientation angle, node 2, rad
        207    2.428E-01, -4.352E-01,  8.669E-01         F               0         Blade 1 Z orientation angle, node 2, rad
        208    8.999E-01, -2.327E-01, -3.689E-01         F               0         Blade 1 X orientation angle, node 3, rad
        209    3.623E-01,  8.697E-01,  3.352E-01         F               0         Blade 1 Y orientation angle, node 3, rad
        210    2.428E-01, -4.352E-01,  8.669E-01         F               0         Blade 1 Z orientation angle, node 3, rad
        211    9.144E-01, -1.958E-01, -3.544E-01         F               0         Blade 1 X orientation angle, node 4, rad
        212    3.240E-01,  8.788E-01,  3.504E-01         F               0         Blade 1 Y orientation angle, node 4, rad
        213    2.428E-01, -4.352E-01,  8.669E-01         F               0         Blade 1 Z orientation angle, node 4, rad
        214    9.246E-01, -1.665E-01, -3.426E-01         F               0         Blade 1 X orientation angle, node 5, rad
        215    2.935E-01,  8.848E-01,  3.620E-01         F               0         Blade 1 Y orientation angle, node 5, rad
        216    2.428E-01, -4.352E-01,  8.669E-01         F               0         Blade 1 Z orientation angle, node 5, rad
        217    9.321E-01, -1.430E-01, -3.329E-01         F               0         Blade 1 X orientation angle, node 6, rad
        218    2.688E-01,  8.889E-01,  3.710E-01         F               0         Blade 1 Y orientation angle, node 6, rad
        219    2.428E-01, -4.352E-01,  8.669E-01         F               0         Blade 1 Z orientation angle, node 6, rad
        220    9.377E-01, -1.236E-01, -3.247E-01         F               0         Blade 1 X orientation angle, node 7, rad
        221    2.484E-01,  8.918E-01,  3.781E-01         F               0         Blade 1 Y orientation angle, node 7, rad
        222    2.428E-01, -4.352E-01,  8.669E-01         F               0         Blade 1 Z orientation angle, node 7, rad
        223    9.421E-01, -1.074E-01, -3.178E-01         F               0         Blade 1 X orientation angle, node 8, rad
        224    2.314E-01,  8.939E-01,  3.840E-01         F               0         Blade 1 Y orientation angle, node 8, rad
        225    2.428E-01, -4.352E-01,  8.669E-01         F               0         Blade 1 Z orientation angle, node 8, rad
        226    9.455E-01, -9.361E-02, -3.118E-01         F               0         Blade 1 X orientation angle, node 9, rad
        227    2.169E-01,  8.954E-01,  3.888E-01         F               0         Blade 1 Y orientation angle, node 9, rad
        228    2.428E-01, -4.352E-01,  8.669E-01         F               0         Blade 1 Z orientation angle, node 9, rad
        229    9.483E-01, -8.172E-02, -3.066E-01         F               0         Blade 1 X orientation angle, node 10, rad
        230    2.043E-01,  8.966E-01,  3.929E-01         F               0         Blade 1 Y orientation angle, node 10, rad
        231    2.428E-01, -4.352E-01,  8.669E-01         F               0         Blade 1 Z orientation angle, node 10, rad
        232    9.506E-01, -7.155E-02, -3.022E-01         F               0         Blade 1 X orientation angle, node 11, rad
        233    1.935E-01,  8.975E-01,  3.964E-01         F               0         Blade 1 Y orientation angle, node 11, rad
        234    2.428E-01, -4.352E-01,  8.669E-01         F               0         Blade 1 Z orientation angle, node 11, rad
        235    9.524E-01, -6.262E-02, -2.982E-01         F               0         Blade 1 X orientation angle, node 12, rad
        236    1.841E-01,  8.981E-01,  3.993E-01         F               0         Blade 1 Y orientation angle, node 12, rad
        237    2.428E-01, -4.352E-01,  8.669E-01         F               0         Blade 1 Z orientation angle, node 12, rad
        238    9.540E-01, -5.478E-02, -2.947E-01         F               0         Blade 1 X orientation angle, node 13, rad
        239    1.758E-01,  8.986E-01,  4.019E-01         F               0         Blade 1 Y orientation angle, node 13, rad
        240    2.428E-01, -4.352E-01,  8.669E-01         F               0         Blade 1 Z orientation angle, node 13, rad
        241    9.554E-01, -4.772E-02, -2.915E-01         F               0         Blade 1 X orientation angle, node 14, rad
        242    1.683E-01,  8.990E-01,  4.042E-01         F               0         Blade 1 Y orientation angle, node 14, rad
        243    2.428E-01, -4.352E-01,  8.669E-01         F               0         Blade 1 Z orientation angle, node 14, rad
        244    9.565E-01, -4.144E-02, -2.887E-01         F               0         Blade 1 X orientation angle, node 15, rad
        245    1.616E-01,  8.994E-01,  4.063E-01         F               0         Blade 1 Y orientation angle, node 15, rad
        246    2.428E-01, -4.352E-01,  8.669E-01         F               0         Blade 1 Z orientation angle, node 15, rad
        247    9.575E-01, -3.579E-02, -2.862E-01         F               0         Blade 1 X orientation angle, node 16, rad
        248    1.556E-01,  8.996E-01,  4.081E-01         F               0         Blade 1 Y orientation angle, node 16, rad
        249    2.428E-01, -4.352E-01,  8.669E-01         F               0         Blade 1 Z orientation angle, node 16, rad
        250    9.584E-01, -3.076E-02, -2.839E-01         F               0         Blade 1 X orientation angle, node 17, rad
        251    1.502E-01,  8.998E-01,  4.097E-01         F               0         Blade 1 Y orientation angle, node 17, rad
        252    2.428E-01, -4.352E-01,  8.669E-01         F               0         Blade 1 Z orientation angle, node 17, rad
        253    9.591E-01, -2.605E-02, -2.817E-01         F               0         Blade 1 X orientation angle, node 18, rad
        254    1.452E-01,  8.999E-01,  4.111E-01         F               0         Blade 1 Y orientation angle, node 18, rad
        255    2.428E-01, -4.352E-01,  8.669E-01         F               0         Blade 1 Z orientation angle, node 18, rad
        256    9.598E-01, -2.181E-02, -2.798E-01         F               0         Blade 1 X orientation angle, node 19, rad
        257    1.407E-01,  9.000E-01,  4.125E-01         F               0         Blade 1 Y orientation angle, node 19, rad
        258    2.428E-01, -4.352E-01,  8.669E-01         F               0         Blade 1 Z orientation angle, node 19, rad
        259    9.604E-01, -1.804E-02, -2.781E-01         F               0         Blade 1 X orientation angle, node 20, rad
        260    1.367E-01,  9.001E-01,  4.136E-01         F               0         Blade 1 Y orientation angle, node 20, rad
        261    2.428E-01, -4.352E-01,  8.669E-01         F               0         Blade 1 Z orientation angle, node 20, rad
        262    9.609E-01, -1.443E-02, -2.764E-01         F               0         Blade 1 X orientation angle, node 21, rad
        263    1.328E-01,  9.002E-01,  4.147E-01         F               0         Blade 1 Y orientation angle, node 21, rad
        264    2.428E-01, -4.352E-01,  8.669E-01         F               0         Blade 1 Z orientation angle, node 21, rad
        265    9.614E-01, -1.113E-02, -2.749E-01         F               0         Blade 1 X orientation angle, node 22, rad
        266    1.293E-01,  9.002E-01,  4.158E-01         F               0         Blade 1 Y orientation angle, node 22, rad
        267    2.428E-01, -4.352E-01,  8.669E-01         F               0         Blade 1 Z orientation angle, node 22, rad
        268    9.618E-01, -8.140E-03, -2.735E-01         F               0         Blade 1 X orientation angle, node 23, rad
        269    1.261E-01,  9.003E-01,  4.167E-01         F               0         Blade 1 Y orientation angle, node 23, rad
        270    2.428E-01, -4.352E-01,  8.669E-01         F               0         Blade 1 Z orientation angle, node 23, rad
        271    9.622E-01, -5.312E-03, -2.722E-01         F               0         Blade 1 X orientation angle, node 24, rad
        272    1.231E-01,  9.003E-01,  4.175E-01         F               0         Blade 1 Y orientation angle, node 24, rad
        273    2.428E-01, -4.352E-01,  8.669E-01         F               0         Blade 1 Z orientation angle, node 24, rad
        274    9.626E-01, -2.641E-03, -2.709E-01         F               0         Blade 1 X orientation angle, node 25, rad
        275    1.202E-01,  9.003E-01,  4.183E-01         F               0         Blade 1 Y orientation angle, node 25, rad
        276    2.428E-01, -4.352E-01,  8.669E-01         F               0         Blade 1 Z orientation angle, node 25, rad
        277    9.629E-01, -2.838E-04, -2.698E-01         F               0         Blade 1 X orientation angle, node 26, rad
        278    1.177E-01,  9.003E-01,  4.190E-01         F               0         Blade 1 Y orientation angle, node 26, rad
        279    2.428E-01, -4.352E-01,  8.669E-01         F               0         Blade 1 Z orientation angle, node 26, rad
        280    9.632E-01,  2.073E-03, -2.687E-01         F               0         Blade 1 X orientation angle, node 27, rad
        281    1.152E-01,  9.003E-01,  4.197E-01         F               0         Blade 1 Y orientation angle, node 27, rad
        282    2.428E-01, -4.352E-01,  8.669E-01         F               0         Blade 1 Z orientation angle, node 27, rad
        283    9.634E-01,  3.330E-03, -2.682E-01         F               0         Blade 1 X orientation angle, node 28, rad
        284    1.138E-01,  9.003E-01,  4.201E-01         F               0         Blade 1 Y orientation angle, node 28, rad
        285    2.428E-01, -4.352E-01,  8.669E-01         F               0         Blade 1 Z orientation angle, node 28, rad
        286   -6.633E-01                                 F               0         Blade 1 X translation velocity, node 1, m/s
        287   -5.193E+00                                 F               0         Blade 1 Y translation velocity, node 1, m/s
        288   -2.420E+00                                 F               0         Blade 1 Z translation velocity, node 1, m/s
        289   -8.233E-01                                 F               0         Blade 1 X translation velocity, node 2, m/s
        290   -6.445E+00                                 F               0         Blade 1 Y translation velocity, node 2, m/s
        291   -3.003E+00                                 F               0         Blade 1 Z translation velocity, node 2, m/s
        292   -2.998E+00                                 F               0         Blade 1 X translation velocity, node 3, m/s
        293   -2.347E+01                                 F               0         Blade 1 Y translation velocity, node 3, m/s
        294   -1.094E+01                                 F               0         Blade 1 Z translation velocity, node 3, m/s
        295   -3.462E+00                                 F               0         Blade 1 X translation velocity, node 4, m/s
        296   -2.710E+01                                 F               0         Blade 1 Y translation velocity, node 4, m/s
        297   -1.263E+01                                 F               0         Blade 1 Z translation velocity, node 4, m/s
        298   -3.925E+00                                 F               0         Blade 1 X translation velocity, node 5, m/s
        299   -3.073E+01                                 F               0         Blade 1 Y translation velocity, node 5, m/s
        300   -1.433E+01                                 F               0         Blade 1 Z translation velocity, node 5, m/s
        301   -4.388E+00                                 F               0         Blade 1 X translation velocity, node 6, m/s
        302   -3.436E+01                                 F               0         Blade 1 Y translation velocity, node 6, m/s
        303   -1.602E+01                                 F               0         Blade 1 Z translation velocity, node 6, m/s
        304   -4.852E+00                                 F               0         Blade 1 X translation velocity, node 7, m/s
        305   -3.798E+01                                 F               0         Blade 1 Y translation velocity, node 7, m/s
        306   -1.771E+01                                 F               0         Blade 1 Z translation velocity, node 7, m/s
        307   -5.315E+00                                 F               0         Blade 1 X translation velocity, node 8, m/s
