
Linearized model: Predictions were generated on 31-Jan-2024 at 12:35:17 using OpenFAST, compiled as a 64-bit application using single precision at commit v3.5.1
 linked with  NWTC Subroutine Library; ElastoDyn; InflowWind; AeroDyn; ServoDyn; HydroDyn; MAP++ (<1.20.10>, <Oct-20-2023>)

Description from the FAST input file: CCT-9 Campign 4 model. Input files to be run with OpenFAST 3.5.0. GitHub branch from Lu Wang (https://github.com/luwang00/openfast/tree/dev) compiled on March 7, 2023.

Simulation information:
   Simulation time:                   504.9500 s
   Rotor Speed:                         0.8939 rad/s
   Azimuth:                             5.1703 rad
   Wind Speed:                         10.0000 m/s
   Number of continuous states:         0
   Number of discrete states:           0
   Number of constraint states:         0
   Number of inputs:                 1746
   Number of outputs:                   4
   Jacobians included in this file?    No

Order of inputs:
     Column   Operating Point                     Rotating Frame? Derivative Order Description
   ---------- ---------------                     --------------- ---------------- -----------
          1    8.512E+00                                 F               0         Tower X translation displacement, node 1, m
          2   -1.355E+00                                 F               0         Tower Y translation displacement, node 1, m
          3   -9.177E-02                                 F               0         Tower Z translation displacement, node 1, m
          4    8.749E+00                                 F               0         Tower X translation displacement, node 2, m
          5   -1.887E+00                                 F               0         Tower Y translation displacement, node 2, m
          6   -1.055E-01                                 F               0         Tower Z translation displacement, node 2, m
          7    8.999E+00                                 F               0         Tower X translation displacement, node 3, m
          8   -2.420E+00                                 F               0         Tower Y translation displacement, node 3, m
          9   -1.195E-01                                 F               0         Tower Z translation displacement, node 3, m
         10    9.258E+00                                 F               0         Tower X translation displacement, node 4, m
         11   -2.952E+00                                 F               0         Tower Y translation displacement, node 4, m
         12   -1.338E-01                                 F               0         Tower Z translation displacement, node 4, m
         13    9.526E+00                                 F               0         Tower X translation displacement, node 5, m
         14   -3.485E+00                                 F               0         Tower Y translation displacement, node 5, m
         15   -1.481E-01                                 F               0         Tower Z translation displacement, node 5, m
         16    9.799E+00                                 F               0         Tower X translation displacement, node 6, m
         17   -4.017E+00                                 F               0         Tower Y translation displacement, node 6, m
         18   -1.626E-01                                 F               0         Tower Z translation displacement, node 6, m
         19    1.008E+01                                 F               0         Tower X translation displacement, node 7, m
         20   -4.549E+00                                 F               0         Tower Y translation displacement, node 7, m
         21   -1.772E-01                                 F               0         Tower Z translation displacement, node 7, m
         22    1.036E+01                                 F               0         Tower X translation displacement, node 8, m
         23   -5.082E+00                                 F               0         Tower Y translation displacement, node 8, m
         24   -1.919E-01                                 F               0         Tower Z translation displacement, node 8, m
         25    1.064E+01                                 F               0         Tower X translation displacement, node 9, m
         26   -5.614E+00                                 F               0         Tower Y translation displacement, node 9, m
         27   -2.066E-01                                 F               0         Tower Z translation displacement, node 9, m
         28    1.093E+01                                 F               0         Tower X translation displacement, node 10, m
         29   -6.146E+00                                 F               0         Tower Y translation displacement, node 10, m
         30   -2.214E-01                                 F               0         Tower Z translation displacement, node 10, m
         31    1.121E+01                                 F               0         Tower X translation displacement, node 11, m
         32   -6.679E+00                                 F               0         Tower Y translation displacement, node 11, m
         33   -2.361E-01                                 F               0         Tower Z translation displacement, node 11, m
         34    9.998E-01,  7.496E-03, -1.841E-02         F               0         Tower X orientation angle, node 1, rad
         35   -6.693E-03,  9.990E-01,  4.325E-02         F               0         Tower Y orientation angle, node 1, rad
         36    1.872E-02, -4.312E-02,  9.989E-01         F               0         Tower Z orientation angle, node 1, rad
         37    9.998E-01,  7.539E-03, -1.943E-02         F               0         Tower X orientation angle, node 2, rad
         38   -6.693E-03,  9.990E-01,  4.325E-02         F               0         Tower Y orientation angle, node 2, rad
         39    1.974E-02, -4.311E-02,  9.989E-01         F               0         Tower Z orientation angle, node 2, rad
         40    9.998E-01,  7.577E-03, -2.030E-02         F               0         Tower X orientation angle, node 3, rad
         41   -6.693E-03,  9.990E-01,  4.325E-02         F               0         Tower Y orientation angle, node 3, rad
         42    2.061E-02, -4.310E-02,  9.989E-01         F               0         Tower Z orientation angle, node 3, rad
         43    9.998E-01,  7.608E-03, -2.102E-02         F               0         Tower X orientation angle, node 4, rad
         44   -6.693E-03,  9.990E-01,  4.325E-02         F               0         Tower Y orientation angle, node 4, rad
         45    2.133E-02, -4.310E-02,  9.988E-01         F               0         Tower Z orientation angle, node 4, rad
         46    9.997E-01,  7.632E-03, -2.158E-02         F               0         Tower X orientation angle, node 5, rad
         47   -6.693E-03,  9.990E-01,  4.325E-02         F               0         Tower Y orientation angle, node 5, rad
         48    2.189E-02, -4.309E-02,  9.988E-01         F               0         Tower Z orientation angle, node 5, rad
         49    9.997E-01,  7.651E-03, -2.201E-02         F               0         Tower X orientation angle, node 6, rad
         50   -6.693E-03,  9.990E-01,  4.325E-02         F               0         Tower Y orientation angle, node 6, rad
         51    2.232E-02, -4.309E-02,  9.988E-01         F               0         Tower Z orientation angle, node 6, rad
         52    9.997E-01,  7.664E-03, -2.232E-02         F               0         Tower X orientation angle, node 7, rad
         53   -6.693E-03,  9.990E-01,  4.325E-02         F               0         Tower Y orientation angle, node 7, rad
         54    2.263E-02, -4.309E-02,  9.988E-01         F               0         Tower Z orientation angle, node 7, rad
         55    9.997E-01,  7.673E-03, -2.252E-02         F               0         Tower X orientation angle, node 8, rad
         56   -6.693E-03,  9.990E-01,  4.325E-02         F               0         Tower Y orientation angle, node 8, rad
         57    2.283E-02, -4.308E-02,  9.988E-01         F               0         Tower Z orientation angle, node 8, rad
         58    9.997E-01,  7.678E-03, -2.265E-02         F               0         Tower X orientation angle, node 9, rad
         59   -6.693E-03,  9.990E-01,  4.325E-02         F               0         Tower Y orientation angle, node 9, rad
         60    2.296E-02, -4.308E-02,  9.988E-01         F               0         Tower Z orientation angle, node 9, rad
         61    9.997E-01,  7.681E-03, -2.272E-02         F               0         Tower X orientation angle, node 10, rad
         62   -6.693E-03,  9.990E-01,  4.325E-02         F               0         Tower Y orientation angle, node 10, rad
         63    2.303E-02, -4.308E-02,  9.988E-01         F               0         Tower Z orientation angle, node 10, rad
         64    9.997E-01,  7.683E-03, -2.275E-02         F               0         Tower X orientation angle, node 11, rad
         65   -6.693E-03,  9.990E-01,  4.325E-02         F               0         Tower Y orientation angle, node 11, rad
         66    2.306E-02, -4.308E-02,  9.988E-01         F               0         Tower Z orientation angle, node 11, rad
         67   -1.833E-03                                 F               0         Tower X translation velocity, node 1, m/s
         68    9.180E-07                                 F               0         Tower Y translation velocity, node 1, m/s
         69   -8.187E-03                                 F               0         Tower Z translation velocity, node 1, m/s
         70   -1.828E-03                                 F               0         Tower X translation velocity, node 2, m/s
         71    1.576E-06                                 F               0         Tower Y translation velocity, node 2, m/s
         72   -8.187E-03                                 F               0         Tower Z translation velocity, node 2, m/s
         73   -1.813E-03                                 F               0         Tower X translation velocity, node 3, m/s
         74    2.346E-06                                 F               0         Tower Y translation velocity, node 3, m/s
         75   -8.187E-03                                 F               0         Tower Z translation velocity, node 3, m/s
         76   -1.788E-03                                 F               0         Tower X translation velocity, node 4, m/s
         77    3.219E-06                                 F               0         Tower Y translation velocity, node 4, m/s
         78   -8.187E-03                                 F               0         Tower Z translation velocity, node 4, m/s
         79   -1.752E-03                                 F               0         Tower X translation velocity, node 5, m/s
         80    4.195E-06                                 F               0         Tower Y translation velocity, node 5, m/s
         81   -8.188E-03                                 F               0         Tower Z translation velocity, node 5, m/s
         82   -1.706E-03                                 F               0         Tower X translation velocity, node 6, m/s
         83    5.273E-06                                 F               0         Tower Y translation velocity, node 6, m/s
         84   -8.189E-03                                 F               0         Tower Z translation velocity, node 6, m/s
         85   -1.649E-03                                 F               0         Tower X translation velocity, node 7, m/s
         86    6.440E-06                                 F               0         Tower Y translation velocity, node 7, m/s
         87   -8.190E-03                                 F               0         Tower Z translation velocity, node 7, m/s
         88   -1.582E-03                                 F               0         Tower X translation velocity, node 8, m/s
         89    7.694E-06                                 F               0         Tower Y translation velocity, node 8, m/s
         90   -8.192E-03                                 F               0         Tower Z translation velocity, node 8, m/s
         91   -1.506E-03                                 F               0         Tower X translation velocity, node 9, m/s
         92    9.023E-06                                 F               0         Tower Y translation velocity, node 9, m/s
         93   -8.193E-03                                 F               0         Tower Z translation velocity, node 9, m/s
         94   -1.423E-03                                 F               0         Tower X translation velocity, node 10, m/s
         95    1.041E-05                                 F               0         Tower Y translation velocity, node 10, m/s
         96   -8.195E-03                                 F               0         Tower Z translation velocity, node 10, m/s
         97   -1.335E-03                                 F               0         Tower X translation velocity, node 11, m/s
         98    1.183E-05                                 F               0         Tower Y translation velocity, node 11, m/s
         99   -8.197E-03                                 F               0         Tower Z translation velocity, node 11, m/s
        100    1.139E+01                                 F               0         Hub X translation displacement, node 1, m
        101   -7.100E+00                                 F               0         Hub Y translation displacement, node 1, m
        102    1.947E-04                                 F               0         Hub Z translation displacement, node 1, m
        103    9.918E-01,  1.214E-02, -1.270E-01         F               0         Hub X orientation angle, node 1, rad
        104   -1.173E-01,  4.794E-01, -8.697E-01         F               0         Hub Y orientation angle, node 1, rad
        105    5.033E-02,  8.775E-01,  4.769E-01         F               0         Hub Z orientation angle, node 1, rad
        106    8.865E-01                                 F               0         Hub X rotation velocity, node 1, rad/s
        107    1.086E-02                                 F               0         Hub Y rotation velocity, node 1, rad/s
        108   -1.135E-01                                 F               0         Hub Z rotation velocity, node 1, rad/s
        109    9.949E-01, -2.083E-03, -1.012E-01         F               0         Blade root 1 X orientation angle, node 1, rad
        110   -8.778E-02,  4.795E-01, -8.731E-01         F               0         Blade root 1 Y orientation angle, node 1, rad
        111    5.033E-02,  8.775E-01,  4.769E-01         F               0         Blade root 1 Z orientation angle, node 1, rad
        112    9.884E-01, -3.295E-03, -1.521E-01         F               0         Blade root 2 X orientation angle, node 1, rad
        113    1.316E-01,  5.204E-01,  8.437E-01         F               0         Blade root 2 Y orientation angle, node 1, rad
        114    7.638E-02, -8.539E-01,  5.148E-01         F               0         Blade root 2 Z orientation angle, node 1, rad
        115    9.909E-01,  4.179E-02, -1.276E-01         F               0         Blade root 3 X orientation angle, node 1, rad
        116    4.446E-02, -9.988E-01,  1.808E-02         F               0         Blade root 3 Y orientation angle, node 1, rad
        117   -1.267E-01, -2.359E-02, -9.917E-01         F               0         Blade root 3 Z orientation angle, node 1, rad
        118    1.109E+01                                 F               0         Blade 1 X translation displacement, node 1, m
        119   -2.238E+00                                 F               0         Blade 1 Y translation displacement, node 1, m
        120   -2.867E+00                                 F               0         Blade 1 Z translation displacement, node 1, m
        121    1.102E+01                                 F               0         Blade 1 X translation displacement, node 2, m
        122   -1.067E+00                                 F               0         Blade 1 Y translation displacement, node 2, m
        123   -3.558E+00                                 F               0         Blade 1 Z translation displacement, node 2, m
        124    1.004E+01                                 F               0         Blade 1 X translation displacement, node 3, m
        125    1.486E+01                                 F               0         Blade 1 Y translation displacement, node 3, m
        126   -1.295E+01                                 F               0         Blade 1 Z translation displacement, node 3, m
        127    9.828E+00                                 F               0         Blade 1 X translation displacement, node 4, m
        128    1.826E+01                                 F               0         Blade 1 Y translation displacement, node 4, m
        129   -1.496E+01                                 F               0         Blade 1 Z translation displacement, node 4, m
        130    9.619E+00                                 F               0         Blade 1 X translation displacement, node 5, m
        131    2.165E+01                                 F               0         Blade 1 Y translation displacement, node 5, m
        132   -1.696E+01                                 F               0         Blade 1 Z translation displacement, node 5, m
        133    9.409E+00                                 F               0         Blade 1 X translation displacement, node 6, m
        134    2.504E+01                                 F               0         Blade 1 Y translation displacement, node 6, m
        135   -1.896E+01                                 F               0         Blade 1 Z translation displacement, node 6, m
        136    9.199E+00                                 F               0         Blade 1 X translation displacement, node 7, m
        137    2.844E+01                                 F               0         Blade 1 Y translation displacement, node 7, m
        138   -2.096E+01                                 F               0         Blade 1 Z translation displacement, node 7, m
        139    8.990E+00                                 F               0         Blade 1 X translation displacement, node 8, m
        140    3.183E+01                                 F               0         Blade 1 Y translation displacement, node 8, m
        141   -2.296E+01                                 F               0         Blade 1 Z translation displacement, node 8, m
        142    8.780E+00                                 F               0         Blade 1 X translation displacement, node 9, m
        143    3.523E+01                                 F               0         Blade 1 Y translation displacement, node 9, m
        144   -2.497E+01                                 F               0         Blade 1 Z translation displacement, node 9, m
        145    8.571E+00                                 F               0         Blade 1 X translation displacement, node 10, m
        146    3.862E+01                                 F               0         Blade 1 Y translation displacement, node 10, m
        147   -2.697E+01                                 F               0         Blade 1 Z translation displacement, node 10, m
        148    8.361E+00                                 F               0         Blade 1 X translation displacement, node 11, m
        149    4.201E+01                                 F               0         Blade 1 Y translation displacement, node 11, m
        150   -2.897E+01                                 F               0         Blade 1 Z translation displacement, node 11, m
        151    8.151E+00                                 F               0         Blade 1 X translation displacement, node 12, m
        152    4.541E+01                                 F               0         Blade 1 Y translation displacement, node 12, m
        153   -3.097E+01                                 F               0         Blade 1 Z translation displacement, node 12, m
        154    7.942E+00                                 F               0         Blade 1 X translation displacement, node 13, m
        155    4.880E+01                                 F               0         Blade 1 Y translation displacement, node 13, m
        156   -3.297E+01                                 F               0         Blade 1 Z translation displacement, node 13, m
        157    7.732E+00                                 F               0         Blade 1 X translation displacement, node 14, m
        158    5.220E+01                                 F               0         Blade 1 Y translation displacement, node 14, m
        159   -3.498E+01                                 F               0         Blade 1 Z translation displacement, node 14, m
        160    7.523E+00                                 F               0         Blade 1 X translation displacement, node 15, m
        161    5.559E+01                                 F               0         Blade 1 Y translation displacement, node 15, m
        162   -3.698E+01                                 F               0         Blade 1 Z translation displacement, node 15, m
        163    7.313E+00                                 F               0         Blade 1 X translation displacement, node 16, m
        164    5.898E+01                                 F               0         Blade 1 Y translation displacement, node 16, m
        165   -3.898E+01                                 F               0         Blade 1 Z translation displacement, node 16, m
        166    7.103E+00                                 F               0         Blade 1 X translation displacement, node 17, m
        167    6.238E+01                                 F               0         Blade 1 Y translation displacement, node 17, m
        168   -4.098E+01                                 F               0         Blade 1 Z translation displacement, node 17, m
        169    6.894E+00                                 F               0         Blade 1 X translation displacement, node 18, m
        170    6.577E+01                                 F               0         Blade 1 Y translation displacement, node 18, m
        171   -4.298E+01                                 F               0         Blade 1 Z translation displacement, node 18, m
        172    6.684E+00                                 F               0         Blade 1 X translation displacement, node 19, m
        173    6.917E+01                                 F               0         Blade 1 Y translation displacement, node 19, m
        174   -4.499E+01                                 F               0         Blade 1 Z translation displacement, node 19, m
        175    6.475E+00                                 F               0         Blade 1 X translation displacement, node 20, m
        176    7.256E+01                                 F               0         Blade 1 Y translation displacement, node 20, m
        177   -4.699E+01                                 F               0         Blade 1 Z translation displacement, node 20, m
        178    6.265E+00                                 F               0         Blade 1 X translation displacement, node 21, m
        179    7.595E+01                                 F               0         Blade 1 Y translation displacement, node 21, m
        180   -4.899E+01                                 F               0         Blade 1 Z translation displacement, node 21, m
        181    6.055E+00                                 F               0         Blade 1 X translation displacement, node 22, m
        182    7.935E+01                                 F               0         Blade 1 Y translation displacement, node 22, m
        183   -5.099E+01                                 F               0         Blade 1 Z translation displacement, node 22, m
        184    5.846E+00                                 F               0         Blade 1 X translation displacement, node 23, m
        185    8.274E+01                                 F               0         Blade 1 Y translation displacement, node 23, m
        186   -5.299E+01                                 F               0         Blade 1 Z translation displacement, node 23, m
        187    5.636E+00                                 F               0         Blade 1 X translation displacement, node 24, m
        188    8.614E+01                                 F               0         Blade 1 Y translation displacement, node 24, m
        189   -5.500E+01                                 F               0         Blade 1 Z translation displacement, node 24, m
        190    5.427E+00                                 F               0         Blade 1 X translation displacement, node 25, m
        191    8.953E+01                                 F               0         Blade 1 Y translation displacement, node 25, m
        192   -5.700E+01                                 F               0         Blade 1 Z translation displacement, node 25, m
        193    5.217E+00                                 F               0         Blade 1 X translation displacement, node 26, m
        194    9.292E+01                                 F               0         Blade 1 Y translation displacement, node 26, m
        195   -5.900E+01                                 F               0         Blade 1 Z translation displacement, node 26, m
        196    5.007E+00                                 F               0         Blade 1 X translation displacement, node 27, m
        197    9.632E+01                                 F               0         Blade 1 Y translation displacement, node 27, m
        198   -6.100E+01                                 F               0         Blade 1 Z translation displacement, node 27, m
        199    4.830E+00                                 F               0         Blade 1 X translation displacement, node 28, m
        200    9.919E+01                                 F               0         Blade 1 Y translation displacement, node 28, m
        201   -6.270E+01                                 F               0         Blade 1 Z translation displacement, node 28, m
        202    9.254E-01, -2.205E-01,  3.081E-01         F               0         Blade 1 X orientation angle, node 1, rad
        203    3.755E-01,  4.258E-01, -8.232E-01         F               0         Blade 1 Y orientation angle, node 1, rad
        204    5.033E-02,  8.775E-01,  4.769E-01         F               0         Blade 1 Z orientation angle, node 1, rad
        205    9.254E-01, -2.205E-01,  3.081E-01         F               0         Blade 1 X orientation angle, node 2, rad
        206    3.755E-01,  4.258E-01, -8.232E-01         F               0         Blade 1 Y orientation angle, node 2, rad
        207    5.033E-02,  8.775E-01,  4.769E-01         F               0         Blade 1 Z orientation angle, node 2, rad
        208    9.881E-01, -1.133E-01,  1.042E-01         F               0         Blade 1 X orientation angle, node 3, rad
        209    1.455E-01,  4.660E-01, -8.728E-01         F               0         Blade 1 Y orientation angle, node 3, rad
        210    5.033E-02,  8.775E-01,  4.769E-01         F               0         Blade 1 Z orientation angle, node 3, rad
        211    9.933E-01, -9.355E-02,  6.729E-02         F               0         Blade 1 X orientation angle, node 4, rad
        212    1.037E-01,  4.703E-01, -8.764E-01         F               0         Blade 1 Y orientation angle, node 4, rad
        213    5.033E-02,  8.775E-01,  4.769E-01         F               0         Blade 1 Z orientation angle, node 4, rad
        214    9.962E-01, -7.790E-02,  3.819E-02         F               0         Blade 1 X orientation angle, node 5, rad
        215    7.067E-02,  4.732E-01, -8.781E-01         F               0         Blade 1 Y orientation angle, node 5, rad
        216    5.033E-02,  8.775E-01,  4.769E-01         F               0         Blade 1 Z orientation angle, node 5, rad
        217    9.978E-01, -6.532E-02,  1.489E-02         F               0         Blade 1 X orientation angle, node 6, rad
        218    4.422E-02,  4.751E-01, -8.788E-01         F               0         Blade 1 Y orientation angle, node 6, rad
        219    5.033E-02,  8.775E-01,  4.769E-01         F               0         Blade 1 Z orientation angle, node 6, rad
        220    9.985E-01, -5.494E-02, -4.288E-03         F               0         Blade 1 X orientation angle, node 7, rad
        221    2.244E-02,  4.764E-01, -8.789E-01         F               0         Blade 1 Y orientation angle, node 7, rad
        222    5.033E-02,  8.775E-01,  4.769E-01         F               0         Blade 1 Z orientation angle, node 7, rad
        223    9.987E-01, -4.629E-02, -2.024E-02         F               0         Blade 1 X orientation angle, node 8, rad
        224    4.313E-03,  4.773E-01, -8.787E-01         F               0         Blade 1 Y orientation angle, node 8, rad
        225    5.033E-02,  8.775E-01,  4.769E-01         F               0         Blade 1 Z orientation angle, node 8, rad
        226    9.987E-01, -3.895E-02, -3.373E-02         F               0         Blade 1 X orientation angle, node 9, rad
        227   -1.103E-02,  4.780E-01, -8.783E-01         F               0         Blade 1 Y orientation angle, node 9, rad
        228    5.033E-02,  8.775E-01,  4.769E-01         F               0         Blade 1 Z orientation angle, node 9, rad
        229    9.984E-01, -3.261E-02, -4.538E-02         F               0         Blade 1 X orientation angle, node 10, rad
        230   -2.427E-02,  4.784E-01, -8.778E-01         F               0         Blade 1 Y orientation angle, node 10, rad
        231    5.033E-02,  8.775E-01,  4.769E-01         F               0         Blade 1 Z orientation angle, node 10, rad
        232    9.981E-01, -2.718E-02, -5.534E-02         F               0         Blade 1 X orientation angle, node 11, rad
        233   -3.560E-02,  4.788E-01, -8.772E-01         F               0         Blade 1 Y orientation angle, node 11, rad
        234    5.033E-02,  8.775E-01,  4.769E-01         F               0         Blade 1 Z orientation angle, node 11, rad
        235    9.977E-01, -2.241E-02, -6.406E-02         F               0         Blade 1 X orientation angle, node 12, rad
        236   -4.552E-02,  4.790E-01, -8.766E-01         F               0         Blade 1 Y orientation angle, node 12, rad
        237    5.033E-02,  8.775E-01,  4.769E-01         F               0         Blade 1 Z orientation angle, node 12, rad
        238    9.973E-01, -1.823E-02, -7.171E-02         F               0         Blade 1 X orientation angle, node 13, rad
        239   -5.423E-02,  4.792E-01, -8.760E-01         F               0         Blade 1 Y orientation angle, node 13, rad
        240    5.033E-02,  8.775E-01,  4.769E-01         F               0         Blade 1 Z orientation angle, node 13, rad
        241    9.968E-01, -1.447E-02, -7.859E-02         F               0         Blade 1 X orientation angle, node 14, rad
        242   -6.206E-02,  4.793E-01, -8.754E-01         F               0         Blade 1 Y orientation angle, node 14, rad
        243    5.033E-02,  8.775E-01,  4.769E-01         F               0         Blade 1 Z orientation angle, node 14, rad
        244    9.963E-01, -1.112E-02, -8.469E-02         F               0         Blade 1 X orientation angle, node 15, rad
        245   -6.902E-02,  4.794E-01, -8.749E-01         F               0         Blade 1 Y orientation angle, node 15, rad
        246    5.033E-02,  8.775E-01,  4.769E-01         F               0         Blade 1 Z orientation angle, node 15, rad
        247    9.959E-01, -8.109E-03, -9.019E-02         F               0         Blade 1 X orientation angle, node 16, rad
        248   -7.528E-02,  4.795E-01, -8.743E-01         F               0         Blade 1 Y orientation angle, node 16, rad
        249    5.033E-02,  8.775E-01,  4.769E-01         F               0         Blade 1 Z orientation angle, node 16, rad
        250    9.955E-01, -5.431E-03, -9.507E-02         F               0         Blade 1 X orientation angle, node 17, rad
        251   -8.084E-02,  4.795E-01, -8.738E-01         F               0         Blade 1 Y orientation angle, node 17, rad
        252    5.033E-02,  8.775E-01,  4.769E-01         F               0         Blade 1 Z orientation angle, node 17, rad
        253    9.950E-01, -2.920E-03, -9.965E-02         F               0         Blade 1 X orientation angle, node 18, rad
        254   -8.605E-02,  4.795E-01, -8.733E-01         F               0         Blade 1 Y orientation angle, node 18, rad
        255    5.033E-02,  8.775E-01,  4.769E-01         F               0         Blade 1 Z orientation angle, node 18, rad
        256    9.946E-01, -6.606E-04, -1.038E-01         F               0         Blade 1 X orientation angle, node 19, rad
        257   -9.074E-02,  4.796E-01, -8.728E-01         F               0         Blade 1 Y orientation angle, node 19, rad
        258    5.033E-02,  8.775E-01,  4.769E-01         F               0         Blade 1 Z orientation angle, node 19, rad
        259    9.942E-01,  1.348E-03, -1.074E-01         F               0         Blade 1 X orientation angle, node 20, rad
        260   -9.490E-02,  4.795E-01, -8.724E-01         F               0         Blade 1 Y orientation angle, node 20, rad
        261    5.033E-02,  8.775E-01,  4.769E-01         F               0         Blade 1 Z orientation angle, node 20, rad
        262    9.938E-01,  3.273E-03, -1.109E-01         F               0         Blade 1 X orientation angle, node 21, rad
        263   -9.889E-02,  4.795E-01, -8.719E-01         F               0         Blade 1 Y orientation angle, node 21, rad
        264    5.033E-02,  8.775E-01,  4.769E-01         F               0         Blade 1 Z orientation angle, node 21, rad
        265    9.935E-01,  5.031E-03, -1.141E-01         F               0         Blade 1 X orientation angle, node 22, rad
        266   -1.025E-01,  4.795E-01, -8.715E-01         F               0         Blade 1 Y orientation angle, node 22, rad
        267    5.033E-02,  8.775E-01,  4.769E-01         F               0         Blade 1 Z orientation angle, node 22, rad
        268    9.931E-01,  6.621E-03, -1.170E-01         F               0         Blade 1 X orientation angle, node 23, rad
        269   -1.058E-01,  4.795E-01, -8.711E-01         F               0         Blade 1 Y orientation angle, node 23, rad
        270    5.033E-02,  8.775E-01,  4.769E-01         F               0         Blade 1 Z orientation angle, node 23, rad
        271    9.928E-01,  8.127E-03, -1.197E-01         F               0         Blade 1 X orientation angle, node 24, rad
        272   -1.089E-01,  4.795E-01, -8.708E-01         F               0         Blade 1 Y orientation angle, node 24, rad
        273    5.033E-02,  8.775E-01,  4.769E-01         F               0         Blade 1 Z orientation angle, node 24, rad
        274    9.924E-01,  9.550E-03, -1.223E-01         F               0         Blade 1 X orientation angle, node 25, rad
        275   -1.119E-01,  4.795E-01, -8.704E-01         F               0         Blade 1 Y orientation angle, node 25, rad
        276    5.033E-02,  8.775E-01,  4.769E-01         F               0         Blade 1 Z orientation angle, node 25, rad
        277    9.921E-01,  1.081E-02, -1.246E-01         F               0         Blade 1 X orientation angle, node 26, rad
        278   -1.145E-01,  4.794E-01, -8.701E-01         F               0         Blade 1 Y orientation angle, node 26, rad
        279    5.033E-02,  8.775E-01,  4.769E-01         F               0         Blade 1 Z orientation angle, node 26, rad
        280    9.918E-01,  1.206E-02, -1.269E-01         F               0         Blade 1 X orientation angle, node 27, rad
        281   -1.171E-01,  4.794E-01, -8.698E-01         F               0         Blade 1 Y orientation angle, node 27, rad
        282    5.033E-02,  8.775E-01,  4.769E-01         F               0         Blade 1 Z orientation angle, node 27, rad
        283    9.917E-01,  1.273E-02, -1.281E-01         F               0         Blade 1 X orientation angle, node 28, rad
        284   -1.185E-01,  4.794E-01, -8.696E-01         F               0         Blade 1 Y orientation angle, node 28, rad
        285    5.033E-02,  8.775E-01,  4.769E-01         F               0         Blade 1 Z orientation angle, node 28, rad
        286    5.794E-01                                 F               0         Blade 1 X translation velocity, node 1, m/s
        287   -2.374E+00                                 F               0         Blade 1 Y translation velocity, node 1, m/s
        288    4.299E+00                                 F               0         Blade 1 Z translation velocity, node 1, m/s
        289    7.193E-01                                 F               0         Blade 1 X translation velocity, node 2, m/s
        290   -2.946E+00                                 F               0         Blade 1 Y translation velocity, node 2, m/s
        291    5.337E+00                                 F               0         Blade 1 Z translation velocity, node 2, m/s
        292    2.622E+00                                 F               0         Blade 1 X translation velocity, node 3, m/s
        293   -1.072E+01                                 F               0         Blade 1 Y translation velocity, node 3, m/s
        294    1.945E+01                                 F               0         Blade 1 Z translation velocity, node 3, m/s
        295    3.027E+00                                 F               0         Blade 1 X translation velocity, node 4, m/s
        296   -1.238E+01                                 F               0         Blade 1 Y translation velocity, node 4, m/s
        297    2.246E+01                                 F               0         Blade 1 Z translation velocity, node 4, m/s
        298    3.433E+00                                 F               0         Blade 1 X translation velocity, node 5, m/s
        299   -1.404E+01                                 F               0         Blade 1 Y translation velocity, node 5, m/s
        300    2.546E+01                                 F               0         Blade 1 Z translation velocity, node 5, m/s
        301    3.838E+00                                 F               0         Blade 1 X translation velocity, node 6, m/s
        302   -1.570E+01                                 F               0         Blade 1 Y translation velocity, node 6, m/s
        303    2.847E+01                                 F               0         Blade 1 Z translation velocity, node 6, m/s
        304    4.243E+00                                 F               0         Blade 1 X translation velocity, node 7, m/s
        305   -1.735E+01                                 F               0         Blade 1 Y translation velocity, node 7, m/s
        306    3.148E+01                                 F               0         Blade 1 Z translation velocity, node 7, m/s
        307    4.649E+00                                 F               0         Blade 1 X translation velocity, node 8, m/s
