
Linearized model: Predictions were generated on 06-Feb-2024 at 16:18:08 using OpenFAST, compiled as a 64-bit application using single precision at commit v3.5.1
 linked with  NWTC Subroutine Library; ElastoDyn; InflowWind; AeroDyn; ServoDyn; HydroDyn; MAP++ (<1.20.10>, <Oct-20-2023>)

Description from the FAST input file: CCT-9 Campign 4 model. Input files to be run with OpenFAST 3.5.0. GitHub branch from Lu Wang (https://github.com/luwang00/openfast/tree/dev) compiled on March 7, 2023.

Simulation information:
   Simulation time:                  1001.2500 s
   Rotor Speed:                         1.0420 rad/s
   Azimuth:                             2.8028 rad
   Wind Speed:                         12.0000 m/s
   Number of continuous states:         0
   Number of discrete states:           0
   Number of constraint states:         0
   Number of inputs:                 1746
   Number of outputs:                   4
   Jacobians included in this file?    No

Order of inputs:
     Column   Operating Point                     Rotating Frame? Derivative Order Description
   ---------- ---------------                     --------------- ---------------- -----------
          1    1.513E+01                                 F               0         Tower X translation displacement, node 1, m
          2   -1.423E+00                                 F               0         Tower Y translation displacement, node 1, m
          3   -4.953E-01                                 F               0         Tower Z translation displacement, node 1, m
          4    1.704E+01                                 F               0         Tower X translation displacement, node 2, m
          5   -2.004E+00                                 F               0         Tower Y translation displacement, node 2, m
          6   -6.580E-01                                 F               0         Tower Z translation displacement, node 2, m
          7    1.899E+01                                 F               0         Tower X translation displacement, node 3, m
          8   -2.591E+00                                 F               0         Tower Y translation displacement, node 3, m
          9   -8.263E-01                                 F               0         Tower Z translation displacement, node 3, m
         10    2.096E+01                                 F               0         Tower X translation displacement, node 4, m
         11   -3.181E+00                                 F               0         Tower Y translation displacement, node 4, m
         12   -9.991E-01                                 F               0         Tower Z translation displacement, node 4, m
         13    2.296E+01                                 F               0         Tower X translation displacement, node 5, m
         14   -3.776E+00                                 F               0         Tower Y translation displacement, node 5, m
         15   -1.176E+00                                 F               0         Tower Z translation displacement, node 5, m
         16    2.497E+01                                 F               0         Tower X translation displacement, node 6, m
         17   -4.374E+00                                 F               0         Tower Y translation displacement, node 6, m
         18   -1.355E+00                                 F               0         Tower Z translation displacement, node 6, m
         19    2.699E+01                                 F               0         Tower X translation displacement, node 7, m
         20   -4.974E+00                                 F               0         Tower Y translation displacement, node 7, m
         21   -1.537E+00                                 F               0         Tower Z translation displacement, node 7, m
         22    2.903E+01                                 F               0         Tower X translation displacement, node 8, m
         23   -5.577E+00                                 F               0         Tower Y translation displacement, node 8, m
         24   -1.721E+00                                 F               0         Tower Z translation displacement, node 8, m
         25    3.108E+01                                 F               0         Tower X translation displacement, node 9, m
         26   -6.181E+00                                 F               0         Tower Y translation displacement, node 9, m
         27   -1.907E+00                                 F               0         Tower Z translation displacement, node 9, m
         28    3.313E+01                                 F               0         Tower X translation displacement, node 10, m
         29   -6.786E+00                                 F               0         Tower Y translation displacement, node 10, m
         30   -2.093E+00                                 F               0         Tower Z translation displacement, node 10, m
         31    3.518E+01                                 F               0         Tower X translation displacement, node 11, m
         32   -7.392E+00                                 F               0         Tower Y translation displacement, node 11, m
         33   -2.280E+00                                 F               0         Tower Z translation displacement, node 11, m
         34    9.881E-01, -3.536E-03, -1.540E-01         F               0         Tower X orientation angle, node 1, rad
         35    1.070E-02,  9.989E-01,  4.574E-02         F               0         Tower Y orientation angle, node 1, rad
         36    1.537E-01, -4.685E-02,  9.870E-01         F               0         Tower Z orientation angle, node 1, rad
         37    9.877E-01, -3.412E-03, -1.566E-01         F               0         Tower X orientation angle, node 2, rad
         38    1.077E-02,  9.989E-01,  4.615E-02         F               0         Tower Y orientation angle, node 2, rad
         39    1.563E-01, -4.727E-02,  9.866E-01         F               0         Tower Z orientation angle, node 2, rad
         40    9.873E-01, -3.302E-03, -1.589E-01         F               0         Tower X orientation angle, node 3, rad
         41    1.083E-02,  9.989E-01,  4.652E-02         F               0         Tower Y orientation angle, node 3, rad
         42    1.585E-01, -4.765E-02,  9.862E-01         F               0         Tower Z orientation angle, node 3, rad
         43    9.870E-01, -3.207E-03, -1.608E-01         F               0         Tower X orientation angle, node 4, rad
         44    1.088E-02,  9.988E-01,  4.684E-02         F               0         Tower Y orientation angle, node 4, rad
         45    1.605E-01, -4.798E-02,  9.859E-01         F               0         Tower Z orientation angle, node 4, rad
         46    9.867E-01, -3.127E-03, -1.625E-01         F               0         Tower X orientation angle, node 5, rad
         47    1.092E-02,  9.988E-01,  4.711E-02         F               0         Tower Y orientation angle, node 5, rad
         48    1.621E-01, -4.826E-02,  9.856E-01         F               0         Tower Z orientation angle, node 5, rad
         49    9.865E-01, -3.061E-03, -1.638E-01         F               0         Tower X orientation angle, node 6, rad
         50    1.096E-02,  9.988E-01,  4.734E-02         F               0         Tower Y orientation angle, node 6, rad
         51    1.635E-01, -4.850E-02,  9.854E-01         F               0         Tower Z orientation angle, node 6, rad
         52    9.863E-01, -3.011E-03, -1.648E-01         F               0         Tower X orientation angle, node 7, rad
         53    1.099E-02,  9.988E-01,  4.752E-02         F               0         Tower Y orientation angle, node 7, rad
         54    1.645E-01, -4.868E-02,  9.852E-01         F               0         Tower Z orientation angle, node 7, rad
         55    9.862E-01, -2.973E-03, -1.656E-01         F               0         Tower X orientation angle, node 8, rad
         56    1.101E-02,  9.988E-01,  4.767E-02         F               0         Tower Y orientation angle, node 8, rad
         57    1.652E-01, -4.883E-02,  9.850E-01         F               0         Tower Z orientation angle, node 8, rad
         58    9.861E-01, -2.946E-03, -1.661E-01         F               0         Tower X orientation angle, node 9, rad
         59    1.103E-02,  9.988E-01,  4.777E-02         F               0         Tower Y orientation angle, node 9, rad
         60    1.658E-01, -4.894E-02,  9.849E-01         F               0         Tower Z orientation angle, node 9, rad
         61    9.860E-01, -2.929E-03, -1.665E-01         F               0         Tower X orientation angle, node 10, rad
         62    1.104E-02,  9.988E-01,  4.784E-02         F               0         Tower Y orientation angle, node 10, rad
         63    1.661E-01, -4.901E-02,  9.849E-01         F               0         Tower Z orientation angle, node 10, rad
         64    9.860E-01, -2.920E-03, -1.666E-01         F               0         Tower X orientation angle, node 11, rad
         65    1.105E-02,  9.988E-01,  4.788E-02         F               0         Tower Y orientation angle, node 11, rad
         66    1.663E-01, -4.905E-02,  9.849E-01         F               0         Tower Z orientation angle, node 11, rad
         67    4.492E-04                                 F               0         Tower X translation velocity, node 1, m/s
         68   -2.661E-05                                 F               0         Tower Y translation velocity, node 1, m/s
         69   -1.778E-03                                 F               0         Tower Z translation velocity, node 1, m/s
         70    5.356E-04                                 F               0         Tower X translation velocity, node 2, m/s
         71   -4.622E-05                                 F               0         Tower Y translation velocity, node 2, m/s
         72   -1.793E-03                                 F               0         Tower Z translation velocity, node 2, m/s
         73    5.727E-04                                 F               0         Tower X translation velocity, node 3, m/s
         74   -6.938E-05                                 F               0         Tower Y translation velocity, node 3, m/s
         75   -1.800E-03                                 F               0         Tower Z translation velocity, node 3, m/s
         76    5.700E-04                                 F               0         Tower X translation velocity, node 4, m/s
         77   -9.422E-05                                 F               0         Tower Y translation velocity, node 4, m/s
         78   -1.801E-03                                 F               0         Tower Z translation velocity, node 4, m/s
         79    5.325E-04                                 F               0         Tower X translation velocity, node 5, m/s
         80   -1.195E-04                                 F               0         Tower Y translation velocity, node 5, m/s
         81   -1.796E-03                                 F               0         Tower Z translation velocity, node 5, m/s
         82    4.648E-04                                 F               0         Tower X translation velocity, node 6, m/s
         83   -1.440E-04                                 F               0         Tower Y translation velocity, node 6, m/s
         84   -1.786E-03                                 F               0         Tower Z translation velocity, node 6, m/s
         85    3.735E-04                                 F               0         Tower X translation velocity, node 7, m/s
         86   -1.672E-04                                 F               0         Tower Y translation velocity, node 7, m/s
         87   -1.772E-03                                 F               0         Tower Z translation velocity, node 7, m/s
         88    2.609E-04                                 F               0         Tower X translation velocity, node 8, m/s
         89   -1.886E-04                                 F               0         Tower Y translation velocity, node 8, m/s
         90   -1.754E-03                                 F               0         Tower Z translation velocity, node 8, m/s
         91    1.318E-04                                 F               0         Tower X translation velocity, node 9, m/s
         92   -2.080E-04                                 F               0         Tower Y translation velocity, node 9, m/s
         93   -1.733E-03                                 F               0         Tower Z translation velocity, node 9, m/s
         94   -9.021E-06                                 F               0         Tower X translation velocity, node 10, m/s
         95   -2.257E-04                                 F               0         Tower Y translation velocity, node 10, m/s
         96   -1.710E-03                                 F               0         Tower Z translation velocity, node 10, m/s
         97   -1.571E-04                                 F               0         Tower X translation velocity, node 11, m/s
         98   -2.422E-04                                 F               0         Tower Y translation velocity, node 11, m/s
         99   -1.686E-03                                 F               0         Tower Z translation velocity, node 11, m/s
        100    3.664E+01                                 F               0         Hub X translation displacement, node 1, m
        101   -7.745E+00                                 F               0         Hub Y translation displacement, node 1, m
        102   -5.994E-01                                 F               0         Hub Z translation displacement, node 1, m
        103    9.632E-01,  2.223E-03, -2.687E-01         F               0         Hub X orientation angle, node 1, rad
        104    7.879E-02, -9.583E-01,  2.745E-01         F               0         Hub Y orientation angle, node 1, rad
        105   -2.569E-01, -2.856E-01, -9.233E-01         F               0         Hub Z orientation angle, node 1, rad
        106    1.004E+00                                 F               0         Hub X rotation velocity, node 1, rad/s
        107    2.304E-03                                 F               0         Hub Y rotation velocity, node 1, rad/s
        108   -2.800E-01                                 F               0         Hub Z rotation velocity, node 1, rad/s
        109    9.605E-01,  3.065E-02, -2.767E-01         F               0         Blade root 1 X orientation angle, node 1, rad
        110    1.073E-01, -9.579E-01,  2.664E-01         F               0         Blade root 1 Y orientation angle, node 1, rad
        111   -2.569E-01, -2.856E-01, -9.233E-01         F               0         Blade root 1 Z orientation angle, node 1, rad
        112    9.706E-01, -4.656E-03, -2.408E-01         F               0         Blade root 2 X orientation angle, node 1, rad
        113   -2.332E-01,  2.318E-01, -9.444E-01         F               0         Blade root 2 Y orientation angle, node 1, rad
        114    6.020E-02,  9.728E-01,  2.239E-01         F               0         Blade root 2 Z orientation angle, node 1, rad
        115    9.574E-01, -1.933E-02, -2.882E-01         F               0         Blade root 3 X orientation angle, node 1, rad
        116    2.116E-01,  7.263E-01,  6.541E-01         F               0         Blade root 3 Y orientation angle, node 1, rad
        117    1.967E-01, -6.871E-01,  6.994E-01         F               0         Blade root 3 Z orientation angle, node 1, rad
        118    3.464E+01                                 F               0         Blade 1 X translation displacement, node 1, m
        119   -9.328E+00                                 F               0         Blade 1 Y translation displacement, node 1, m
        120   -1.122E+01                                 F               0         Blade 1 Z translation displacement, node 1, m
        121    3.415E+01                                 F               0         Blade 1 X translation displacement, node 2, m
        122   -9.709E+00                                 F               0         Blade 1 Y translation displacement, node 2, m
        123   -1.378E+01                                 F               0         Blade 1 Z translation displacement, node 2, m
        124    2.759E+01                                 F               0         Blade 1 X translation displacement, node 3, m
        125   -1.489E+01                                 F               0         Blade 1 Y translation displacement, node 3, m
        126   -4.860E+01                                 F               0         Blade 1 Z translation displacement, node 3, m
        127    2.620E+01                                 F               0         Blade 1 X translation displacement, node 4, m
        128   -1.600E+01                                 F               0         Blade 1 Y translation displacement, node 4, m
        129   -5.601E+01                                 F               0         Blade 1 Z translation displacement, node 4, m
        130    2.480E+01                                 F               0         Blade 1 X translation displacement, node 5, m
        131   -1.710E+01                                 F               0         Blade 1 Y translation displacement, node 5, m
        132   -6.343E+01                                 F               0         Blade 1 Z translation displacement, node 5, m
        133    2.340E+01                                 F               0         Blade 1 X translation displacement, node 6, m
        134   -1.821E+01                                 F               0         Blade 1 Y translation displacement, node 6, m
        135   -7.085E+01                                 F               0         Blade 1 Z translation displacement, node 6, m
        136    2.200E+01                                 F               0         Blade 1 X translation displacement, node 7, m
        137   -1.931E+01                                 F               0         Blade 1 Y translation displacement, node 7, m
        138   -7.827E+01                                 F               0         Blade 1 Z translation displacement, node 7, m
        139    2.060E+01                                 F               0         Blade 1 X translation displacement, node 8, m
        140   -2.042E+01                                 F               0         Blade 1 Y translation displacement, node 8, m
        141   -8.568E+01                                 F               0         Blade 1 Z translation displacement, node 8, m
        142    1.921E+01                                 F               0         Blade 1 X translation displacement, node 9, m
        143   -2.152E+01                                 F               0         Blade 1 Y translation displacement, node 9, m
        144   -9.310E+01                                 F               0         Blade 1 Z translation displacement, node 9, m
        145    1.781E+01                                 F               0         Blade 1 X translation displacement, node 10, m
        146   -2.263E+01                                 F               0         Blade 1 Y translation displacement, node 10, m
        147   -1.005E+02                                 F               0         Blade 1 Z translation displacement, node 10, m
        148    1.641E+01                                 F               0         Blade 1 X translation displacement, node 11, m
        149   -2.373E+01                                 F               0         Blade 1 Y translation displacement, node 11, m
        150   -1.079E+02                                 F               0         Blade 1 Z translation displacement, node 11, m
        151    1.501E+01                                 F               0         Blade 1 X translation displacement, node 12, m
        152   -2.484E+01                                 F               0         Blade 1 Y translation displacement, node 12, m
        153   -1.154E+02                                 F               0         Blade 1 Z translation displacement, node 12, m
        154    1.362E+01                                 F               0         Blade 1 X translation displacement, node 13, m
        155   -2.594E+01                                 F               0         Blade 1 Y translation displacement, node 13, m
        156   -1.228E+02                                 F               0         Blade 1 Z translation displacement, node 13, m
        157    1.222E+01                                 F               0         Blade 1 X translation displacement, node 14, m
        158   -2.704E+01                                 F               0         Blade 1 Y translation displacement, node 14, m
        159   -1.302E+02                                 F               0         Blade 1 Z translation displacement, node 14, m
        160    1.082E+01                                 F               0         Blade 1 X translation displacement, node 15, m
        161   -2.815E+01                                 F               0         Blade 1 Y translation displacement, node 15, m
        162   -1.376E+02                                 F               0         Blade 1 Z translation displacement, node 15, m
        163    9.422E+00                                 F               0         Blade 1 X translation displacement, node 16, m
        164   -2.925E+01                                 F               0         Blade 1 Y translation displacement, node 16, m
        165   -1.450E+02                                 F               0         Blade 1 Z translation displacement, node 16, m
        166    8.024E+00                                 F               0         Blade 1 X translation displacement, node 17, m
        167   -3.036E+01                                 F               0         Blade 1 Y translation displacement, node 17, m
        168   -1.524E+02                                 F               0         Blade 1 Z translation displacement, node 17, m
        169    6.626E+00                                 F               0         Blade 1 X translation displacement, node 18, m
        170   -3.146E+01                                 F               0         Blade 1 Y translation displacement, node 18, m
        171   -1.599E+02                                 F               0         Blade 1 Z translation displacement, node 18, m
        172    5.228E+00                                 F               0         Blade 1 X translation displacement, node 19, m
        173   -3.257E+01                                 F               0         Blade 1 Y translation displacement, node 19, m
        174   -1.673E+02                                 F               0         Blade 1 Z translation displacement, node 19, m
        175    3.831E+00                                 F               0         Blade 1 X translation displacement, node 20, m
        176   -3.367E+01                                 F               0         Blade 1 Y translation displacement, node 20, m
        177   -1.747E+02                                 F               0         Blade 1 Z translation displacement, node 20, m
        178    2.433E+00                                 F               0         Blade 1 X translation displacement, node 21, m
        179   -3.478E+01                                 F               0         Blade 1 Y translation displacement, node 21, m
        180   -1.821E+02                                 F               0         Blade 1 Z translation displacement, node 21, m
        181    1.035E+00                                 F               0         Blade 1 X translation displacement, node 22, m
        182   -3.588E+01                                 F               0         Blade 1 Y translation displacement, node 22, m
        183   -1.895E+02                                 F               0         Blade 1 Z translation displacement, node 22, m
        184   -3.628E-01                                 F               0         Blade 1 X translation displacement, node 23, m
        185   -3.699E+01                                 F               0         Blade 1 Y translation displacement, node 23, m
        186   -1.969E+02                                 F               0         Blade 1 Z translation displacement, node 23, m
        187   -1.761E+00                                 F               0         Blade 1 X translation displacement, node 24, m
        188   -3.809E+01                                 F               0         Blade 1 Y translation displacement, node 24, m
        189   -2.044E+02                                 F               0         Blade 1 Z translation displacement, node 24, m
        190   -3.158E+00                                 F               0         Blade 1 X translation displacement, node 25, m
        191   -3.920E+01                                 F               0         Blade 1 Y translation displacement, node 25, m
        192   -2.118E+02                                 F               0         Blade 1 Z translation displacement, node 25, m
        193   -4.556E+00                                 F               0         Blade 1 X translation displacement, node 26, m
        194   -4.030E+01                                 F               0         Blade 1 Y translation displacement, node 26, m
        195   -2.192E+02                                 F               0         Blade 1 Z translation displacement, node 26, m
        196   -5.954E+00                                 F               0         Blade 1 X translation displacement, node 27, m
        197   -4.141E+01                                 F               0         Blade 1 Y translation displacement, node 27, m
        198   -2.266E+02                                 F               0         Blade 1 Z translation displacement, node 27, m
        199   -7.139E+00                                 F               0         Blade 1 X translation displacement, node 28, m
        200   -4.234E+01                                 F               0         Blade 1 Y translation displacement, node 28, m
        201   -2.329E+02                                 F               0         Blade 1 Z translation displacement, node 28, m
        202    8.058E-01,  4.641E-01, -3.678E-01         F               0         Blade 1 X orientation angle, node 1, rad
        203    5.335E-01, -8.385E-01,  1.110E-01         F               0         Blade 1 Y orientation angle, node 1, rad
        204   -2.569E-01, -2.856E-01, -9.233E-01         F               0         Blade 1 Z orientation angle, node 1, rad
        205    8.058E-01,  4.641E-01, -3.678E-01         F               0         Blade 1 X orientation angle, node 2, rad
        206    5.335E-01, -8.385E-01,  1.110E-01         F               0         Blade 1 Y orientation angle, node 2, rad
        207   -2.569E-01, -2.856E-01, -9.233E-01         F               0         Blade 1 Z orientation angle, node 2, rad
        208    9.093E-01,  2.521E-01, -3.310E-01         F               0         Blade 1 X orientation angle, node 3, rad
        209    3.273E-01, -9.246E-01,  1.950E-01         F               0         Blade 1 Y orientation angle, node 3, rad
        210   -2.569E-01, -2.856E-01, -9.233E-01         F               0         Blade 1 Z orientation angle, node 3, rad
        211    9.223E-01,  2.129E-01, -3.225E-01         F               0         Blade 1 X orientation angle, node 4, rad
        212    2.886E-01, -9.344E-01,  2.088E-01         F               0         Blade 1 Y orientation angle, node 4, rad
        213   -2.569E-01, -2.856E-01, -9.233E-01         F               0         Blade 1 Z orientation angle, node 4, rad
        214    9.314E-01,  1.818E-01, -3.154E-01         F               0         Blade 1 X orientation angle, node 5, rad
        215    2.579E-01, -9.410E-01,  2.193E-01         F               0         Blade 1 Y orientation angle, node 5, rad
        216   -2.569E-01, -2.856E-01, -9.233E-01         F               0         Blade 1 Z orientation angle, node 5, rad
        217    9.379E-01,  1.567E-01, -3.094E-01         F               0         Blade 1 X orientation angle, node 6, rad
        218    2.331E-01, -9.454E-01,  2.276E-01         F               0         Blade 1 Y orientation angle, node 6, rad
        219   -2.569E-01, -2.856E-01, -9.233E-01         F               0         Blade 1 Z orientation angle, node 6, rad
        220    9.428E-01,  1.361E-01, -3.044E-01         F               0         Blade 1 X orientation angle, node 7, rad
        221    2.126E-01, -9.486E-01,  2.343E-01         F               0         Blade 1 Y orientation angle, node 7, rad
        222   -2.569E-01, -2.856E-01, -9.233E-01         F               0         Blade 1 Z orientation angle, node 7, rad
        223    9.465E-01,  1.188E-01, -3.001E-01         F               0         Blade 1 X orientation angle, node 8, rad
        224    1.954E-01, -9.509E-01,  2.398E-01         F               0         Blade 1 Y orientation angle, node 8, rad
        225   -2.569E-01, -2.856E-01, -9.233E-01         F               0         Blade 1 Z orientation angle, node 8, rad
        226    9.494E-01,  1.042E-01, -2.964E-01         F               0         Blade 1 X orientation angle, node 9, rad
        227    1.809E-01, -9.527E-01,  2.444E-01         F               0         Blade 1 Y orientation angle, node 9, rad
        228   -2.569E-01, -2.856E-01, -9.233E-01         F               0         Blade 1 Z orientation angle, node 9, rad
        229    9.517E-01,  9.157E-02, -2.931E-01         F               0         Blade 1 X orientation angle, node 10, rad
        230    1.683E-01, -9.540E-01,  2.483E-01         F               0         Blade 1 Y orientation angle, node 10, rad
        231   -2.569E-01, -2.856E-01, -9.233E-01         F               0         Blade 1 Z orientation angle, node 10, rad
        232    9.535E-01,  8.074E-02, -2.903E-01         F               0         Blade 1 X orientation angle, node 11, rad
        233    1.574E-01, -9.549E-01,  2.516E-01         F               0         Blade 1 Y orientation angle, node 11, rad
        234   -2.569E-01, -2.856E-01, -9.233E-01         F               0         Blade 1 Z orientation angle, node 11, rad
        235    9.551E-01,  7.124E-02, -2.878E-01         F               0         Blade 1 X orientation angle, node 12, rad
        236    1.480E-01, -9.557E-01,  2.545E-01         F               0         Blade 1 Y orientation angle, node 12, rad
        237   -2.569E-01, -2.856E-01, -9.233E-01         F               0         Blade 1 Z orientation angle, node 12, rad
        238    9.563E-01,  6.289E-02, -2.855E-01         F               0         Blade 1 X orientation angle, node 13, rad
        239    1.396E-01, -9.563E-01,  2.570E-01         F               0         Blade 1 Y orientation angle, node 13, rad
        240   -2.569E-01, -2.856E-01, -9.233E-01         F               0         Blade 1 Z orientation angle, node 13, rad
        241    9.574E-01,  5.538E-02, -2.835E-01         F               0         Blade 1 X orientation angle, node 14, rad
        242    1.321E-01, -9.567E-01,  2.592E-01         F               0         Blade 1 Y orientation angle, node 14, rad
        243   -2.569E-01, -2.856E-01, -9.233E-01         F               0         Blade 1 Z orientation angle, node 14, rad
        244    9.583E-01,  4.870E-02, -2.817E-01         F               0         Blade 1 X orientation angle, node 15, rad
        245    1.254E-01, -9.571E-01,  2.612E-01         F               0         Blade 1 Y orientation angle, node 15, rad
        246   -2.569E-01, -2.856E-01, -9.233E-01         F               0         Blade 1 Z orientation angle, node 15, rad
        247    9.590E-01,  4.269E-02, -2.800E-01         F               0         Blade 1 X orientation angle, node 16, rad
        248    1.194E-01, -9.574E-01,  2.629E-01         F               0         Blade 1 Y orientation angle, node 16, rad
        249   -2.569E-01, -2.856E-01, -9.233E-01         F               0         Blade 1 Z orientation angle, node 16, rad
        250    9.597E-01,  3.734E-02, -2.786E-01         F               0         Blade 1 X orientation angle, node 17, rad
        251    1.140E-01, -9.576E-01,  2.645E-01         F               0         Blade 1 Y orientation angle, node 17, rad
        252   -2.569E-01, -2.856E-01, -9.233E-01         F               0         Blade 1 Z orientation angle, node 17, rad
        253    9.603E-01,  3.232E-02, -2.772E-01         F               0         Blade 1 X orientation angle, node 18, rad
        254    1.090E-01, -9.578E-01,  2.660E-01         F               0         Blade 1 Y orientation angle, node 18, rad
        255   -2.569E-01, -2.856E-01, -9.233E-01         F               0         Blade 1 Z orientation angle, node 18, rad
        256    9.608E-01,  2.781E-02, -2.759E-01         F               0         Blade 1 X orientation angle, node 19, rad
        257    1.045E-01, -9.579E-01,  2.673E-01         F               0         Blade 1 Y orientation angle, node 19, rad
        258   -2.569E-01, -2.856E-01, -9.233E-01         F               0         Blade 1 Z orientation angle, node 19, rad
        259    9.612E-01,  2.380E-02, -2.748E-01         F               0         Blade 1 X orientation angle, node 20, rad
        260    1.005E-01, -9.581E-01,  2.684E-01         F               0         Blade 1 Y orientation angle, node 20, rad
        261   -2.569E-01, -2.856E-01, -9.233E-01         F               0         Blade 1 Z orientation angle, node 20, rad
        262    9.616E-01,  1.995E-02, -2.737E-01         F               0         Blade 1 X orientation angle, node 21, rad
        263    9.659E-02, -9.581E-01,  2.695E-01         F               0         Blade 1 Y orientation angle, node 21, rad
        264   -2.569E-01, -2.856E-01, -9.233E-01         F               0         Blade 1 Z orientation angle, node 21, rad
        265    9.620E-01,  1.644E-02, -2.727E-01         F               0         Blade 1 X orientation angle, node 22, rad
        266    9.307E-02, -9.582E-01,  2.705E-01         F               0         Blade 1 Y orientation angle, node 22, rad
        267   -2.569E-01, -2.856E-01, -9.233E-01         F               0         Blade 1 Z orientation angle, node 22, rad
        268    9.623E-01,  1.326E-02, -2.718E-01         F               0         Blade 1 X orientation angle, node 23, rad
        269    8.988E-02, -9.583E-01,  2.714E-01         F               0         Blade 1 Y orientation angle, node 23, rad
        270   -2.569E-01, -2.856E-01, -9.233E-01         F               0         Blade 1 Z orientation angle, node 23, rad
        271    9.625E-01,  1.025E-02, -2.710E-01         F               0         Blade 1 X orientation angle, node 24, rad
        272    8.686E-02, -9.583E-01,  2.723E-01         F               0         Blade 1 Y orientation angle, node 24, rad
        273   -2.569E-01, -2.856E-01, -9.233E-01         F               0         Blade 1 Z orientation angle, node 24, rad
        274    9.628E-01,  7.408E-03, -2.702E-01         F               0         Blade 1 X orientation angle, node 25, rad
        275    8.400E-02, -9.583E-01,  2.731E-01         F               0         Blade 1 Y orientation angle, node 25, rad
        276   -2.569E-01, -2.856E-01, -9.233E-01         F               0         Blade 1 Z orientation angle, node 25, rad
        277    9.630E-01,  4.899E-03, -2.694E-01         F               0         Blade 1 X orientation angle, node 26, rad
        278    8.148E-02, -9.583E-01,  2.738E-01         F               0         Blade 1 Y orientation angle, node 26, rad
        279   -2.569E-01, -2.856E-01, -9.233E-01         F               0         Blade 1 Z orientation angle, node 26, rad
        280    9.632E-01,  2.390E-03, -2.687E-01         F               0         Blade 1 X orientation angle, node 27, rad
        281    7.896E-02, -9.583E-01,  2.745E-01         F               0         Blade 1 Y orientation angle, node 27, rad
        282   -2.569E-01, -2.856E-01, -9.233E-01         F               0         Blade 1 Z orientation angle, node 27, rad
        283    9.633E-01,  1.052E-03, -2.683E-01         F               0         Blade 1 X orientation angle, node 28, rad
        284    7.761E-02, -9.583E-01,  2.749E-01         F               0         Blade 1 Y orientation angle, node 28, rad
        285   -2.569E-01, -2.856E-01, -9.233E-01         F               0         Blade 1 Z orientation angle, node 28, rad
        286   -4.550E-01                                 F               0         Blade 1 X translation velocity, node 1, m/s
        287    5.532E+00                                 F               0         Blade 1 Y translation velocity, node 1, m/s
        288   -1.587E+00                                 F               0         Blade 1 Z translation velocity, node 1, m/s
        289   -5.646E-01                                 F               0         Blade 1 X translation velocity, node 2, m/s
        290    6.865E+00                                 F               0         Blade 1 Y translation velocity, node 2, m/s
        291   -1.968E+00                                 F               0         Blade 1 Z translation velocity, node 2, m/s
        292   -2.055E+00                                 F               0         Blade 1 X translation velocity, node 3, m/s
        293    2.499E+01                                 F               0         Blade 1 Y translation velocity, node 3, m/s
        294   -7.161E+00                                 F               0         Blade 1 Z translation velocity, node 3, m/s
        295   -2.372E+00                                 F               0         Blade 1 X translation velocity, node 4, m/s
        296    2.885E+01                                 F               0         Blade 1 Y translation velocity, node 4, m/s
        297   -8.268E+00                                 F               0         Blade 1 Z translation velocity, node 4, m/s
        298   -2.690E+00                                 F               0         Blade 1 X translation velocity, node 5, m/s
        299    3.272E+01                                 F               0         Blade 1 Y translation velocity, node 5, m/s
        300   -9.374E+00                                 F               0         Blade 1 Z translation velocity, node 5, m/s
        301   -3.007E+00                                 F               0         Blade 1 X translation velocity, node 6, m/s
        302    3.658E+01                                 F               0         Blade 1 Y translation velocity, node 6, m/s
        303   -1.048E+01                                 F               0         Blade 1 Z translation velocity, node 6, m/s
        304   -3.325E+00                                 F               0         Blade 1 X translation velocity, node 7, m/s
        305    4.044E+01                                 F               0         Blade 1 Y translation velocity, node 7, m/s
        306   -1.159E+01                                 F               0         Blade 1 Z translation velocity, node 7, m/s
        307   -3.642E+00                                 F               0         Blade 1 X translation velocity, node 8, m/s
