
Linearized model: Predictions were generated on 11-Jan-2024 at 12:32:35 using OpenFAST, compiled as a 64-bit application using single precision at commit v3.5.1
 linked with  NWTC Subroutine Library; ElastoDyn; InflowWind; AeroDyn; ServoDyn; HydroDyn; MoorDyn (v2.0.0, 2023-09-18)

Description from the FAST input file: CCT-9 Campign 4 model. Input files to be run with OpenFAST 3.5.0. GitHub branch from Lu Wang (https://github.com/luwang00/openfast/tree/dev) compiled on March 7, 2023.

Simulation information:
   Simulation time:                   505.7000 s
   Rotor Speed:                         0.7073 rad/s
   Azimuth:                             1.2895 rad
   Wind Speed:                          8.0000 m/s
   Number of continuous states:         0
   Number of discrete states:           0
   Number of constraint states:         0
   Number of inputs:                 1746
   Number of outputs:                   4
   Jacobians included in this file?    No

Order of inputs:
     Column   Operating Point                     Rotating Frame? Derivative Order Description
   ---------- ---------------                     --------------- ---------------- -----------
          1    7.283E+00                                 F               0         Tower X translation displacement, node 1, m
          2   -1.234E+00                                 F               0         Tower Y translation displacement, node 1, m
          3   -1.528E-01                                 F               0         Tower Z translation displacement, node 1, m
          4    8.326E+00                                 F               0         Tower X translation displacement, node 2, m
          5   -1.767E+00                                 F               0         Tower Y translation displacement, node 2, m
          6   -2.085E-01                                 F               0         Tower Z translation displacement, node 2, m
          7    9.386E+00                                 F               0         Tower X translation displacement, node 3, m
          8   -2.306E+00                                 F               0         Tower Y translation displacement, node 3, m
          9   -2.657E-01                                 F               0         Tower Z translation displacement, node 3, m
         10    1.046E+01                                 F               0         Tower X translation displacement, node 4, m
         11   -2.848E+00                                 F               0         Tower Y translation displacement, node 4, m
         12   -3.242E-01                                 F               0         Tower Z translation displacement, node 4, m
         13    1.154E+01                                 F               0         Tower X translation displacement, node 5, m
         14   -3.394E+00                                 F               0         Tower Y translation displacement, node 5, m
         15   -3.836E-01                                 F               0         Tower Z translation displacement, node 5, m
         16    1.262E+01                                 F               0         Tower X translation displacement, node 6, m
         17   -3.943E+00                                 F               0         Tower Y translation displacement, node 6, m
         18   -4.438E-01                                 F               0         Tower Z translation displacement, node 6, m
         19    1.372E+01                                 F               0         Tower X translation displacement, node 7, m
         20   -4.494E+00                                 F               0         Tower Y translation displacement, node 7, m
         21   -5.046E-01                                 F               0         Tower Z translation displacement, node 7, m
         22    1.481E+01                                 F               0         Tower X translation displacement, node 8, m
         23   -5.047E+00                                 F               0         Tower Y translation displacement, node 8, m
         24   -5.658E-01                                 F               0         Tower Z translation displacement, node 8, m
         25    1.591E+01                                 F               0         Tower X translation displacement, node 9, m
         26   -5.602E+00                                 F               0         Tower Y translation displacement, node 9, m
         27   -6.273E-01                                 F               0         Tower Z translation displacement, node 9, m
         28    1.701E+01                                 F               0         Tower X translation displacement, node 10, m
         29   -6.157E+00                                 F               0         Tower Y translation displacement, node 10, m
         30   -6.890E-01                                 F               0         Tower Z translation displacement, node 10, m
         31    1.812E+01                                 F               0         Tower X translation displacement, node 11, m
         32   -6.713E+00                                 F               0         Tower Y translation displacement, node 11, m
         33   -7.508E-01                                 F               0         Tower Z translation displacement, node 11, m
         34    9.965E-01,  4.238E-03, -8.383E-02         F               0         Tower X orientation angle, node 1, rad
         35   -6.133E-04,  9.991E-01,  4.322E-02         F               0         Tower Y orientation angle, node 1, rad
         36    8.394E-02, -4.301E-02,  9.955E-01         F               0         Tower Z orientation angle, node 1, rad
         37    9.964E-01,  4.291E-03, -8.504E-02         F               0         Tower X orientation angle, node 2, rad
         38   -5.804E-04,  9.990E-01,  4.361E-02         F               0         Tower Y orientation angle, node 2, rad
         39    8.515E-02, -4.340E-02,  9.954E-01         F               0         Tower Z orientation angle, node 2, rad
         40    9.963E-01,  4.336E-03, -8.608E-02         F               0         Tower X orientation angle, node 3, rad
         41   -5.506E-04,  9.990E-01,  4.395E-02         F               0         Tower Y orientation angle, node 3, rad
         42    8.619E-02, -4.374E-02,  9.953E-01         F               0         Tower Z orientation angle, node 3, rad
         43    9.962E-01,  4.374E-03, -8.694E-02         F               0         Tower X orientation angle, node 4, rad
         44   -5.242E-04,  9.990E-01,  4.426E-02         F               0         Tower Y orientation angle, node 4, rad
         45    8.705E-02, -4.404E-02,  9.952E-01         F               0         Tower Z orientation angle, node 4, rad
         46    9.961E-01,  4.404E-03, -8.762E-02         F               0         Tower X orientation angle, node 5, rad
         47   -5.014E-04,  9.990E-01,  4.452E-02         F               0         Tower Y orientation angle, node 5, rad
         48    8.773E-02, -4.430E-02,  9.952E-01         F               0         Tower Z orientation angle, node 5, rad
         49    9.961E-01,  4.428E-03, -8.815E-02         F               0         Tower X orientation angle, node 6, rad
         50   -4.822E-04,  9.990E-01,  4.473E-02         F               0         Tower Y orientation angle, node 6, rad
         51    8.826E-02, -4.452E-02,  9.951E-01         F               0         Tower Z orientation angle, node 6, rad
         52    9.961E-01,  4.445E-03, -8.852E-02         F               0         Tower X orientation angle, node 7, rad
         53   -4.669E-04,  9.990E-01,  4.491E-02         F               0         Tower Y orientation angle, node 7, rad
         54    8.863E-02, -4.469E-02,  9.951E-01         F               0         Tower Z orientation angle, node 7, rad
         55    9.960E-01,  4.456E-03, -8.878E-02         F               0         Tower X orientation angle, node 8, rad
         56   -4.549E-04,  9.990E-01,  4.504E-02         F               0         Tower Y orientation angle, node 8, rad
         57    8.889E-02, -4.482E-02,  9.950E-01         F               0         Tower Z orientation angle, node 8, rad
         58    9.960E-01,  4.464E-03, -8.894E-02         F               0         Tower X orientation angle, node 9, rad
         59   -4.461E-04,  9.990E-01,  4.514E-02         F               0         Tower Y orientation angle, node 9, rad
         60    8.905E-02, -4.492E-02,  9.950E-01         F               0         Tower Z orientation angle, node 9, rad
         61    9.960E-01,  4.468E-03, -8.903E-02         F               0         Tower X orientation angle, node 10, rad
         62   -4.404E-04,  9.990E-01,  4.521E-02         F               0         Tower Y orientation angle, node 10, rad
         63    8.914E-02, -4.499E-02,  9.950E-01         F               0         Tower Z orientation angle, node 10, rad
         64    9.960E-01,  4.470E-03, -8.907E-02         F               0         Tower X orientation angle, node 11, rad
         65   -4.372E-04,  9.990E-01,  4.524E-02         F               0         Tower Y orientation angle, node 11, rad
         66    8.918E-02, -4.502E-02,  9.950E-01         F               0         Tower Z orientation angle, node 11, rad
         67   -5.108E-03                                 F               0         Tower X translation velocity, node 1, m/s
         68    9.908E-05                                 F               0         Tower Y translation velocity, node 1, m/s
         69    4.404E-03                                 F               0         Tower Z translation velocity, node 1, m/s
         70   -4.997E-03                                 F               0         Tower X translation velocity, node 2, m/s
         71   -2.725E-04                                 F               0         Tower Y translation velocity, node 2, m/s
         72    4.378E-03                                 F               0         Tower Z translation velocity, node 2, m/s
         73   -4.871E-03                                 F               0         Tower X translation velocity, node 3, m/s
         74   -6.652E-04                                 F               0         Tower Y translation velocity, node 3, m/s
         75    4.350E-03                                 F               0         Tower Z translation velocity, node 3, m/s
         76   -4.732E-03                                 F               0         Tower X translation velocity, node 4, m/s
         77   -1.075E-03                                 F               0         Tower Y translation velocity, node 4, m/s
         78    4.320E-03                                 F               0         Tower Z translation velocity, node 4, m/s
         79   -4.579E-03                                 F               0         Tower X translation velocity, node 5, m/s
         80   -1.501E-03                                 F               0         Tower Y translation velocity, node 5, m/s
         81    4.288E-03                                 F               0         Tower Z translation velocity, node 5, m/s
         82   -4.415E-03                                 F               0         Tower X translation velocity, node 6, m/s
         83   -1.940E-03                                 F               0         Tower Y translation velocity, node 6, m/s
         84    4.254E-03                                 F               0         Tower Z translation velocity, node 6, m/s
         85   -4.240E-03                                 F               0         Tower X translation velocity, node 7, m/s
         86   -2.390E-03                                 F               0         Tower Y translation velocity, node 7, m/s
         87    4.218E-03                                 F               0         Tower Z translation velocity, node 7, m/s
         88   -4.055E-03                                 F               0         Tower X translation velocity, node 8, m/s
         89   -2.849E-03                                 F               0         Tower Y translation velocity, node 8, m/s
         90    4.181E-03                                 F               0         Tower Z translation velocity, node 8, m/s
         91   -3.862E-03                                 F               0         Tower X translation velocity, node 9, m/s
         92   -3.317E-03                                 F               0         Tower Y translation velocity, node 9, m/s
         93    4.142E-03                                 F               0         Tower Z translation velocity, node 9, m/s
         94   -3.663E-03                                 F               0         Tower X translation velocity, node 10, m/s
         95   -3.791E-03                                 F               0         Tower Y translation velocity, node 10, m/s
         96    4.103E-03                                 F               0         Tower Z translation velocity, node 10, m/s
         97   -3.459E-03                                 F               0         Tower X translation velocity, node 11, m/s
         98   -4.268E-03                                 F               0         Tower Y translation velocity, node 11, m/s
         99    4.063E-03                                 F               0         Tower Z translation velocity, node 11, m/s
        100    1.886E+01                                 F               0         Hub X translation displacement, node 1, m
        101   -7.115E+00                                 F               0         Hub Y translation displacement, node 1, m
        102    1.719E-01                                 F               0         Hub Z translation displacement, node 1, m
        103    9.812E-01,  9.152E-03, -1.926E-01         F               0         Hub X orientation angle, node 1, rad
        104    1.851E-01,  2.347E-01,  9.543E-01         F               0         Hub Y orientation angle, node 1, rad
        105    5.393E-02, -9.720E-01,  2.286E-01         F               0         Hub Z orientation angle, node 1, rad
        106    6.940E-01                                 F               0         Hub X rotation velocity, node 1, rad/s
        107    6.490E-03                                 F               0         Hub Y rotation velocity, node 1, rad/s
        108   -1.362E-01                                 F               0         Hub Z rotation velocity, node 1, rad/s
        109    9.753E-01,  2.185E-03, -2.208E-01         F               0         Blade root 1 X orientation angle, node 1, rad
        110    2.141E-01,  2.349E-01,  9.481E-01         F               0         Blade root 1 Y orientation angle, node 1, rad
        111    5.393E-02, -9.720E-01,  2.286E-01         F               0         Blade root 1 Z orientation angle, node 1, rad
        112    9.822E-01,  3.760E-02, -1.842E-01         F               0         Blade root 2 X orientation angle, node 1, rad
        113   -1.672E-02, -9.585E-01, -2.847E-01         F               0         Blade root 2 Y orientation angle, node 1, rad
        114   -1.873E-01,  2.828E-01, -9.407E-01         F               0         Blade root 2 Z orientation angle, node 1, rad
        115    9.849E-01, -1.234E-02, -1.725E-01         F               0         Blade root 3 X orientation angle, node 1, rad
        116   -1.101E-01,  7.244E-01, -6.805E-01         F               0         Blade root 3 Y orientation angle, node 1, rad
        117    1.333E-01,  6.893E-01,  7.121E-01         F               0         Blade root 3 Z orientation angle, node 1, rad
        118    1.858E+01                                 F               0         Blade 1 X translation displacement, node 1, m
        119   -1.250E+01                                 F               0         Blade 1 Y translation displacement, node 1, m
        120   -4.071E+00                                 F               0         Blade 1 Z translation displacement, node 1, m
        121    1.851E+01                                 F               0         Blade 1 X translation displacement, node 2, m
        122   -1.380E+01                                 F               0         Blade 1 Y translation displacement, node 2, m
        123   -5.094E+00                                 F               0         Blade 1 Z translation displacement, node 2, m
        124    1.759E+01                                 F               0         Blade 1 X translation displacement, node 3, m
        125   -3.144E+01                                 F               0         Blade 1 Y translation displacement, node 3, m
        126   -1.900E+01                                 F               0         Blade 1 Z translation displacement, node 3, m
        127    1.740E+01                                 F               0         Blade 1 X translation displacement, node 4, m
        128   -3.520E+01                                 F               0         Blade 1 Y translation displacement, node 4, m
        129   -2.196E+01                                 F               0         Blade 1 Z translation displacement, node 4, m
        130    1.720E+01                                 F               0         Blade 1 X translation displacement, node 5, m
        131   -3.896E+01                                 F               0         Blade 1 Y translation displacement, node 5, m
        132   -2.492E+01                                 F               0         Blade 1 Z translation displacement, node 5, m
        133    1.701E+01                                 F               0         Blade 1 X translation displacement, node 6, m
        134   -4.272E+01                                 F               0         Blade 1 Y translation displacement, node 6, m
        135   -2.788E+01                                 F               0         Blade 1 Z translation displacement, node 6, m
        136    1.681E+01                                 F               0         Blade 1 X translation displacement, node 7, m
        137   -4.648E+01                                 F               0         Blade 1 Y translation displacement, node 7, m
        138   -3.085E+01                                 F               0         Blade 1 Z translation displacement, node 7, m
        139    1.661E+01                                 F               0         Blade 1 X translation displacement, node 8, m
        140   -5.024E+01                                 F               0         Blade 1 Y translation displacement, node 8, m
        141   -3.381E+01                                 F               0         Blade 1 Z translation displacement, node 8, m
        142    1.642E+01                                 F               0         Blade 1 X translation displacement, node 9, m
        143   -5.400E+01                                 F               0         Blade 1 Y translation displacement, node 9, m
        144   -3.677E+01                                 F               0         Blade 1 Z translation displacement, node 9, m
        145    1.622E+01                                 F               0         Blade 1 X translation displacement, node 10, m
        146   -5.776E+01                                 F               0         Blade 1 Y translation displacement, node 10, m
        147   -3.973E+01                                 F               0         Blade 1 Z translation displacement, node 10, m
        148    1.603E+01                                 F               0         Blade 1 X translation displacement, node 11, m
        149   -6.152E+01                                 F               0         Blade 1 Y translation displacement, node 11, m
        150   -4.270E+01                                 F               0         Blade 1 Z translation displacement, node 11, m
        151    1.583E+01                                 F               0         Blade 1 X translation displacement, node 12, m
        152   -6.528E+01                                 F               0         Blade 1 Y translation displacement, node 12, m
        153   -4.566E+01                                 F               0         Blade 1 Z translation displacement, node 12, m
        154    1.564E+01                                 F               0         Blade 1 X translation displacement, node 13, m
        155   -6.904E+01                                 F               0         Blade 1 Y translation displacement, node 13, m
        156   -4.862E+01                                 F               0         Blade 1 Z translation displacement, node 13, m
        157    1.544E+01                                 F               0         Blade 1 X translation displacement, node 14, m
        158   -7.280E+01                                 F               0         Blade 1 Y translation displacement, node 14, m
        159   -5.158E+01                                 F               0         Blade 1 Z translation displacement, node 14, m
        160    1.524E+01                                 F               0         Blade 1 X translation displacement, node 15, m
        161   -7.656E+01                                 F               0         Blade 1 Y translation displacement, node 15, m
        162   -5.455E+01                                 F               0         Blade 1 Z translation displacement, node 15, m
        163    1.505E+01                                 F               0         Blade 1 X translation displacement, node 16, m
        164   -8.032E+01                                 F               0         Blade 1 Y translation displacement, node 16, m
        165   -5.751E+01                                 F               0         Blade 1 Z translation displacement, node 16, m
        166    1.485E+01                                 F               0         Blade 1 X translation displacement, node 17, m
        167   -8.408E+01                                 F               0         Blade 1 Y translation displacement, node 17, m
        168   -6.047E+01                                 F               0         Blade 1 Z translation displacement, node 17, m
        169    1.466E+01                                 F               0         Blade 1 X translation displacement, node 18, m
        170   -8.783E+01                                 F               0         Blade 1 Y translation displacement, node 18, m
        171   -6.343E+01                                 F               0         Blade 1 Z translation displacement, node 18, m
        172    1.446E+01                                 F               0         Blade 1 X translation displacement, node 19, m
        173   -9.159E+01                                 F               0         Blade 1 Y translation displacement, node 19, m
        174   -6.639E+01                                 F               0         Blade 1 Z translation displacement, node 19, m
        175    1.427E+01                                 F               0         Blade 1 X translation displacement, node 20, m
        176   -9.535E+01                                 F               0         Blade 1 Y translation displacement, node 20, m
        177   -6.936E+01                                 F               0         Blade 1 Z translation displacement, node 20, m
        178    1.407E+01                                 F               0         Blade 1 X translation displacement, node 21, m
        179   -9.911E+01                                 F               0         Blade 1 Y translation displacement, node 21, m
        180   -7.232E+01                                 F               0         Blade 1 Z translation displacement, node 21, m
        181    1.388E+01                                 F               0         Blade 1 X translation displacement, node 22, m
        182   -1.029E+02                                 F               0         Blade 1 Y translation displacement, node 22, m
        183   -7.528E+01                                 F               0         Blade 1 Z translation displacement, node 22, m
        184    1.368E+01                                 F               0         Blade 1 X translation displacement, node 23, m
        185   -1.066E+02                                 F               0         Blade 1 Y translation displacement, node 23, m
        186   -7.824E+01                                 F               0         Blade 1 Z translation displacement, node 23, m
        187    1.348E+01                                 F               0         Blade 1 X translation displacement, node 24, m
        188   -1.104E+02                                 F               0         Blade 1 Y translation displacement, node 24, m
        189   -8.121E+01                                 F               0         Blade 1 Z translation displacement, node 24, m
        190    1.329E+01                                 F               0         Blade 1 X translation displacement, node 25, m
        191   -1.142E+02                                 F               0         Blade 1 Y translation displacement, node 25, m
        192   -8.417E+01                                 F               0         Blade 1 Z translation displacement, node 25, m
        193    1.309E+01                                 F               0         Blade 1 X translation displacement, node 26, m
        194   -1.179E+02                                 F               0         Blade 1 Y translation displacement, node 26, m
        195   -8.713E+01                                 F               0         Blade 1 Z translation displacement, node 26, m
        196    1.290E+01                                 F               0         Blade 1 X translation displacement, node 27, m
        197   -1.217E+02                                 F               0         Blade 1 Y translation displacement, node 27, m
        198   -9.009E+01                                 F               0         Blade 1 Z translation displacement, node 27, m
        199    1.273E+01                                 F               0         Blade 1 X translation displacement, node 28, m
        200   -1.249E+02                                 F               0         Blade 1 Y translation displacement, node 28, m
        201   -9.260E+01                                 F               0         Blade 1 Z translation displacement, node 28, m
        202    7.704E-01, -1.052E-01, -6.289E-01         F               0         Blade 1 X orientation angle, node 1, rad
        203    6.353E-01,  2.100E-01,  7.431E-01         F               0         Blade 1 Y orientation angle, node 1, rad
        204    5.393E-02, -9.720E-01,  2.286E-01         F               0         Blade 1 Z orientation angle, node 1, rad
        205    7.704E-01, -1.052E-01, -6.289E-01         F               0         Blade 1 X orientation angle, node 2, rad
        206    6.353E-01,  2.100E-01,  7.431E-01         F               0         Blade 1 Y orientation angle, node 2, rad
        207    5.393E-02, -9.720E-01,  2.286E-01         F               0         Blade 1 Z orientation angle, node 2, rad
        208    8.990E-01, -5.239E-02, -4.348E-01         F               0         Blade 1 X orientation angle, node 3, rad
        209    4.346E-01,  2.290E-01,  8.710E-01         F               0         Blade 1 Y orientation angle, node 3, rad
        210    5.393E-02, -9.720E-01,  2.286E-01         F               0         Blade 1 Z orientation angle, node 3, rad
        211    9.165E-01, -4.267E-02, -3.977E-01         F               0         Blade 1 X orientation angle, node 4, rad
        212    3.963E-01,  2.310E-01,  8.886E-01         F               0         Blade 1 Y orientation angle, node 4, rad
        213    5.393E-02, -9.720E-01,  2.286E-01         F               0         Blade 1 Z orientation angle, node 4, rad
        214    9.292E-01, -3.499E-02, -3.680E-01         F               0         Blade 1 X orientation angle, node 5, rad
        215    3.657E-01,  2.323E-01,  9.013E-01         F               0         Blade 1 Y orientation angle, node 5, rad
        216    5.393E-02, -9.720E-01,  2.286E-01         F               0         Blade 1 Z orientation angle, node 5, rad
        217    9.385E-01, -2.882E-02, -3.440E-01         F               0         Blade 1 X orientation angle, node 6, rad
        218    3.409E-01,  2.331E-01,  9.107E-01         F               0         Blade 1 Y orientation angle, node 6, rad
        219    5.393E-02, -9.720E-01,  2.286E-01         F               0         Blade 1 Z orientation angle, node 6, rad
        220    9.458E-01, -2.372E-02, -3.240E-01         F               0         Blade 1 X orientation angle, node 7, rad
        221    3.204E-01,  2.337E-01,  9.180E-01         F               0         Blade 1 Y orientation angle, node 7, rad
        222    5.393E-02, -9.720E-01,  2.286E-01         F               0         Blade 1 Z orientation angle, node 7, rad
        223    9.514E-01, -1.948E-02, -3.073E-01         F               0         Blade 1 X orientation angle, node 8, rad
        224    3.031E-01,  2.341E-01,  9.237E-01         F               0         Blade 1 Y orientation angle, node 8, rad
        225    5.393E-02, -9.720E-01,  2.286E-01         F               0         Blade 1 Z orientation angle, node 8, rad
        226    9.560E-01, -1.588E-02, -2.931E-01         F               0         Blade 1 X orientation angle, node 9, rad
        227    2.885E-01,  2.343E-01,  9.284E-01         F               0         Blade 1 Y orientation angle, node 9, rad
        228    5.393E-02, -9.720E-01,  2.286E-01         F               0         Blade 1 Z orientation angle, node 9, rad
        229    9.597E-01, -1.277E-02, -2.807E-01         F               0         Blade 1 X orientation angle, node 10, rad
        230    2.758E-01,  2.345E-01,  9.322E-01         F               0         Blade 1 Y orientation angle, node 10, rad
        231    5.393E-02, -9.720E-01,  2.286E-01         F               0         Blade 1 Z orientation angle, node 10, rad
        232    9.628E-01, -1.011E-02, -2.701E-01         F               0         Blade 1 X orientation angle, node 11, rad
        233    2.649E-01,  2.347E-01,  9.353E-01         F               0         Blade 1 Y orientation angle, node 11, rad
        234    5.393E-02, -9.720E-01,  2.286E-01         F               0         Blade 1 Z orientation angle, node 11, rad
        235    9.654E-01, -7.776E-03, -2.608E-01         F               0         Blade 1 X orientation angle, node 12, rad
        236    2.553E-01,  2.348E-01,  9.379E-01         F               0         Blade 1 Y orientation angle, node 12, rad
        237    5.393E-02, -9.720E-01,  2.286E-01         F               0         Blade 1 Z orientation angle, node 12, rad
        238    9.675E-01, -5.727E-03, -2.526E-01         F               0         Blade 1 X orientation angle, node 13, rad
        239    2.469E-01,  2.348E-01,  9.402E-01         F               0         Blade 1 Y orientation angle, node 13, rad
        240    5.393E-02, -9.720E-01,  2.286E-01         F               0         Blade 1 Z orientation angle, node 13, rad
        241    9.695E-01, -3.882E-03, -2.452E-01         F               0         Blade 1 X orientation angle, node 14, rad
        242    2.393E-01,  2.349E-01,  9.421E-01         F               0         Blade 1 Y orientation angle, node 14, rad
        243    5.393E-02, -9.720E-01,  2.286E-01         F               0         Blade 1 Z orientation angle, node 14, rad
        244    9.711E-01, -2.243E-03, -2.386E-01         F               0         Blade 1 X orientation angle, node 15, rad
        245    2.325E-01,  2.349E-01,  9.438E-01         F               0         Blade 1 Y orientation angle, node 15, rad
        246    5.393E-02, -9.720E-01,  2.286E-01         F               0         Blade 1 Z orientation angle, node 15, rad
        247    9.725E-01, -7.669E-04, -2.327E-01         F               0         Blade 1 X orientation angle, node 16, rad
        248    2.264E-01,  2.349E-01,  9.453E-01         F               0         Blade 1 Y orientation angle, node 16, rad
        249    5.393E-02, -9.720E-01,  2.286E-01         F               0         Blade 1 Z orientation angle, node 16, rad
        250    9.738E-01,  5.450E-04, -2.274E-01         F               0         Blade 1 X orientation angle, node 17, rad
        251    2.209E-01,  2.349E-01,  9.466E-01         F               0         Blade 1 Y orientation angle, node 17, rad
        252    5.393E-02, -9.720E-01,  2.286E-01         F               0         Blade 1 Z orientation angle, node 17, rad
        253    9.749E-01,  1.775E-03, -2.225E-01         F               0         Blade 1 X orientation angle, node 18, rad
        254    2.158E-01,  2.349E-01,  9.478E-01         F               0         Blade 1 Y orientation angle, node 18, rad
        255    5.393E-02, -9.720E-01,  2.286E-01         F               0         Blade 1 Z orientation angle, node 18, rad
        256    9.759E-01,  2.882E-03, -2.180E-01         F               0         Blade 1 X orientation angle, node 19, rad
        257    2.112E-01,  2.349E-01,  9.488E-01         F               0         Blade 1 Y orientation angle, node 19, rad
        258    5.393E-02, -9.720E-01,  2.286E-01         F               0         Blade 1 Z orientation angle, node 19, rad
        259    9.768E-01,  3.865E-03, -2.140E-01         F               0         Blade 1 X orientation angle, node 20, rad
        260    2.072E-01,  2.349E-01,  9.497E-01         F               0         Blade 1 Y orientation angle, node 20, rad
        261    5.393E-02, -9.720E-01,  2.286E-01         F               0         Blade 1 Z orientation angle, node 20, rad
        262    9.776E-01,  4.808E-03, -2.102E-01         F               0         Blade 1 X orientation angle, node 21, rad
        263    2.032E-01,  2.348E-01,  9.506E-01         F               0         Blade 1 Y orientation angle, node 21, rad
        264    5.393E-02, -9.720E-01,  2.286E-01         F               0         Blade 1 Z orientation angle, node 21, rad
        265    9.784E-01,  5.669E-03, -2.067E-01         F               0         Blade 1 X orientation angle, node 22, rad
        266    1.996E-01,  2.348E-01,  9.513E-01         F               0         Blade 1 Y orientation angle, node 22, rad
        267    5.393E-02, -9.720E-01,  2.286E-01         F               0         Blade 1 Z orientation angle, node 22, rad
        268    9.790E-01,  6.447E-03, -2.036E-01         F               0         Blade 1 X orientation angle, node 23, rad
        269    1.964E-01,  2.348E-01,  9.520E-01         F               0         Blade 1 Y orientation angle, node 23, rad
        270    5.393E-02, -9.720E-01,  2.286E-01         F               0         Blade 1 Z orientation angle, node 23, rad
        271    9.797E-01,  7.185E-03, -2.006E-01         F               0         Blade 1 X orientation angle, node 24, rad
        272    1.933E-01,  2.348E-01,  9.526E-01         F               0         Blade 1 Y orientation angle, node 24, rad
        273    5.393E-02, -9.720E-01,  2.286E-01         F               0         Blade 1 Z orientation angle, node 24, rad
        274    9.802E-01,  7.882E-03, -1.977E-01         F               0         Blade 1 X orientation angle, node 25, rad
        275    1.904E-01,  2.348E-01,  9.532E-01         F               0         Blade 1 Y orientation angle, node 25, rad
        276    5.393E-02, -9.720E-01,  2.286E-01         F               0         Blade 1 Z orientation angle, node 25, rad
        277    9.807E-01,  8.496E-03, -1.953E-01         F               0         Blade 1 X orientation angle, node 26, rad
        278    1.878E-01,  2.347E-01,  9.537E-01         F               0         Blade 1 Y orientation angle, node 26, rad
        279    5.393E-02, -9.720E-01,  2.286E-01         F               0         Blade 1 Z orientation angle, node 26, rad
        280    9.812E-01,  9.111E-03, -1.928E-01         F               0         Blade 1 X orientation angle, node 27, rad
        281    1.853E-01,  2.347E-01,  9.542E-01         F               0         Blade 1 Y orientation angle, node 27, rad
        282    5.393E-02, -9.720E-01,  2.286E-01         F               0         Blade 1 Z orientation angle, node 27, rad
        283    9.815E-01,  9.438E-03, -1.914E-01         F               0         Blade 1 X orientation angle, node 28, rad
        284    1.839E-01,  2.347E-01,  9.545E-01         F               0         Blade 1 Y orientation angle, node 28, rad
        285    5.393E-02, -9.720E-01,  2.286E-01         F               0         Blade 1 Z orientation angle, node 28, rad
        286   -7.287E-01                                 F               0         Blade 1 X translation velocity, node 1, m/s
        287   -9.241E-01                                 F               0         Blade 1 Y translation velocity, node 1, m/s
        288   -3.735E+00                                 F               0         Blade 1 Z translation velocity, node 1, m/s
        289   -9.034E-01                                 F               0         Blade 1 X translation velocity, node 2, m/s
        290   -1.146E+00                                 F               0         Blade 1 Y translation velocity, node 2, m/s
        291   -4.636E+00                                 F               0         Blade 1 Z translation velocity, node 2, m/s
        292   -3.280E+00                                 F               0         Blade 1 X translation velocity, node 3, m/s
        293   -4.159E+00                                 F               0         Blade 1 Y translation velocity, node 3, m/s
        294   -1.689E+01                                 F               0         Blade 1 Z translation velocity, node 3, m/s
        295   -3.786E+00                                 F               0         Blade 1 X translation velocity, node 4, m/s
        296   -4.801E+00                                 F               0         Blade 1 Y translation velocity, node 4, m/s
        297   -1.950E+01                                 F               0         Blade 1 Z translation velocity, node 4, m/s
        298   -4.293E+00                                 F               0         Blade 1 X translation velocity, node 5, m/s
        299   -5.443E+00                                 F               0         Blade 1 Y translation velocity, node 5, m/s
        300   -2.211E+01                                 F               0         Blade 1 Z translation velocity, node 5, m/s
        301   -4.799E+00                                 F               0         Blade 1 X translation velocity, node 6, m/s
        302   -6.085E+00                                 F               0         Blade 1 Y translation velocity, node 6, m/s
        303   -2.472E+01                                 F               0         Blade 1 Z translation velocity, node 6, m/s
        304   -5.306E+00                                 F               0         Blade 1 X translation velocity, node 7, m/s
        305   -6.727E+00                                 F               0         Blade 1 Y translation velocity, node 7, m/s
        306   -2.733E+01                                 F               0         Blade 1 Z translation velocity, node 7, m/s
        307   -5.812E+00                                 F               0         Blade 1 X translation velocity, node 8, m/s
