
Linearized model: Predictions were generated on 11-Jan-2024 at 12:32:35 using OpenFAST, compiled as a 64-bit application using single precision at commit v3.5.1
 linked with  NWTC Subroutine Library; ElastoDyn; InflowWind; AeroDyn; ServoDyn; HydroDyn; MoorDyn (v2.0.0, 2023-09-18)

Description from the FAST input file: CCT-9 Campign 4 model. Input files to be run with OpenFAST 3.5.0. GitHub branch from Lu Wang (https://github.com/luwang00/openfast/tree/dev) compiled on March 7, 2023.

Simulation information:
   Simulation time:                   506.4250 s
   Rotor Speed:                         0.7073 rad/s
   Azimuth:                             1.8023 rad
   Wind Speed:                          8.0000 m/s
   Number of continuous states:         0
   Number of discrete states:           0
   Number of constraint states:         0
   Number of inputs:                 1746
   Number of outputs:                   4
   Jacobians included in this file?    No

Order of inputs:
     Column   Operating Point                     Rotating Frame? Derivative Order Description
   ---------- ---------------                     --------------- ---------------- -----------
          1    7.279E+00                                 F               0         Tower X translation displacement, node 1, m
          2   -1.234E+00                                 F               0         Tower Y translation displacement, node 1, m
          3   -1.496E-01                                 F               0         Tower Z translation displacement, node 1, m
          4    8.323E+00                                 F               0         Tower X translation displacement, node 2, m
          5   -1.768E+00                                 F               0         Tower Y translation displacement, node 2, m
          6   -2.054E-01                                 F               0         Tower Z translation displacement, node 2, m
          7    9.382E+00                                 F               0         Tower X translation displacement, node 3, m
          8   -2.307E+00                                 F               0         Tower Y translation displacement, node 3, m
          9   -2.627E-01                                 F               0         Tower Z translation displacement, node 3, m
         10    1.045E+01                                 F               0         Tower X translation displacement, node 4, m
         11   -2.850E+00                                 F               0         Tower Y translation displacement, node 4, m
         12   -3.211E-01                                 F               0         Tower Z translation displacement, node 4, m
         13    1.153E+01                                 F               0         Tower X translation displacement, node 5, m
         14   -3.396E+00                                 F               0         Tower Y translation displacement, node 5, m
         15   -3.806E-01                                 F               0         Tower Z translation displacement, node 5, m
         16    1.262E+01                                 F               0         Tower X translation displacement, node 6, m
         17   -3.945E+00                                 F               0         Tower Y translation displacement, node 6, m
         18   -4.409E-01                                 F               0         Tower Z translation displacement, node 6, m
         19    1.371E+01                                 F               0         Tower X translation displacement, node 7, m
         20   -4.497E+00                                 F               0         Tower Y translation displacement, node 7, m
         21   -5.016E-01                                 F               0         Tower Z translation displacement, node 7, m
         22    1.481E+01                                 F               0         Tower X translation displacement, node 8, m
         23   -5.050E+00                                 F               0         Tower Y translation displacement, node 8, m
         24   -5.629E-01                                 F               0         Tower Z translation displacement, node 8, m
         25    1.591E+01                                 F               0         Tower X translation displacement, node 9, m
         26   -5.605E+00                                 F               0         Tower Y translation displacement, node 9, m
         27   -6.244E-01                                 F               0         Tower Z translation displacement, node 9, m
         28    1.701E+01                                 F               0         Tower X translation displacement, node 10, m
         29   -6.161E+00                                 F               0         Tower Y translation displacement, node 10, m
         30   -6.862E-01                                 F               0         Tower Z translation displacement, node 10, m
         31    1.811E+01                                 F               0         Tower X translation displacement, node 11, m
         32   -6.718E+00                                 F               0         Tower Y translation displacement, node 11, m
         33   -7.480E-01                                 F               0         Tower Z translation displacement, node 11, m
         34    9.965E-01,  4.228E-03, -8.384E-02         F               0         Tower X orientation angle, node 1, rad
         35   -6.005E-04,  9.991E-01,  4.325E-02         F               0         Tower Y orientation angle, node 1, rad
         36    8.394E-02, -4.304E-02,  9.955E-01         F               0         Tower Z orientation angle, node 1, rad
         37    9.964E-01,  4.281E-03, -8.505E-02         F               0         Tower X orientation angle, node 2, rad
         38   -5.676E-04,  9.990E-01,  4.363E-02         F               0         Tower Y orientation angle, node 2, rad
         39    8.515E-02, -4.343E-02,  9.954E-01         F               0         Tower Z orientation angle, node 2, rad
         40    9.963E-01,  4.326E-03, -8.609E-02         F               0         Tower X orientation angle, node 3, rad
         41   -5.376E-04,  9.990E-01,  4.398E-02         F               0         Tower Y orientation angle, node 3, rad
         42    8.620E-02, -4.377E-02,  9.953E-01         F               0         Tower Z orientation angle, node 3, rad
         43    9.962E-01,  4.364E-03, -8.695E-02         F               0         Tower X orientation angle, node 4, rad
         44   -5.112E-04,  9.990E-01,  4.429E-02         F               0         Tower Y orientation angle, node 4, rad
         45    8.706E-02, -4.407E-02,  9.952E-01         F               0         Tower Z orientation angle, node 4, rad
         46    9.961E-01,  4.395E-03, -8.763E-02         F               0         Tower X orientation angle, node 5, rad
         47   -4.883E-04,  9.990E-01,  4.455E-02         F               0         Tower Y orientation angle, node 5, rad
         48    8.774E-02, -4.433E-02,  9.952E-01         F               0         Tower Z orientation angle, node 5, rad
         49    9.961E-01,  4.418E-03, -8.816E-02         F               0         Tower X orientation angle, node 6, rad
         50   -4.690E-04,  9.990E-01,  4.477E-02         F               0         Tower Y orientation angle, node 6, rad
         51    8.827E-02, -4.455E-02,  9.951E-01         F               0         Tower Z orientation angle, node 6, rad
         52    9.961E-01,  4.435E-03, -8.853E-02         F               0         Tower X orientation angle, node 7, rad
         53   -4.536E-04,  9.990E-01,  4.494E-02         F               0         Tower Y orientation angle, node 7, rad
         54    8.864E-02, -4.472E-02,  9.951E-01         F               0         Tower Z orientation angle, node 7, rad
         55    9.960E-01,  4.447E-03, -8.879E-02         F               0         Tower X orientation angle, node 8, rad
         56   -4.415E-04,  9.990E-01,  4.508E-02         F               0         Tower Y orientation angle, node 8, rad
         57    8.890E-02, -4.486E-02,  9.950E-01         F               0         Tower Z orientation angle, node 8, rad
         58    9.960E-01,  4.454E-03, -8.895E-02         F               0         Tower X orientation angle, node 9, rad
         59   -4.327E-04,  9.990E-01,  4.518E-02         F               0         Tower Y orientation angle, node 9, rad
         60    8.906E-02, -4.496E-02,  9.950E-01         F               0         Tower Z orientation angle, node 9, rad
         61    9.960E-01,  4.458E-03, -8.904E-02         F               0         Tower X orientation angle, node 10, rad
         62   -4.270E-04,  9.990E-01,  4.524E-02         F               0         Tower Y orientation angle, node 10, rad
         63    8.915E-02, -4.502E-02,  9.950E-01         F               0         Tower Z orientation angle, node 10, rad
         64    9.960E-01,  4.460E-03, -8.908E-02         F               0         Tower X orientation angle, node 11, rad
         65   -4.238E-04,  9.990E-01,  4.528E-02         F               0         Tower Y orientation angle, node 11, rad
         66    8.919E-02, -4.506E-02,  9.950E-01         F               0         Tower Z orientation angle, node 11, rad
         67   -5.048E-03                                 F               0         Tower X translation velocity, node 1, m/s
         68   -6.839E-04                                 F               0         Tower Y translation velocity, node 1, m/s
         69    4.148E-03                                 F               0         Tower Z translation velocity, node 1, m/s
         70   -4.888E-03                                 F               0         Tower X translation velocity, node 2, m/s
         71   -1.359E-03                                 F               0         Tower Y translation velocity, node 2, m/s
         72    4.105E-03                                 F               0         Tower Z translation velocity, node 2, m/s
         73   -4.731E-03                                 F               0         Tower X translation velocity, node 3, m/s
         74   -2.060E-03                                 F               0         Tower Y translation velocity, node 3, m/s
         75    4.061E-03                                 F               0         Tower Z translation velocity, node 3, m/s
         76   -4.577E-03                                 F               0         Tower X translation velocity, node 4, m/s
         77   -2.781E-03                                 F               0         Tower Y translation velocity, node 4, m/s
         78    4.015E-03                                 F               0         Tower Z translation velocity, node 4, m/s
         79   -4.426E-03                                 F               0         Tower X translation velocity, node 5, m/s
         80   -3.521E-03                                 F               0         Tower Y translation velocity, node 5, m/s
         81    3.969E-03                                 F               0         Tower Z translation velocity, node 5, m/s
         82   -4.279E-03                                 F               0         Tower X translation velocity, node 6, m/s
         83   -4.277E-03                                 F               0         Tower Y translation velocity, node 6, m/s
         84    3.922E-03                                 F               0         Tower Z translation velocity, node 6, m/s
         85   -4.135E-03                                 F               0         Tower X translation velocity, node 7, m/s
         86   -5.045E-03                                 F               0         Tower Y translation velocity, node 7, m/s
         87    3.875E-03                                 F               0         Tower Z translation velocity, node 7, m/s
         88   -3.996E-03                                 F               0         Tower X translation velocity, node 8, m/s
         89   -5.825E-03                                 F               0         Tower Y translation velocity, node 8, m/s
         90    3.828E-03                                 F               0         Tower Z translation velocity, node 8, m/s
         91   -3.859E-03                                 F               0         Tower X translation velocity, node 9, m/s
         92   -6.615E-03                                 F               0         Tower Y translation velocity, node 9, m/s
         93    3.780E-03                                 F               0         Tower Z translation velocity, node 9, m/s
         94   -3.726E-03                                 F               0         Tower X translation velocity, node 10, m/s
         95   -7.410E-03                                 F               0         Tower Y translation velocity, node 10, m/s
         96    3.732E-03                                 F               0         Tower Z translation velocity, node 10, m/s
         97   -3.594E-03                                 F               0         Tower X translation velocity, node 11, m/s
         98   -8.210E-03                                 F               0         Tower Y translation velocity, node 11, m/s
         99    3.684E-03                                 F               0         Tower Z translation velocity, node 11, m/s
        100    1.886E+01                                 F               0         Hub X translation displacement, node 1, m
        101   -7.120E+00                                 F               0         Hub Y translation displacement, node 1, m
        102    1.748E-01                                 F               0         Hub Z translation displacement, node 1, m
        103    9.812E-01,  9.146E-03, -1.926E-01         F               0         Hub X orientation angle, node 1, rad
        104    1.878E-01, -2.724E-01,  9.437E-01         F               0         Hub Y orientation angle, node 1, rad
        105   -4.383E-02, -9.621E-01, -2.690E-01         F               0         Hub Z orientation angle, node 1, rad
        106    6.941E-01                                 F               0         Hub X rotation velocity, node 1, rad/s
        107    6.480E-03                                 F               0         Hub Y rotation velocity, node 1, rad/s
        108   -1.362E-01                                 F               0         Hub Z rotation velocity, node 1, rad/s
        109    9.752E-01,  1.722E-02, -2.205E-01         F               0         Blade root 1 X orientation angle, node 1, rad
        110    2.168E-01, -2.720E-01,  9.376E-01         F               0         Blade root 1 Y orientation angle, node 1, rad
        111   -4.383E-02, -9.621E-01, -2.690E-01         F               0         Blade root 1 Z orientation angle, node 1, rad
        112    9.847E-01,  2.982E-02, -1.716E-01         F               0         Blade root 2 X orientation angle, node 1, rad
        113   -1.027E-01, -6.965E-01, -7.102E-01         F               0         Blade root 2 Y orientation angle, node 1, rad
        114   -1.407E-01,  7.170E-01, -6.828E-01         F               0         Blade root 2 Z orientation angle, node 1, rad
        115    9.825E-01, -1.962E-02, -1.854E-01         F               0         Blade root 3 X orientation angle, node 1, rad
        116   -2.679E-02,  9.693E-01, -2.445E-01         F               0         Blade root 3 Y orientation angle, node 1, rad
        117    1.845E-01,  2.452E-01,  9.518E-01         F               0         Blade root 3 Z orientation angle, node 1, rad
        118    1.803E+01                                 F               0         Blade 1 X translation displacement, node 1, m
        119   -1.245E+01                                 F               0         Blade 1 Y translation displacement, node 1, m
        120   -6.825E+00                                 F               0         Blade 1 Z translation displacement, node 1, m
        121    1.784E+01                                 F               0         Blade 1 X translation displacement, node 2, m
        122   -1.373E+01                                 F               0         Blade 1 Y translation displacement, node 2, m
        123   -8.512E+00                                 F               0         Blade 1 Z translation displacement, node 2, m
        124    1.514E+01                                 F               0         Blade 1 X translation displacement, node 3, m
        125   -3.120E+01                                 F               0         Blade 1 Y translation displacement, node 3, m
        126   -3.145E+01                                 F               0         Blade 1 Z translation displacement, node 3, m
        127    1.457E+01                                 F               0         Blade 1 X translation displacement, node 4, m
        128   -3.492E+01                                 F               0         Blade 1 Y translation displacement, node 4, m
        129   -3.633E+01                                 F               0         Blade 1 Z translation displacement, node 4, m
        130    1.400E+01                                 F               0         Blade 1 X translation displacement, node 5, m
        131   -3.864E+01                                 F               0         Blade 1 Y translation displacement, node 5, m
        132   -4.122E+01                                 F               0         Blade 1 Z translation displacement, node 5, m
        133    1.342E+01                                 F               0         Blade 1 X translation displacement, node 6, m
        134   -4.236E+01                                 F               0         Blade 1 Y translation displacement, node 6, m
        135   -4.611E+01                                 F               0         Blade 1 Z translation displacement, node 6, m
        136    1.285E+01                                 F               0         Blade 1 X translation displacement, node 7, m
        137   -4.608E+01                                 F               0         Blade 1 Y translation displacement, node 7, m
        138   -5.100E+01                                 F               0         Blade 1 Z translation displacement, node 7, m
        139    1.227E+01                                 F               0         Blade 1 X translation displacement, node 8, m
        140   -4.981E+01                                 F               0         Blade 1 Y translation displacement, node 8, m
        141   -5.588E+01                                 F               0         Blade 1 Z translation displacement, node 8, m
        142    1.170E+01                                 F               0         Blade 1 X translation displacement, node 9, m
        143   -5.353E+01                                 F               0         Blade 1 Y translation displacement, node 9, m
        144   -6.077E+01                                 F               0         Blade 1 Z translation displacement, node 9, m
        145    1.113E+01                                 F               0         Blade 1 X translation displacement, node 10, m
        146   -5.725E+01                                 F               0         Blade 1 Y translation displacement, node 10, m
        147   -6.566E+01                                 F               0         Blade 1 Z translation displacement, node 10, m
        148    1.055E+01                                 F               0         Blade 1 X translation displacement, node 11, m
        149   -6.097E+01                                 F               0         Blade 1 Y translation displacement, node 11, m
        150   -7.054E+01                                 F               0         Blade 1 Z translation displacement, node 11, m
        151    9.980E+00                                 F               0         Blade 1 X translation displacement, node 12, m
        152   -6.469E+01                                 F               0         Blade 1 Y translation displacement, node 12, m
        153   -7.543E+01                                 F               0         Blade 1 Z translation displacement, node 12, m
        154    9.406E+00                                 F               0         Blade 1 X translation displacement, node 13, m
        155   -6.841E+01                                 F               0         Blade 1 Y translation displacement, node 13, m
        156   -8.032E+01                                 F               0         Blade 1 Z translation displacement, node 13, m
        157    8.832E+00                                 F               0         Blade 1 X translation displacement, node 14, m
        158   -7.213E+01                                 F               0         Blade 1 Y translation displacement, node 14, m
        159   -8.520E+01                                 F               0         Blade 1 Z translation displacement, node 14, m
        160    8.258E+00                                 F               0         Blade 1 X translation displacement, node 15, m
        161   -7.586E+01                                 F               0         Blade 1 Y translation displacement, node 15, m
        162   -9.009E+01                                 F               0         Blade 1 Z translation displacement, node 15, m
        163    7.684E+00                                 F               0         Blade 1 X translation displacement, node 16, m
        164   -7.958E+01                                 F               0         Blade 1 Y translation displacement, node 16, m
        165   -9.498E+01                                 F               0         Blade 1 Z translation displacement, node 16, m
        166    7.111E+00                                 F               0         Blade 1 X translation displacement, node 17, m
        167   -8.330E+01                                 F               0         Blade 1 Y translation displacement, node 17, m
        168   -9.986E+01                                 F               0         Blade 1 Z translation displacement, node 17, m
        169    6.537E+00                                 F               0         Blade 1 X translation displacement, node 18, m
        170   -8.702E+01                                 F               0         Blade 1 Y translation displacement, node 18, m
        171   -1.048E+02                                 F               0         Blade 1 Z translation displacement, node 18, m
        172    5.963E+00                                 F               0         Blade 1 X translation displacement, node 19, m
        173   -9.074E+01                                 F               0         Blade 1 Y translation displacement, node 19, m
        174   -1.096E+02                                 F               0         Blade 1 Z translation displacement, node 19, m
        175    5.389E+00                                 F               0         Blade 1 X translation displacement, node 20, m
        176   -9.446E+01                                 F               0         Blade 1 Y translation displacement, node 20, m
        177   -1.145E+02                                 F               0         Blade 1 Z translation displacement, node 20, m
        178    4.815E+00                                 F               0         Blade 1 X translation displacement, node 21, m
        179   -9.818E+01                                 F               0         Blade 1 Y translation displacement, node 21, m
        180   -1.194E+02                                 F               0         Blade 1 Z translation displacement, node 21, m
        181    4.241E+00                                 F               0         Blade 1 X translation displacement, node 22, m
        182   -1.019E+02                                 F               0         Blade 1 Y translation displacement, node 22, m
        183   -1.243E+02                                 F               0         Blade 1 Z translation displacement, node 22, m
        184    3.668E+00                                 F               0         Blade 1 X translation displacement, node 23, m
        185   -1.056E+02                                 F               0         Blade 1 Y translation displacement, node 23, m
        186   -1.292E+02                                 F               0         Blade 1 Z translation displacement, node 23, m
        187    3.094E+00                                 F               0         Blade 1 X translation displacement, node 24, m
        188   -1.093E+02                                 F               0         Blade 1 Y translation displacement, node 24, m
        189   -1.341E+02                                 F               0         Blade 1 Z translation displacement, node 24, m
        190    2.520E+00                                 F               0         Blade 1 X translation displacement, node 25, m
        191   -1.131E+02                                 F               0         Blade 1 Y translation displacement, node 25, m
        192   -1.390E+02                                 F               0         Blade 1 Z translation displacement, node 25, m
        193    1.946E+00                                 F               0         Blade 1 X translation displacement, node 26, m
        194   -1.168E+02                                 F               0         Blade 1 Y translation displacement, node 26, m
        195   -1.438E+02                                 F               0         Blade 1 Z translation displacement, node 26, m
        196    1.372E+00                                 F               0         Blade 1 X translation displacement, node 27, m
        197   -1.205E+02                                 F               0         Blade 1 Y translation displacement, node 27, m
        198   -1.487E+02                                 F               0         Blade 1 Z translation displacement, node 27, m
        199    8.859E-01                                 F               0         Blade 1 X translation displacement, node 28, m
        200   -1.237E+02                                 F               0         Blade 1 Y translation displacement, node 28, m
        201   -1.529E+02                                 F               0         Blade 1 Z translation displacement, node 28, m
        202    7.691E-01,  1.394E-01, -6.238E-01         F               0         Blade 1 X orientation angle, node 1, rad
        203    6.377E-01, -2.342E-01,  7.338E-01         F               0         Blade 1 Y orientation angle, node 1, rad
        204   -4.383E-02, -9.621E-01, -2.690E-01         F               0         Blade 1 Z orientation angle, node 1, rad
        205    7.691E-01,  1.394E-01, -6.238E-01         F               0         Blade 1 X orientation angle, node 2, rad
        206    6.377E-01, -2.342E-01,  7.338E-01         F               0         Blade 1 Y orientation angle, node 2, rad
        207   -4.383E-02, -9.621E-01, -2.690E-01         F               0         Blade 1 Z orientation angle, node 2, rad
        208    8.983E-01,  7.988E-02, -4.321E-01         F               0         Blade 1 X orientation angle, node 3, rad
        209    4.372E-01, -2.606E-01,  8.608E-01         F               0         Blade 1 Y orientation angle, node 3, rad
        210   -4.383E-02, -9.621E-01, -2.690E-01         F               0         Blade 1 Z orientation angle, node 3, rad
        211    9.159E-01,  6.881E-02, -3.954E-01         F               0         Blade 1 X orientation angle, node 4, rad
        212    3.989E-01, -2.637E-01,  8.783E-01         F               0         Blade 1 Y orientation angle, node 4, rad
        213   -4.383E-02, -9.621E-01, -2.690E-01         F               0         Blade 1 Z orientation angle, node 4, rad
        214    9.287E-01,  6.002E-02, -3.660E-01         F               0         Blade 1 X orientation angle, node 5, rad
        215    3.683E-01, -2.659E-01,  8.909E-01         F               0         Blade 1 Y orientation angle, node 5, rad
        216   -4.383E-02, -9.621E-01, -2.690E-01         F               0         Blade 1 Z orientation angle, node 5, rad
        217    9.381E-01,  5.295E-02, -3.423E-01         F               0         Blade 1 X orientation angle, node 6, rad
        218    3.435E-01, -2.673E-01,  9.003E-01         F               0         Blade 1 Y orientation angle, node 6, rad
        219   -4.383E-02, -9.621E-01, -2.690E-01         F               0         Blade 1 Z orientation angle, node 6, rad
        220    9.454E-01,  4.711E-02, -3.225E-01         F               0         Blade 1 X orientation angle, node 7, rad
        221    3.230E-01, -2.684E-01,  9.075E-01         F               0         Blade 1 Y orientation angle, node 7, rad
        222   -4.383E-02, -9.621E-01, -2.690E-01         F               0         Blade 1 Z orientation angle, node 7, rad
        223    9.511E-01,  4.223E-02, -3.060E-01         F               0         Blade 1 X orientation angle, node 8, rad
        224    3.058E-01, -2.693E-01,  9.132E-01         F               0         Blade 1 Y orientation angle, node 8, rad
        225   -4.383E-02, -9.621E-01, -2.690E-01         F               0         Blade 1 Z orientation angle, node 8, rad
        226    9.557E-01,  3.809E-02, -2.919E-01         F               0         Blade 1 X orientation angle, node 9, rad
        227    2.911E-01, -2.699E-01,  9.178E-01         F               0         Blade 1 Y orientation angle, node 9, rad
        228   -4.383E-02, -9.621E-01, -2.690E-01         F               0         Blade 1 Z orientation angle, node 9, rad
        229    9.595E-01,  3.450E-02, -2.797E-01         F               0         Blade 1 X orientation angle, node 10, rad
        230    2.784E-01, -2.704E-01,  9.216E-01         F               0         Blade 1 Y orientation angle, node 10, rad
        231   -4.383E-02, -9.621E-01, -2.690E-01         F               0         Blade 1 Z orientation angle, node 10, rad
        232    9.626E-01,  3.143E-02, -2.693E-01         F               0         Blade 1 X orientation angle, node 11, rad
        233    2.675E-01, -2.707E-01,  9.247E-01         F               0         Blade 1 Y orientation angle, node 11, rad
        234   -4.383E-02, -9.621E-01, -2.690E-01         F               0         Blade 1 Z orientation angle, node 11, rad
        235    9.652E-01,  2.874E-02, -2.601E-01         F               0         Blade 1 X orientation angle, node 12, rad
        236    2.579E-01, -2.710E-01,  9.274E-01         F               0         Blade 1 Y orientation angle, node 12, rad
        237   -4.383E-02, -9.621E-01, -2.690E-01         F               0         Blade 1 Z orientation angle, node 12, rad
        238    9.674E-01,  2.637E-02, -2.520E-01         F               0         Blade 1 X orientation angle, node 13, rad
        239    2.495E-01, -2.713E-01,  9.296E-01         F               0         Blade 1 Y orientation angle, node 13, rad
        240   -4.383E-02, -9.621E-01, -2.690E-01         F               0         Blade 1 Z orientation angle, node 13, rad
        241    9.693E-01,  2.424E-02, -2.447E-01         F               0         Blade 1 X orientation angle, node 14, rad
        242    2.419E-01, -2.715E-01,  9.316E-01         F               0         Blade 1 Y orientation angle, node 14, rad
        243   -4.383E-02, -9.621E-01, -2.690E-01         F               0         Blade 1 Z orientation angle, node 14, rad
        244    9.710E-01,  2.235E-02, -2.381E-01         F               0         Blade 1 X orientation angle, node 15, rad
        245    2.351E-01, -2.716E-01,  9.332E-01         F               0         Blade 1 Y orientation angle, node 15, rad
        246   -4.383E-02, -9.621E-01, -2.690E-01         F               0         Blade 1 Z orientation angle, node 15, rad
        247    9.724E-01,  2.064E-02, -2.323E-01         F               0         Blade 1 X orientation angle, node 16, rad
        248    2.290E-01, -2.718E-01,  9.347E-01         F               0         Blade 1 Y orientation angle, node 16, rad
        249   -4.383E-02, -9.621E-01, -2.690E-01         F               0         Blade 1 Z orientation angle, node 16, rad
        250    9.737E-01,  1.912E-02, -2.270E-01         F               0         Blade 1 X orientation angle, node 17, rad
        251    2.236E-01, -2.719E-01,  9.360E-01         F               0         Blade 1 Y orientation angle, node 17, rad
        252   -4.383E-02, -9.621E-01, -2.690E-01         F               0         Blade 1 Z orientation angle, node 17, rad
        253    9.749E-01,  1.770E-02, -2.221E-01         F               0         Blade 1 X orientation angle, node 18, rad
        254    2.185E-01, -2.720E-01,  9.372E-01         F               0         Blade 1 Y orientation angle, node 18, rad
        255   -4.383E-02, -9.621E-01, -2.690E-01         F               0         Blade 1 Z orientation angle, node 18, rad
        256    9.759E-01,  1.642E-02, -2.177E-01         F               0         Blade 1 X orientation angle, node 19, rad
        257    2.139E-01, -2.720E-01,  9.382E-01         F               0         Blade 1 Y orientation angle, node 19, rad
        258   -4.383E-02, -9.621E-01, -2.690E-01         F               0         Blade 1 Z orientation angle, node 19, rad
        259    9.768E-01,  1.528E-02, -2.138E-01         F               0         Blade 1 X orientation angle, node 20, rad
        260    2.098E-01, -2.721E-01,  9.391E-01         F               0         Blade 1 Y orientation angle, node 20, rad
        261   -4.383E-02, -9.621E-01, -2.690E-01         F               0         Blade 1 Z orientation angle, node 20, rad
        262    9.776E-01,  1.418E-02, -2.100E-01         F               0         Blade 1 X orientation angle, node 21, rad
        263    2.059E-01, -2.722E-01,  9.400E-01         F               0         Blade 1 Y orientation angle, node 21, rad
        264   -4.383E-02, -9.621E-01, -2.690E-01         F               0         Blade 1 Z orientation angle, node 21, rad
        265    9.783E-01,  1.319E-02, -2.066E-01         F               0         Blade 1 X orientation angle, node 22, rad
        266    2.023E-01, -2.722E-01,  9.407E-01         F               0         Blade 1 Y orientation angle, node 22, rad
        267   -4.383E-02, -9.621E-01, -2.690E-01         F               0         Blade 1 Z orientation angle, node 22, rad
        268    9.790E-01,  1.228E-02, -2.035E-01         F               0         Blade 1 X orientation angle, node 23, rad
        269    1.991E-01, -2.723E-01,  9.414E-01         F               0         Blade 1 Y orientation angle, node 23, rad
        270   -4.383E-02, -9.621E-01, -2.690E-01         F               0         Blade 1 Z orientation angle, node 23, rad
        271    9.796E-01,  1.143E-02, -2.005E-01         F               0         Blade 1 X orientation angle, node 24, rad
        272    1.960E-01, -2.723E-01,  9.420E-01         F               0         Blade 1 Y orientation angle, node 24, rad
        273   -4.383E-02, -9.621E-01, -2.690E-01         F               0         Blade 1 Z orientation angle, node 24, rad
        274    9.802E-01,  1.062E-02, -1.977E-01         F               0         Blade 1 X orientation angle, node 25, rad
        275    1.931E-01, -2.723E-01,  9.426E-01         F               0         Blade 1 Y orientation angle, node 25, rad
        276   -4.383E-02, -9.621E-01, -2.690E-01         F               0         Blade 1 Z orientation angle, node 25, rad
        277    9.807E-01,  9.906E-03, -1.952E-01         F               0         Blade 1 X orientation angle, node 26, rad
        278    1.905E-01, -2.724E-01,  9.431E-01         F               0         Blade 1 Y orientation angle, node 26, rad
        279   -4.383E-02, -9.621E-01, -2.690E-01         F               0         Blade 1 Z orientation angle, node 26, rad
        280    9.812E-01,  9.193E-03, -1.928E-01         F               0         Blade 1 X orientation angle, node 27, rad
        281    1.879E-01, -2.724E-01,  9.437E-01         F               0         Blade 1 Y orientation angle, node 27, rad
        282   -4.383E-02, -9.621E-01, -2.690E-01         F               0         Blade 1 Z orientation angle, node 27, rad
        283    9.815E-01,  8.813E-03, -1.914E-01         F               0         Blade 1 X orientation angle, node 28, rad
        284    1.866E-01, -2.724E-01,  9.439E-01         F               0         Blade 1 Y orientation angle, node 28, rad
        285   -4.383E-02, -9.621E-01, -2.690E-01         F               0         Blade 1 Z orientation angle, node 28, rad
        286   -7.394E-01                                 F               0         Blade 1 X translation velocity, node 1, m/s
        287    1.059E+00                                 F               0         Blade 1 Y translation velocity, node 1, m/s
        288   -3.694E+00                                 F               0         Blade 1 Z translation velocity, node 1, m/s
        289   -9.167E-01                                 F               0         Blade 1 X translation velocity, node 2, m/s
        290    1.316E+00                                 F               0         Blade 1 Y translation velocity, node 2, m/s
        291   -4.586E+00                                 F               0         Blade 1 Z translation velocity, node 2, m/s
        292   -3.328E+00                                 F               0         Blade 1 X translation velocity, node 3, m/s
        293    4.814E+00                                 F               0         Blade 1 Y translation velocity, node 3, m/s
        294   -1.670E+01                                 F               0         Blade 1 Z translation velocity, node 3, m/s
        295   -3.842E+00                                 F               0         Blade 1 X translation velocity, node 4, m/s
        296    5.559E+00                                 F               0         Blade 1 Y translation velocity, node 4, m/s
        297   -1.928E+01                                 F               0         Blade 1 Z translation velocity, node 4, m/s
        298   -4.355E+00                                 F               0         Blade 1 X translation velocity, node 5, m/s
        299    6.304E+00                                 F               0         Blade 1 Y translation velocity, node 5, m/s
        300   -2.187E+01                                 F               0         Blade 1 Z translation velocity, node 5, m/s
        301   -4.869E+00                                 F               0         Blade 1 X translation velocity, node 6, m/s
        302    7.049E+00                                 F               0         Blade 1 Y translation velocity, node 6, m/s
        303   -2.445E+01                                 F               0         Blade 1 Z translation velocity, node 6, m/s
        304   -5.383E+00                                 F               0         Blade 1 X translation velocity, node 7, m/s
        305    7.795E+00                                 F               0         Blade 1 Y translation velocity, node 7, m/s
        306   -2.703E+01                                 F               0         Blade 1 Z translation velocity, node 7, m/s
        307   -5.897E+00                                 F               0         Blade 1 X translation velocity, node 8, m/s
