
Linearized model: Predictions were generated on 11-Jan-2024 at 12:32:35 using OpenFAST, compiled as a 64-bit application using single precision at commit v3.5.1
 linked with  NWTC Subroutine Library; ElastoDyn; InflowWind; AeroDyn; ServoDyn; HydroDyn; MoorDyn (v2.0.0, 2023-09-18)

Description from the FAST input file: CCT-9 Campign 4 model. Input files to be run with OpenFAST 3.5.0. GitHub branch from Lu Wang (https://github.com/luwang00/openfast/tree/dev) compiled on March 7, 2023.

Simulation information:
   Simulation time:                   506.1750 s
   Rotor Speed:                         0.7073 rad/s
   Azimuth:                             1.6255 rad
   Wind Speed:                          8.0000 m/s
   Number of continuous states:         0
   Number of discrete states:           0
   Number of constraint states:         0
   Number of inputs:                 1746
   Number of outputs:                   4
   Jacobians included in this file?    No

Order of inputs:
     Column   Operating Point                     Rotating Frame? Derivative Order Description
   ---------- ---------------                     --------------- ---------------- -----------
          1    7.281E+00                                 F               0         Tower X translation displacement, node 1, m
          2   -1.234E+00                                 F               0         Tower Y translation displacement, node 1, m
          3   -1.507E-01                                 F               0         Tower Z translation displacement, node 1, m
          4    8.324E+00                                 F               0         Tower X translation displacement, node 2, m
          5   -1.768E+00                                 F               0         Tower Y translation displacement, node 2, m
          6   -2.064E-01                                 F               0         Tower Z translation displacement, node 2, m
          7    9.383E+00                                 F               0         Tower X translation displacement, node 3, m
          8   -2.306E+00                                 F               0         Tower Y translation displacement, node 3, m
          9   -2.637E-01                                 F               0         Tower Z translation displacement, node 3, m
         10    1.045E+01                                 F               0         Tower X translation displacement, node 4, m
         11   -2.849E+00                                 F               0         Tower Y translation displacement, node 4, m
         12   -3.222E-01                                 F               0         Tower Z translation displacement, node 4, m
         13    1.153E+01                                 F               0         Tower X translation displacement, node 5, m
         14   -3.395E+00                                 F               0         Tower Y translation displacement, node 5, m
         15   -3.816E-01                                 F               0         Tower Z translation displacement, node 5, m
         16    1.262E+01                                 F               0         Tower X translation displacement, node 6, m
         17   -3.944E+00                                 F               0         Tower Y translation displacement, node 6, m
         18   -4.419E-01                                 F               0         Tower Z translation displacement, node 6, m
         19    1.372E+01                                 F               0         Tower X translation displacement, node 7, m
         20   -4.496E+00                                 F               0         Tower Y translation displacement, node 7, m
         21   -5.026E-01                                 F               0         Tower Z translation displacement, node 7, m
         22    1.481E+01                                 F               0         Tower X translation displacement, node 8, m
         23   -5.049E+00                                 F               0         Tower Y translation displacement, node 8, m
         24   -5.639E-01                                 F               0         Tower Z translation displacement, node 8, m
         25    1.591E+01                                 F               0         Tower X translation displacement, node 9, m
         26   -5.604E+00                                 F               0         Tower Y translation displacement, node 9, m
         27   -6.254E-01                                 F               0         Tower Z translation displacement, node 9, m
         28    1.701E+01                                 F               0         Tower X translation displacement, node 10, m
         29   -6.160E+00                                 F               0         Tower Y translation displacement, node 10, m
         30   -6.871E-01                                 F               0         Tower Z translation displacement, node 10, m
         31    1.811E+01                                 F               0         Tower X translation displacement, node 11, m
         32   -6.716E+00                                 F               0         Tower Y translation displacement, node 11, m
         33   -7.489E-01                                 F               0         Tower Z translation displacement, node 11, m
         34    9.965E-01,  4.232E-03, -8.384E-02         F               0         Tower X orientation angle, node 1, rad
         35   -6.052E-04,  9.991E-01,  4.323E-02         F               0         Tower Y orientation angle, node 1, rad
         36    8.394E-02, -4.303E-02,  9.955E-01         F               0         Tower Z orientation angle, node 1, rad
         37    9.964E-01,  4.284E-03, -8.505E-02         F               0         Tower X orientation angle, node 2, rad
         38   -5.723E-04,  9.990E-01,  4.362E-02         F               0         Tower Y orientation angle, node 2, rad
         39    8.515E-02, -4.342E-02,  9.954E-01         F               0         Tower Z orientation angle, node 2, rad
         40    9.963E-01,  4.330E-03, -8.609E-02         F               0         Tower X orientation angle, node 3, rad
         41   -5.423E-04,  9.990E-01,  4.397E-02         F               0         Tower Y orientation angle, node 3, rad
         42    8.619E-02, -4.376E-02,  9.953E-01         F               0         Tower Z orientation angle, node 3, rad
         43    9.962E-01,  4.368E-03, -8.695E-02         F               0         Tower X orientation angle, node 4, rad
         44   -5.159E-04,  9.990E-01,  4.427E-02         F               0         Tower Y orientation angle, node 4, rad
         45    8.705E-02, -4.406E-02,  9.952E-01         F               0         Tower Z orientation angle, node 4, rad
         46    9.961E-01,  4.398E-03, -8.763E-02         F               0         Tower X orientation angle, node 5, rad
         47   -4.931E-04,  9.990E-01,  4.453E-02         F               0         Tower Y orientation angle, node 5, rad
         48    8.774E-02, -4.432E-02,  9.952E-01         F               0         Tower Z orientation angle, node 5, rad
         49    9.961E-01,  4.422E-03, -8.816E-02         F               0         Tower X orientation angle, node 6, rad
         50   -4.738E-04,  9.990E-01,  4.475E-02         F               0         Tower Y orientation angle, node 6, rad
         51    8.826E-02, -4.454E-02,  9.951E-01         F               0         Tower Z orientation angle, node 6, rad
         52    9.961E-01,  4.438E-03, -8.853E-02         F               0         Tower X orientation angle, node 7, rad
         53   -4.584E-04,  9.990E-01,  4.493E-02         F               0         Tower Y orientation angle, node 7, rad
         54    8.864E-02, -4.471E-02,  9.951E-01         F               0         Tower Z orientation angle, node 7, rad
         55    9.960E-01,  4.450E-03, -8.879E-02         F               0         Tower X orientation angle, node 8, rad
         56   -4.464E-04,  9.990E-01,  4.506E-02         F               0         Tower Y orientation angle, node 8, rad
         57    8.890E-02, -4.485E-02,  9.950E-01         F               0         Tower Z orientation angle, node 8, rad
         58    9.960E-01,  4.458E-03, -8.895E-02         F               0         Tower X orientation angle, node 9, rad
         59   -4.376E-04,  9.990E-01,  4.516E-02         F               0         Tower Y orientation angle, node 9, rad
         60    8.906E-02, -4.494E-02,  9.950E-01         F               0         Tower Z orientation angle, node 9, rad
         61    9.960E-01,  4.462E-03, -8.904E-02         F               0         Tower X orientation angle, node 10, rad
         62   -4.319E-04,  9.990E-01,  4.523E-02         F               0         Tower Y orientation angle, node 10, rad
         63    8.915E-02, -4.501E-02,  9.950E-01         F               0         Tower Z orientation angle, node 10, rad
         64    9.960E-01,  4.464E-03, -8.908E-02         F               0         Tower X orientation angle, node 11, rad
         65   -4.287E-04,  9.990E-01,  4.526E-02         F               0         Tower Y orientation angle, node 11, rad
         66    8.919E-02, -4.505E-02,  9.950E-01         F               0         Tower Z orientation angle, node 11, rad
         67   -5.078E-03                                 F               0         Tower X translation velocity, node 1, m/s
         68   -3.886E-04                                 F               0         Tower Y translation velocity, node 1, m/s
         69    4.265E-03                                 F               0         Tower Z translation velocity, node 1, m/s
         70   -4.937E-03                                 F               0         Tower X translation velocity, node 2, m/s
         71   -9.513E-04                                 F               0         Tower Y translation velocity, node 2, m/s
         72    4.229E-03                                 F               0         Tower Z translation velocity, node 2, m/s
         73   -4.791E-03                                 F               0         Tower X translation velocity, node 3, m/s
         74   -1.539E-03                                 F               0         Tower Y translation velocity, node 3, m/s
         75    4.190E-03                                 F               0         Tower Z translation velocity, node 3, m/s
         76   -4.640E-03                                 F               0         Tower X translation velocity, node 4, m/s
         77   -2.146E-03                                 F               0         Tower Y translation velocity, node 4, m/s
         78    4.150E-03                                 F               0         Tower Z translation velocity, node 4, m/s
         79   -4.486E-03                                 F               0         Tower X translation velocity, node 5, m/s
         80   -2.772E-03                                 F               0         Tower Y translation velocity, node 5, m/s
         81    4.109E-03                                 F               0         Tower Z translation velocity, node 5, m/s
         82   -4.328E-03                                 F               0         Tower X translation velocity, node 6, m/s
         83   -3.414E-03                                 F               0         Tower Y translation velocity, node 6, m/s
         84    4.066E-03                                 F               0         Tower Z translation velocity, node 6, m/s
         85   -4.168E-03                                 F               0         Tower X translation velocity, node 7, m/s
         86   -4.068E-03                                 F               0         Tower Y translation velocity, node 7, m/s
         87    4.023E-03                                 F               0         Tower Z translation velocity, node 7, m/s
         88   -4.006E-03                                 F               0         Tower X translation velocity, node 8, m/s
         89   -4.734E-03                                 F               0         Tower Y translation velocity, node 8, m/s
         90    3.978E-03                                 F               0         Tower Z translation velocity, node 8, m/s
         91   -3.843E-03                                 F               0         Tower X translation velocity, node 9, m/s
         92   -5.409E-03                                 F               0         Tower Y translation velocity, node 9, m/s
         93    3.933E-03                                 F               0         Tower Z translation velocity, node 9, m/s
         94   -3.678E-03                                 F               0         Tower X translation velocity, node 10, m/s
         95   -6.090E-03                                 F               0         Tower Y translation velocity, node 10, m/s
         96    3.888E-03                                 F               0         Tower Z translation velocity, node 10, m/s
         97   -3.513E-03                                 F               0         Tower X translation velocity, node 11, m/s
         98   -6.776E-03                                 F               0         Tower Y translation velocity, node 11, m/s
         99    3.842E-03                                 F               0         Tower Z translation velocity, node 11, m/s
        100    1.886E+01                                 F               0         Hub X translation displacement, node 1, m
        101   -7.118E+00                                 F               0         Hub Y translation displacement, node 1, m
        102    1.739E-01                                 F               0         Hub Z translation displacement, node 1, m
        103    9.812E-01,  9.148E-03, -1.926E-01         F               0         Hub X orientation angle, node 1, rad
        104    1.925E-01, -9.888E-02,  9.763E-01         F               0         Hub Y orientation angle, node 1, rad
        105   -1.011E-02, -9.951E-01, -9.879E-02         F               0         Hub Z orientation angle, node 1, rad
        106    6.941E-01                                 F               0         Hub X rotation velocity, node 1, rad/s
        107    6.484E-03                                 F               0         Hub Y rotation velocity, node 1, rad/s
        108   -1.362E-01                                 F               0         Hub Z rotation velocity, node 1, rad/s
        109    9.751E-01,  1.208E-02, -2.215E-01         F               0         Blade root 1 X orientation angle, node 1, rad
        110    2.216E-01, -9.857E-02,  9.701E-01         F               0         Blade root 1 Y orientation angle, node 1, rad
        111   -1.011E-02, -9.951E-01, -9.879E-02         F               0         Blade root 1 Z orientation angle, node 1, rad
        112    9.839E-01,  3.324E-02, -1.755E-01         F               0         Blade root 2 X orientation angle, node 1, rad
        113   -7.588E-02, -8.117E-01, -5.792E-01         F               0         Blade root 2 Y orientation angle, node 1, rad
        114   -1.617E-01,  5.832E-01, -7.961E-01         F               0         Blade root 2 Z orientation angle, node 1, rad
        115    9.834E-01, -1.789E-02, -1.806E-01         F               0         Blade root 3 X orientation angle, node 1, rad
        116   -5.837E-02,  9.111E-01, -4.081E-01         F               0         Blade root 3 Y orientation angle, node 1, rad
        117    1.718E-01,  4.119E-01,  8.949E-01         F               0         Blade root 3 Z orientation angle, node 1, rad
        118    1.822E+01                                 F               0         Blade 1 X translation displacement, node 1, m
        119   -1.263E+01                                 F               0         Blade 1 Y translation displacement, node 1, m
        120   -5.883E+00                                 F               0         Blade 1 Z translation displacement, node 1, m
        121    1.807E+01                                 F               0         Blade 1 X translation displacement, node 2, m
        122   -1.396E+01                                 F               0         Blade 1 Y translation displacement, node 2, m
        123   -7.343E+00                                 F               0         Blade 1 Z translation displacement, node 2, m
        124    1.599E+01                                 F               0         Blade 1 X translation displacement, node 3, m
        125   -3.202E+01                                 F               0         Blade 1 Y translation displacement, node 3, m
        126   -2.719E+01                                 F               0         Blade 1 Z translation displacement, node 3, m
        127    1.555E+01                                 F               0         Blade 1 X translation displacement, node 4, m
        128   -3.587E+01                                 F               0         Blade 1 Y translation displacement, node 4, m
        129   -3.142E+01                                 F               0         Blade 1 Z translation displacement, node 4, m
        130    1.510E+01                                 F               0         Blade 1 X translation displacement, node 5, m
        131   -3.972E+01                                 F               0         Blade 1 Y translation displacement, node 5, m
        132   -3.565E+01                                 F               0         Blade 1 Z translation displacement, node 5, m
        133    1.466E+01                                 F               0         Blade 1 X translation displacement, node 6, m
        134   -4.357E+01                                 F               0         Blade 1 Y translation displacement, node 6, m
        135   -3.987E+01                                 F               0         Blade 1 Z translation displacement, node 6, m
        136    1.421E+01                                 F               0         Blade 1 X translation displacement, node 7, m
        137   -4.742E+01                                 F               0         Blade 1 Y translation displacement, node 7, m
        138   -4.410E+01                                 F               0         Blade 1 Z translation displacement, node 7, m
        139    1.377E+01                                 F               0         Blade 1 X translation displacement, node 8, m
        140   -5.126E+01                                 F               0         Blade 1 Y translation displacement, node 8, m
        141   -4.833E+01                                 F               0         Blade 1 Z translation displacement, node 8, m
        142    1.333E+01                                 F               0         Blade 1 X translation displacement, node 9, m
        143   -5.511E+01                                 F               0         Blade 1 Y translation displacement, node 9, m
        144   -5.256E+01                                 F               0         Blade 1 Z translation displacement, node 9, m
        145    1.288E+01                                 F               0         Blade 1 X translation displacement, node 10, m
        146   -5.896E+01                                 F               0         Blade 1 Y translation displacement, node 10, m
        147   -5.679E+01                                 F               0         Blade 1 Z translation displacement, node 10, m
        148    1.244E+01                                 F               0         Blade 1 X translation displacement, node 11, m
        149   -6.281E+01                                 F               0         Blade 1 Y translation displacement, node 11, m
        150   -6.102E+01                                 F               0         Blade 1 Z translation displacement, node 11, m
        151    1.200E+01                                 F               0         Blade 1 X translation displacement, node 12, m
        152   -6.666E+01                                 F               0         Blade 1 Y translation displacement, node 12, m
        153   -6.525E+01                                 F               0         Blade 1 Z translation displacement, node 12, m
        154    1.155E+01                                 F               0         Blade 1 X translation displacement, node 13, m
        155   -7.051E+01                                 F               0         Blade 1 Y translation displacement, node 13, m
        156   -6.947E+01                                 F               0         Blade 1 Z translation displacement, node 13, m
        157    1.111E+01                                 F               0         Blade 1 X translation displacement, node 14, m
        158   -7.436E+01                                 F               0         Blade 1 Y translation displacement, node 14, m
        159   -7.370E+01                                 F               0         Blade 1 Z translation displacement, node 14, m
        160    1.067E+01                                 F               0         Blade 1 X translation displacement, node 15, m
        161   -7.820E+01                                 F               0         Blade 1 Y translation displacement, node 15, m
        162   -7.793E+01                                 F               0         Blade 1 Z translation displacement, node 15, m
        163    1.022E+01                                 F               0         Blade 1 X translation displacement, node 16, m
        164   -8.205E+01                                 F               0         Blade 1 Y translation displacement, node 16, m
        165   -8.216E+01                                 F               0         Blade 1 Z translation displacement, node 16, m
        166    9.781E+00                                 F               0         Blade 1 X translation displacement, node 17, m
        167   -8.590E+01                                 F               0         Blade 1 Y translation displacement, node 17, m
        168   -8.639E+01                                 F               0         Blade 1 Z translation displacement, node 17, m
        169    9.338E+00                                 F               0         Blade 1 X translation displacement, node 18, m
        170   -8.975E+01                                 F               0         Blade 1 Y translation displacement, node 18, m
        171   -9.062E+01                                 F               0         Blade 1 Z translation displacement, node 18, m
        172    8.894E+00                                 F               0         Blade 1 X translation displacement, node 19, m
        173   -9.360E+01                                 F               0         Blade 1 Y translation displacement, node 19, m
        174   -9.485E+01                                 F               0         Blade 1 Z translation displacement, node 19, m
        175    8.451E+00                                 F               0         Blade 1 X translation displacement, node 20, m
        176   -9.745E+01                                 F               0         Blade 1 Y translation displacement, node 20, m
        177   -9.907E+01                                 F               0         Blade 1 Z translation displacement, node 20, m
        178    8.007E+00                                 F               0         Blade 1 X translation displacement, node 21, m
        179   -1.013E+02                                 F               0         Blade 1 Y translation displacement, node 21, m
        180   -1.033E+02                                 F               0         Blade 1 Z translation displacement, node 21, m
        181    7.564E+00                                 F               0         Blade 1 X translation displacement, node 22, m
        182   -1.051E+02                                 F               0         Blade 1 Y translation displacement, node 22, m
        183   -1.075E+02                                 F               0         Blade 1 Z translation displacement, node 22, m
        184    7.121E+00                                 F               0         Blade 1 X translation displacement, node 23, m
        185   -1.090E+02                                 F               0         Blade 1 Y translation displacement, node 23, m
        186   -1.118E+02                                 F               0         Blade 1 Z translation displacement, node 23, m
        187    6.677E+00                                 F               0         Blade 1 X translation displacement, node 24, m
        188   -1.128E+02                                 F               0         Blade 1 Y translation displacement, node 24, m
        189   -1.160E+02                                 F               0         Blade 1 Z translation displacement, node 24, m
        190    6.234E+00                                 F               0         Blade 1 X translation displacement, node 25, m
        191   -1.167E+02                                 F               0         Blade 1 Y translation displacement, node 25, m
        192   -1.202E+02                                 F               0         Blade 1 Z translation displacement, node 25, m
        193    5.790E+00                                 F               0         Blade 1 X translation displacement, node 26, m
        194   -1.205E+02                                 F               0         Blade 1 Y translation displacement, node 26, m
        195   -1.244E+02                                 F               0         Blade 1 Z translation displacement, node 26, m
        196    5.347E+00                                 F               0         Blade 1 X translation displacement, node 27, m
        197   -1.244E+02                                 F               0         Blade 1 Y translation displacement, node 27, m
        198   -1.287E+02                                 F               0         Blade 1 Z translation displacement, node 27, m
        199    4.971E+00                                 F               0         Blade 1 X translation displacement, node 28, m
        200   -1.277E+02                                 F               0         Blade 1 Y translation displacement, node 28, m
        201   -1.323E+02                                 F               0         Blade 1 Z translation displacement, node 28, m
        202    7.668E-01,  5.570E-02, -6.395E-01         F               0         Blade 1 X orientation angle, node 1, rad
        203    6.418E-01, -8.222E-02,  7.624E-01         F               0         Blade 1 Y orientation angle, node 1, rad
        204   -1.011E-02, -9.951E-01, -9.879E-02         F               0         Blade 1 Z orientation angle, node 1, rad
        205    7.668E-01,  5.570E-02, -6.395E-01         F               0         Blade 1 X orientation angle, node 2, rad
        206    6.418E-01, -8.222E-02,  7.624E-01         F               0         Blade 1 Y orientation angle, node 2, rad
        207   -1.011E-02, -9.951E-01, -9.879E-02         F               0         Blade 1 Z orientation angle, node 2, rad
        208    8.970E-01,  3.462E-02, -4.406E-01         F               0         Blade 1 X orientation angle, node 3, rad
        209    4.418E-01, -9.307E-02,  8.923E-01         F               0         Blade 1 Y orientation angle, node 3, rad
        210   -1.011E-02, -9.951E-01, -9.879E-02         F               0         Blade 1 Z orientation angle, node 3, rad
        211    9.149E-01,  3.066E-02, -4.025E-01         F               0         Blade 1 X orientation angle, node 4, rad
        212    4.036E-01, -9.445E-02,  9.101E-01         F               0         Blade 1 Y orientation angle, node 4, rad
        213   -1.011E-02, -9.951E-01, -9.879E-02         F               0         Blade 1 Z orientation angle, node 4, rad
        214    9.278E-01,  2.751E-02, -3.721E-01         F               0         Blade 1 X orientation angle, node 5, rad
        215    3.730E-01, -9.542E-02,  9.229E-01         F               0         Blade 1 Y orientation angle, node 5, rad
        216   -1.011E-02, -9.951E-01, -9.879E-02         F               0         Blade 1 Z orientation angle, node 5, rad
        217    9.373E-01,  2.497E-02, -3.475E-01         F               0         Blade 1 X orientation angle, node 6, rad
        218    3.483E-01, -9.611E-02,  9.325E-01         F               0         Blade 1 Y orientation angle, node 6, rad
        219   -1.011E-02, -9.951E-01, -9.879E-02         F               0         Blade 1 Z orientation angle, node 6, rad
        220    9.447E-01,  2.287E-02, -3.271E-01         F               0         Blade 1 X orientation angle, node 7, rad
        221    3.277E-01, -9.663E-02,  9.398E-01         F               0         Blade 1 Y orientation angle, node 7, rad
        222   -1.011E-02, -9.951E-01, -9.879E-02         F               0         Blade 1 Z orientation angle, node 7, rad
        223    9.505E-01,  2.111E-02, -3.100E-01         F               0         Blade 1 X orientation angle, node 8, rad
        224    3.105E-01, -9.703E-02,  9.456E-01         F               0         Blade 1 Y orientation angle, node 8, rad
        225   -1.011E-02, -9.951E-01, -9.879E-02         F               0         Blade 1 Z orientation angle, node 8, rad
        226    9.552E-01,  1.962E-02, -2.954E-01         F               0         Blade 1 X orientation angle, node 9, rad
        227    2.959E-01, -9.735E-02,  9.502E-01         F               0         Blade 1 Y orientation angle, node 9, rad
        228   -1.011E-02, -9.951E-01, -9.879E-02         F               0         Blade 1 Z orientation angle, node 9, rad
        229    9.590E-01,  1.833E-02, -2.828E-01         F               0         Blade 1 X orientation angle, node 10, rad
        230    2.832E-01, -9.760E-02,  9.541E-01         F               0         Blade 1 Y orientation angle, node 10, rad
        231   -1.011E-02, -9.951E-01, -9.879E-02         F               0         Blade 1 Z orientation angle, node 10, rad
        232    9.622E-01,  1.722E-02, -2.719E-01         F               0         Blade 1 X orientation angle, node 11, rad
        233    2.723E-01, -9.780E-02,  9.572E-01         F               0         Blade 1 Y orientation angle, node 11, rad
        234   -1.011E-02, -9.951E-01, -9.879E-02         F               0         Blade 1 Z orientation angle, node 11, rad
        235    9.648E-01,  1.625E-02, -2.624E-01         F               0         Blade 1 X orientation angle, node 12, rad
        236    2.627E-01, -9.797E-02,  9.599E-01         F               0         Blade 1 Y orientation angle, node 12, rad
        237   -1.011E-02, -9.951E-01, -9.879E-02         F               0         Blade 1 Z orientation angle, node 12, rad
        238    9.671E-01,  1.539E-02, -2.540E-01         F               0         Blade 1 X orientation angle, node 13, rad
        239    2.543E-01, -9.810E-02,  9.621E-01         F               0         Blade 1 Y orientation angle, node 13, rad
        240   -1.011E-02, -9.951E-01, -9.879E-02         F               0         Blade 1 Z orientation angle, node 13, rad
        241    9.690E-01,  1.462E-02, -2.465E-01         F               0         Blade 1 X orientation angle, node 14, rad
        242    2.467E-01, -9.822E-02,  9.641E-01         F               0         Blade 1 Y orientation angle, node 14, rad
        243   -1.011E-02, -9.951E-01, -9.879E-02         F               0         Blade 1 Z orientation angle, node 14, rad
        244    9.707E-01,  1.393E-02, -2.397E-01         F               0         Blade 1 X orientation angle, node 15, rad
        245    2.399E-01, -9.832E-02,  9.658E-01         F               0         Blade 1 Y orientation angle, node 15, rad
        246   -1.011E-02, -9.951E-01, -9.879E-02         F               0         Blade 1 Z orientation angle, node 15, rad
        247    9.722E-01,  1.331E-02, -2.336E-01         F               0         Blade 1 X orientation angle, node 16, rad
        248    2.338E-01, -9.841E-02,  9.673E-01         F               0         Blade 1 Y orientation angle, node 16, rad
        249   -1.011E-02, -9.951E-01, -9.879E-02         F               0         Blade 1 Z orientation angle, node 16, rad
        250    9.735E-01,  1.276E-02, -2.282E-01         F               0         Blade 1 X orientation angle, node 17, rad
        251    2.284E-01, -9.848E-02,  9.686E-01         F               0         Blade 1 Y orientation angle, node 17, rad
        252   -1.011E-02, -9.951E-01, -9.879E-02         F               0         Blade 1 Z orientation angle, node 17, rad
        253    9.747E-01,  1.225E-02, -2.232E-01         F               0         Blade 1 X orientation angle, node 18, rad
        254    2.233E-01, -9.855E-02,  9.698E-01         F               0         Blade 1 Y orientation angle, node 18, rad
        255   -1.011E-02, -9.951E-01, -9.879E-02         F               0         Blade 1 Z orientation angle, node 18, rad
        256    9.757E-01,  1.178E-02, -2.186E-01         F               0         Blade 1 X orientation angle, node 19, rad
        257    2.187E-01, -9.860E-02,  9.708E-01         F               0         Blade 1 Y orientation angle, node 19, rad
        258   -1.011E-02, -9.951E-01, -9.879E-02         F               0         Blade 1 Z orientation angle, node 19, rad
        259    9.767E-01,  1.137E-02, -2.145E-01         F               0         Blade 1 X orientation angle, node 20, rad
        260    2.146E-01, -9.865E-02,  9.717E-01         F               0         Blade 1 Y orientation angle, node 20, rad
        261   -1.011E-02, -9.951E-01, -9.879E-02         F               0         Blade 1 Z orientation angle, node 20, rad
        262    9.775E-01,  1.098E-02, -2.106E-01         F               0         Blade 1 X orientation angle, node 21, rad
        263    2.107E-01, -9.870E-02,  9.726E-01         F               0         Blade 1 Y orientation angle, node 21, rad
        264   -1.011E-02, -9.951E-01, -9.879E-02         F               0         Blade 1 Z orientation angle, node 21, rad
        265    9.783E-01,  1.061E-02, -2.071E-01         F               0         Blade 1 X orientation angle, node 22, rad
        266    2.071E-01, -9.874E-02,  9.733E-01         F               0         Blade 1 Y orientation angle, node 22, rad
        267   -1.011E-02, -9.951E-01, -9.879E-02         F               0         Blade 1 Z orientation angle, node 22, rad
        268    9.790E-01,  1.029E-02, -2.038E-01         F               0         Blade 1 X orientation angle, node 23, rad
        269    2.038E-01, -9.877E-02,  9.740E-01         F               0         Blade 1 Y orientation angle, node 23, rad
        270   -1.011E-02, -9.951E-01, -9.879E-02         F               0         Blade 1 Z orientation angle, node 23, rad
        271    9.796E-01,  9.976E-03, -2.008E-01         F               0         Blade 1 X orientation angle, node 24, rad
        272    2.008E-01, -9.880E-02,  9.746E-01         F               0         Blade 1 Y orientation angle, node 24, rad
        273   -1.011E-02, -9.951E-01, -9.879E-02         F               0         Blade 1 Z orientation angle, node 24, rad
        274    9.802E-01,  9.683E-03, -1.979E-01         F               0         Blade 1 X orientation angle, node 25, rad
        275    1.979E-01, -9.883E-02,  9.752E-01         F               0         Blade 1 Y orientation angle, node 25, rad
        276   -1.011E-02, -9.951E-01, -9.879E-02         F               0         Blade 1 Z orientation angle, node 25, rad
        277    9.807E-01,  9.424E-03, -1.953E-01         F               0         Blade 1 X orientation angle, node 26, rad
        278    1.953E-01, -9.886E-02,  9.758E-01         F               0         Blade 1 Y orientation angle, node 26, rad
        279   -1.011E-02, -9.951E-01, -9.879E-02         F               0         Blade 1 Z orientation angle, node 26, rad
        280    9.812E-01,  9.165E-03, -1.928E-01         F               0         Blade 1 X orientation angle, node 27, rad
        281    1.927E-01, -9.888E-02,  9.763E-01         F               0         Blade 1 Y orientation angle, node 27, rad
        282   -1.011E-02, -9.951E-01, -9.879E-02         F               0         Blade 1 Z orientation angle, node 27, rad
        283    9.815E-01,  9.027E-03, -1.914E-01         F               0         Blade 1 X orientation angle, node 28, rad
        284    1.913E-01, -9.889E-02,  9.765E-01         F               0         Blade 1 Y orientation angle, node 28, rad
        285   -1.011E-02, -9.951E-01, -9.879E-02         F               0         Blade 1 Z orientation angle, node 28, rad
        286   -7.580E-01                                 F               0         Blade 1 X translation velocity, node 1, m/s
        287    3.804E-01                                 F               0         Blade 1 Y translation velocity, node 1, m/s
        288   -3.822E+00                                 F               0         Blade 1 Z translation velocity, node 1, m/s
        289   -9.398E-01                                 F               0         Blade 1 X translation velocity, node 2, m/s
        290    4.738E-01                                 F               0         Blade 1 Y translation velocity, node 2, m/s
        291   -4.744E+00                                 F               0         Blade 1 Z translation velocity, node 2, m/s
        292   -3.412E+00                                 F               0         Blade 1 X translation velocity, node 3, m/s
        293    1.743E+00                                 F               0         Blade 1 Y translation velocity, node 3, m/s
        294   -1.728E+01                                 F               0         Blade 1 Z translation velocity, node 3, m/s
        295   -3.939E+00                                 F               0         Blade 1 X translation velocity, node 4, m/s
        296    2.014E+00                                 F               0         Blade 1 Y translation velocity, node 4, m/s
        297   -1.995E+01                                 F               0         Blade 1 Z translation velocity, node 4, m/s
        298   -4.466E+00                                 F               0         Blade 1 X translation velocity, node 5, m/s
        299    2.284E+00                                 F               0         Blade 1 Y translation velocity, node 5, m/s
        300   -2.262E+01                                 F               0         Blade 1 Z translation velocity, node 5, m/s
        301   -4.993E+00                                 F               0         Blade 1 X translation velocity, node 6, m/s
        302    2.555E+00                                 F               0         Blade 1 Y translation velocity, node 6, m/s
        303   -2.529E+01                                 F               0         Blade 1 Z translation velocity, node 6, m/s
        304   -5.519E+00                                 F               0         Blade 1 X translation velocity, node 7, m/s
        305    2.825E+00                                 F               0         Blade 1 Y translation velocity, node 7, m/s
        306   -2.796E+01                                 F               0         Blade 1 Z translation velocity, node 7, m/s
        307   -6.046E+00                                 F               0         Blade 1 X translation velocity, node 8, m/s
