
Linearized model: Predictions were generated on 11-Jan-2024 at 12:32:35 using OpenFAST, compiled as a 64-bit application using single precision at commit v3.5.1
 linked with  NWTC Subroutine Library; ElastoDyn; InflowWind; AeroDyn; ServoDyn; HydroDyn; MoorDyn (v2.0.0, 2023-09-18)

Description from the FAST input file: CCT-9 Campign 4 model. Input files to be run with OpenFAST 3.5.0. GitHub branch from Lu Wang (https://github.com/luwang00/openfast/tree/dev) compiled on March 7, 2023.

Simulation information:
   Simulation time:                   507.6750 s
   Rotor Speed:                         0.7075 rad/s
   Azimuth:                             2.6866 rad
   Wind Speed:                          8.0000 m/s
   Number of continuous states:         0
   Number of discrete states:           0
   Number of constraint states:         0
   Number of inputs:                 1746
   Number of outputs:                   4
   Jacobians included in this file?    No

Order of inputs:
     Column   Operating Point                     Rotating Frame? Derivative Order Description
   ---------- ---------------                     --------------- ---------------- -----------
          1    7.273E+00                                 F               0         Tower X translation displacement, node 1, m
          2   -1.236E+00                                 F               0         Tower Y translation displacement, node 1, m
          3   -1.450E-01                                 F               0         Tower Z translation displacement, node 1, m
          4    8.317E+00                                 F               0         Tower X translation displacement, node 2, m
          5   -1.771E+00                                 F               0         Tower Y translation displacement, node 2, m
          6   -2.008E-01                                 F               0         Tower Z translation displacement, node 2, m
          7    9.376E+00                                 F               0         Tower X translation displacement, node 3, m
          8   -2.311E+00                                 F               0         Tower Y translation displacement, node 3, m
          9   -2.582E-01                                 F               0         Tower Z translation displacement, node 3, m
         10    1.045E+01                                 F               0         Tower X translation displacement, node 4, m
         11   -2.855E+00                                 F               0         Tower Y translation displacement, node 4, m
         12   -3.167E-01                                 F               0         Tower Z translation displacement, node 4, m
         13    1.153E+01                                 F               0         Tower X translation displacement, node 5, m
         14   -3.403E+00                                 F               0         Tower Y translation displacement, node 5, m
         15   -3.763E-01                                 F               0         Tower Z translation displacement, node 5, m
         16    1.262E+01                                 F               0         Tower X translation displacement, node 6, m
         17   -3.954E+00                                 F               0         Tower Y translation displacement, node 6, m
         18   -4.366E-01                                 F               0         Tower Z translation displacement, node 6, m
         19    1.371E+01                                 F               0         Tower X translation displacement, node 7, m
         20   -4.506E+00                                 F               0         Tower Y translation displacement, node 7, m
         21   -4.975E-01                                 F               0         Tower Z translation displacement, node 7, m
         22    1.481E+01                                 F               0         Tower X translation displacement, node 8, m
         23   -5.061E+00                                 F               0         Tower Y translation displacement, node 8, m
         24   -5.588E-01                                 F               0         Tower Z translation displacement, node 8, m
         25    1.591E+01                                 F               0         Tower X translation displacement, node 9, m
         26   -5.617E+00                                 F               0         Tower Y translation displacement, node 9, m
         27   -6.204E-01                                 F               0         Tower Z translation displacement, node 9, m
         28    1.701E+01                                 F               0         Tower X translation displacement, node 10, m
         29   -6.175E+00                                 F               0         Tower Y translation displacement, node 10, m
         30   -6.822E-01                                 F               0         Tower Z translation displacement, node 10, m
         31    1.811E+01                                 F               0         Tower X translation displacement, node 11, m
         32   -6.733E+00                                 F               0         Tower Y translation displacement, node 11, m
         33   -7.441E-01                                 F               0         Tower Z translation displacement, node 11, m
         34    9.965E-01,  4.211E-03, -8.386E-02         F               0         Tower X orientation angle, node 1, rad
         35   -5.749E-04,  9.991E-01,  4.334E-02         F               0         Tower Y orientation angle, node 1, rad
         36    8.396E-02, -4.314E-02,  9.955E-01         F               0         Tower Z orientation angle, node 1, rad
         37    9.964E-01,  4.264E-03, -8.507E-02         F               0         Tower X orientation angle, node 2, rad
         38   -5.417E-04,  9.990E-01,  4.373E-02         F               0         Tower Y orientation angle, node 2, rad
         39    8.517E-02, -4.353E-02,  9.954E-01         F               0         Tower Z orientation angle, node 2, rad
         40    9.963E-01,  4.310E-03, -8.611E-02         F               0         Tower X orientation angle, node 3, rad
         41   -5.116E-04,  9.990E-01,  4.408E-02         F               0         Tower Y orientation angle, node 3, rad
         42    8.621E-02, -4.387E-02,  9.953E-01         F               0         Tower Z orientation angle, node 3, rad
         43    9.962E-01,  4.348E-03, -8.697E-02         F               0         Tower X orientation angle, node 4, rad
         44   -4.850E-04,  9.990E-01,  4.439E-02         F               0         Tower Y orientation angle, node 4, rad
         45    8.707E-02, -4.418E-02,  9.952E-01         F               0         Tower Z orientation angle, node 4, rad
         46    9.961E-01,  4.378E-03, -8.765E-02         F               0         Tower X orientation angle, node 5, rad
         47   -4.620E-04,  9.990E-01,  4.465E-02         F               0         Tower Y orientation angle, node 5, rad
         48    8.776E-02, -4.444E-02,  9.952E-01         F               0         Tower Z orientation angle, node 5, rad
         49    9.961E-01,  4.402E-03, -8.817E-02         F               0         Tower X orientation angle, node 6, rad
         50   -4.426E-04,  9.990E-01,  4.487E-02         F               0         Tower Y orientation angle, node 6, rad
         51    8.828E-02, -4.466E-02,  9.951E-01         F               0         Tower Z orientation angle, node 6, rad
         52    9.961E-01,  4.419E-03, -8.854E-02         F               0         Tower X orientation angle, node 7, rad
         53   -4.271E-04,  9.990E-01,  4.505E-02         F               0         Tower Y orientation angle, node 7, rad
         54    8.865E-02, -4.483E-02,  9.951E-01         F               0         Tower Z orientation angle, node 7, rad
         55    9.960E-01,  4.430E-03, -8.880E-02         F               0         Tower X orientation angle, node 8, rad
         56   -4.149E-04,  9.990E-01,  4.518E-02         F               0         Tower Y orientation angle, node 8, rad
         57    8.891E-02, -4.497E-02,  9.950E-01         F               0         Tower Z orientation angle, node 8, rad
         58    9.960E-01,  4.438E-03, -8.896E-02         F               0         Tower X orientation angle, node 9, rad
         59   -4.061E-04,  9.990E-01,  4.528E-02         F               0         Tower Y orientation angle, node 9, rad
         60    8.907E-02, -4.507E-02,  9.950E-01         F               0         Tower Z orientation angle, node 9, rad
         61    9.960E-01,  4.442E-03, -8.905E-02         F               0         Tower X orientation angle, node 10, rad
         62   -4.003E-04,  9.990E-01,  4.535E-02         F               0         Tower Y orientation angle, node 10, rad
         63    8.916E-02, -4.513E-02,  9.950E-01         F               0         Tower Z orientation angle, node 10, rad
         64    9.960E-01,  4.444E-03, -8.909E-02         F               0         Tower X orientation angle, node 11, rad
         65   -3.971E-04,  9.990E-01,  4.539E-02         F               0         Tower Y orientation angle, node 11, rad
         66    8.920E-02, -4.517E-02,  9.950E-01         F               0         Tower Z orientation angle, node 11, rad
         67   -5.166E-03                                 F               0         Tower X translation velocity, node 1, m/s
         68   -2.378E-03                                 F               0         Tower Y translation velocity, node 1, m/s
         69    3.129E-03                                 F               0         Tower Z translation velocity, node 1, m/s
         70   -5.015E-03                                 F               0         Tower X translation velocity, node 2, m/s
         71   -3.677E-03                                 F               0         Tower Y translation velocity, node 2, m/s
         72    3.060E-03                                 F               0         Tower Z translation velocity, node 2, m/s
         73   -4.870E-03                                 F               0         Tower X translation velocity, node 3, m/s
         74   -4.994E-03                                 F               0         Tower Y translation velocity, node 3, m/s
         75    2.989E-03                                 F               0         Tower Z translation velocity, node 3, m/s
         76   -4.731E-03                                 F               0         Tower X translation velocity, node 4, m/s
         77   -6.326E-03                                 F               0         Tower Y translation velocity, node 4, m/s
         78    2.918E-03                                 F               0         Tower Z translation velocity, node 4, m/s
         79   -4.598E-03                                 F               0         Tower X translation velocity, node 5, m/s
         80   -7.671E-03                                 F               0         Tower Y translation velocity, node 5, m/s
         81    2.847E-03                                 F               0         Tower Z translation velocity, node 5, m/s
         82   -4.473E-03                                 F               0         Tower X translation velocity, node 6, m/s
         83   -9.027E-03                                 F               0         Tower Y translation velocity, node 6, m/s
         84    2.775E-03                                 F               0         Tower Z translation velocity, node 6, m/s
         85   -4.353E-03                                 F               0         Tower X translation velocity, node 7, m/s
         86   -1.039E-02                                 F               0         Tower Y translation velocity, node 7, m/s
         87    2.703E-03                                 F               0         Tower Z translation velocity, node 7, m/s
         88   -4.239E-03                                 F               0         Tower X translation velocity, node 8, m/s
         89   -1.176E-02                                 F               0         Tower Y translation velocity, node 8, m/s
         90    2.631E-03                                 F               0         Tower Z translation velocity, node 8, m/s
         91   -4.132E-03                                 F               0         Tower X translation velocity, node 9, m/s
         92   -1.314E-02                                 F               0         Tower Y translation velocity, node 9, m/s
         93    2.559E-03                                 F               0         Tower Z translation velocity, node 9, m/s
         94   -4.028E-03                                 F               0         Tower X translation velocity, node 10, m/s
         95   -1.452E-02                                 F               0         Tower Y translation velocity, node 10, m/s
         96    2.487E-03                                 F               0         Tower Z translation velocity, node 10, m/s
         97   -3.928E-03                                 F               0         Tower X translation velocity, node 11, m/s
         98   -1.590E-02                                 F               0         Tower Y translation velocity, node 11, m/s
         99    2.415E-03                                 F               0         Tower Z translation velocity, node 11, m/s
        100    1.885E+01                                 F               0         Hub X translation displacement, node 1, m
        101   -7.135E+00                                 F               0         Hub Y translation displacement, node 1, m
        102    1.788E-01                                 F               0         Hub Z translation displacement, node 1, m
        103    9.812E-01,  9.141E-03, -1.926E-01         F               0         Hub X orientation angle, node 1, rad
        104    8.510E-02, -9.169E-01,  3.900E-01         F               0         Hub Y orientation angle, node 1, rad
        105   -1.730E-01, -3.991E-01, -9.004E-01         F               0         Hub Z orientation angle, node 1, rad
        106    6.943E-01                                 F               0         Hub X rotation velocity, node 1, rad/s
        107    6.476E-03                                 F               0         Hub Y rotation velocity, node 1, rad/s
        108   -1.363E-01                                 F               0         Hub Z rotation velocity, node 1, rad/s
        109    9.783E-01,  3.634E-02, -2.041E-01         F               0         Blade root 1 X orientation angle, node 1, rad
        110    1.142E-01, -9.162E-01,  3.841E-01         F               0         Blade root 1 Y orientation angle, node 1, rad
        111   -1.730E-01, -3.991E-01, -9.004E-01         F               0         Blade root 1 Z orientation angle, node 1, rad
        112    9.865E-01,  5.790E-03, -1.636E-01         F               0         Blade root 2 X orientation angle, node 1, rad
        113   -1.632E-01,  1.130E-01, -9.801E-01         F               0         Blade root 2 Y orientation angle, node 1, rad
        114    1.282E-02,  9.936E-01,  1.124E-01         F               0         Blade root 2 Z orientation angle, node 1, rad
        115    9.776E-01, -1.472E-02, -2.099E-01         F               0         Blade root 3 X orientation angle, node 1, rad
        116    1.364E-01,  8.040E-01,  5.788E-01         F               0         Blade root 3 Y orientation angle, node 1, rad
        117    1.602E-01, -5.945E-01,  7.880E-01         F               0         Blade root 3 Z orientation angle, node 1, rad
        118    1.731E+01                                 F               0         Blade 1 X translation displacement, node 1, m
        119   -9.346E+00                                 F               0         Blade 1 Y translation displacement, node 1, m
        120   -1.032E+01                                 F               0         Blade 1 Z translation displacement, node 1, m
        121    1.694E+01                                 F               0         Blade 1 X translation displacement, node 2, m
        122   -9.879E+00                                 F               0         Blade 1 Y translation displacement, node 2, m
        123   -1.285E+01                                 F               0         Blade 1 Z translation displacement, node 2, m
        124    1.191E+01                                 F               0         Blade 1 X translation displacement, node 3, m
        125   -1.712E+01                                 F               0         Blade 1 Y translation displacement, node 3, m
        126   -4.725E+01                                 F               0         Blade 1 Z translation displacement, node 3, m
        127    1.083E+01                                 F               0         Blade 1 X translation displacement, node 4, m
        128   -1.867E+01                                 F               0         Blade 1 Y translation displacement, node 4, m
        129   -5.458E+01                                 F               0         Blade 1 Z translation displacement, node 4, m
        130    9.759E+00                                 F               0         Blade 1 X translation displacement, node 5, m
        131   -2.021E+01                                 F               0         Blade 1 Y translation displacement, node 5, m
        132   -6.191E+01                                 F               0         Blade 1 Z translation displacement, node 5, m
        133    8.685E+00                                 F               0         Blade 1 X translation displacement, node 6, m
        134   -2.175E+01                                 F               0         Blade 1 Y translation displacement, node 6, m
        135   -6.923E+01                                 F               0         Blade 1 Z translation displacement, node 6, m
        136    7.612E+00                                 F               0         Blade 1 X translation displacement, node 7, m
        137   -2.330E+01                                 F               0         Blade 1 Y translation displacement, node 7, m
        138   -7.656E+01                                 F               0         Blade 1 Z translation displacement, node 7, m
        139    6.538E+00                                 F               0         Blade 1 X translation displacement, node 8, m
        140   -2.484E+01                                 F               0         Blade 1 Y translation displacement, node 8, m
        141   -8.389E+01                                 F               0         Blade 1 Z translation displacement, node 8, m
        142    5.465E+00                                 F               0         Blade 1 X translation displacement, node 9, m
        143   -2.639E+01                                 F               0         Blade 1 Y translation displacement, node 9, m
        144   -9.122E+01                                 F               0         Blade 1 Z translation displacement, node 9, m
        145    4.391E+00                                 F               0         Blade 1 X translation displacement, node 10, m
        146   -2.793E+01                                 F               0         Blade 1 Y translation displacement, node 10, m
        147   -9.855E+01                                 F               0         Blade 1 Z translation displacement, node 10, m
        148    3.318E+00                                 F               0         Blade 1 X translation displacement, node 11, m
        149   -2.947E+01                                 F               0         Blade 1 Y translation displacement, node 11, m
        150   -1.059E+02                                 F               0         Blade 1 Z translation displacement, node 11, m
        151    2.244E+00                                 F               0         Blade 1 X translation displacement, node 12, m
        152   -3.102E+01                                 F               0         Blade 1 Y translation displacement, node 12, m
        153   -1.132E+02                                 F               0         Blade 1 Z translation displacement, node 12, m
        154    1.171E+00                                 F               0         Blade 1 X translation displacement, node 13, m
        155   -3.256E+01                                 F               0         Blade 1 Y translation displacement, node 13, m
        156   -1.205E+02                                 F               0         Blade 1 Z translation displacement, node 13, m
        157    9.713E-02                                 F               0         Blade 1 X translation displacement, node 14, m
        158   -3.410E+01                                 F               0         Blade 1 Y translation displacement, node 14, m
        159   -1.279E+02                                 F               0         Blade 1 Z translation displacement, node 14, m
        160   -9.765E-01                                 F               0         Blade 1 X translation displacement, node 15, m
        161   -3.565E+01                                 F               0         Blade 1 Y translation displacement, node 15, m
        162   -1.352E+02                                 F               0         Blade 1 Z translation displacement, node 15, m
        163   -2.050E+00                                 F               0         Blade 1 X translation displacement, node 16, m
        164   -3.719E+01                                 F               0         Blade 1 Y translation displacement, node 16, m
        165   -1.425E+02                                 F               0         Blade 1 Z translation displacement, node 16, m
        166   -3.123E+00                                 F               0         Blade 1 X translation displacement, node 17, m
        167   -3.873E+01                                 F               0         Blade 1 Y translation displacement, node 17, m
        168   -1.499E+02                                 F               0         Blade 1 Z translation displacement, node 17, m
        169   -4.197E+00                                 F               0         Blade 1 X translation displacement, node 18, m
        170   -4.028E+01                                 F               0         Blade 1 Y translation displacement, node 18, m
        171   -1.572E+02                                 F               0         Blade 1 Z translation displacement, node 18, m
        172   -5.271E+00                                 F               0         Blade 1 X translation displacement, node 19, m
        173   -4.182E+01                                 F               0         Blade 1 Y translation displacement, node 19, m
        174   -1.645E+02                                 F               0         Blade 1 Z translation displacement, node 19, m
        175   -6.344E+00                                 F               0         Blade 1 X translation displacement, node 20, m
        176   -4.336E+01                                 F               0         Blade 1 Y translation displacement, node 20, m
        177   -1.718E+02                                 F               0         Blade 1 Z translation displacement, node 20, m
        178   -7.417E+00                                 F               0         Blade 1 X translation displacement, node 21, m
        179   -4.491E+01                                 F               0         Blade 1 Y translation displacement, node 21, m
        180   -1.792E+02                                 F               0         Blade 1 Z translation displacement, node 21, m
        181   -8.491E+00                                 F               0         Blade 1 X translation displacement, node 22, m
        182   -4.645E+01                                 F               0         Blade 1 Y translation displacement, node 22, m
        183   -1.865E+02                                 F               0         Blade 1 Z translation displacement, node 22, m
        184   -9.565E+00                                 F               0         Blade 1 X translation displacement, node 23, m
        185   -4.800E+01                                 F               0         Blade 1 Y translation displacement, node 23, m
        186   -1.938E+02                                 F               0         Blade 1 Z translation displacement, node 23, m
        187   -1.064E+01                                 F               0         Blade 1 X translation displacement, node 24, m
        188   -4.954E+01                                 F               0         Blade 1 Y translation displacement, node 24, m
        189   -2.012E+02                                 F               0         Blade 1 Z translation displacement, node 24, m
        190   -1.171E+01                                 F               0         Blade 1 X translation displacement, node 25, m
        191   -5.108E+01                                 F               0         Blade 1 Y translation displacement, node 25, m
        192   -2.085E+02                                 F               0         Blade 1 Z translation displacement, node 25, m
        193   -1.279E+01                                 F               0         Blade 1 X translation displacement, node 26, m
        194   -5.263E+01                                 F               0         Blade 1 Y translation displacement, node 26, m
        195   -2.158E+02                                 F               0         Blade 1 Z translation displacement, node 26, m
        196   -1.386E+01                                 F               0         Blade 1 X translation displacement, node 27, m
        197   -5.417E+01                                 F               0         Blade 1 Y translation displacement, node 27, m
        198   -2.231E+02                                 F               0         Blade 1 Z translation displacement, node 27, m
        199   -1.477E+01                                 F               0         Blade 1 X translation displacement, node 28, m
        200   -5.548E+01                                 F               0         Blade 1 Y translation displacement, node 28, m
        201   -2.294E+02                                 F               0         Blade 1 Z translation displacement, node 28, m
        202    8.186E-01,  4.501E-01, -3.568E-01         F               0         Blade 1 X orientation angle, node 1, rad
        203    5.477E-01, -7.988E-01,  2.488E-01         F               0         Blade 1 Y orientation angle, node 1, rad
        204   -1.730E-01, -3.991E-01, -9.004E-01         F               0         Blade 1 Z orientation angle, node 1, rad
        205    8.186E-01,  4.501E-01, -3.568E-01         F               0         Blade 1 X orientation angle, node 2, rad
        206    5.477E-01, -7.988E-01,  2.488E-01         F               0         Blade 1 Y orientation angle, node 2, rad
        207   -1.730E-01, -3.991E-01, -9.004E-01         F               0         Blade 1 Z orientation angle, node 2, rad
        208    9.251E-01,  2.480E-01, -2.877E-01         F               0         Blade 1 X orientation angle, node 3, rad
        209    3.381E-01, -8.827E-01,  3.263E-01         F               0         Blade 1 Y orientation angle, node 3, rad
        210   -1.730E-01, -3.991E-01, -9.004E-01         F               0         Blade 1 Z orientation angle, node 3, rad
        211    9.385E-01,  2.105E-01, -2.736E-01         F               0         Blade 1 X orientation angle, node 4, rad
        212    2.987E-01, -8.924E-01,  3.381E-01         F               0         Blade 1 Y orientation angle, node 4, rad
        213   -1.730E-01, -3.991E-01, -9.004E-01         F               0         Blade 1 Z orientation angle, node 4, rad
        214    9.479E-01,  1.808E-01, -2.623E-01         F               0         Blade 1 X orientation angle, node 5, rad
        215    2.675E-01, -8.989E-01,  3.470E-01         F               0         Blade 1 Y orientation angle, node 5, rad
        216   -1.730E-01, -3.991E-01, -9.004E-01         F               0         Blade 1 Z orientation angle, node 5, rad
        217    9.547E-01,  1.569E-01, -2.530E-01         F               0         Blade 1 X orientation angle, node 6, rad
        218    2.422E-01, -9.034E-01,  3.539E-01         F               0         Blade 1 Y orientation angle, node 6, rad
        219   -1.730E-01, -3.991E-01, -9.004E-01         F               0         Blade 1 Z orientation angle, node 6, rad
        220    9.597E-01,  1.371E-01, -2.452E-01         F               0         Blade 1 X orientation angle, node 7, rad
        221    2.213E-01, -9.066E-01,  3.593E-01         F               0         Blade 1 Y orientation angle, node 7, rad
        222   -1.730E-01, -3.991E-01, -9.004E-01         F               0         Blade 1 Z orientation angle, node 7, rad
        223    9.636E-01,  1.207E-01, -2.386E-01         F               0         Blade 1 X orientation angle, node 8, rad
        224    2.039E-01, -9.089E-01,  3.637E-01         F               0         Blade 1 Y orientation angle, node 8, rad
        225   -1.730E-01, -3.991E-01, -9.004E-01         F               0         Blade 1 Z orientation angle, node 8, rad
        226    9.666E-01,  1.067E-01, -2.330E-01         F               0         Blade 1 X orientation angle, node 9, rad
        227    1.891E-01, -9.107E-01,  3.673E-01         F               0         Blade 1 Y orientation angle, node 9, rad
        228   -1.730E-01, -3.991E-01, -9.004E-01         F               0         Blade 1 Z orientation angle, node 9, rad
        229    9.690E-01,  9.459E-02, -2.281E-01         F               0         Blade 1 X orientation angle, node 10, rad
        230    1.762E-01, -9.120E-01,  3.704E-01         F               0         Blade 1 Y orientation angle, node 10, rad
        231   -1.730E-01, -3.991E-01, -9.004E-01         F               0         Blade 1 Z orientation angle, node 10, rad
        232    9.710E-01,  8.424E-02, -2.239E-01         F               0         Blade 1 X orientation angle, node 11, rad
        233    1.652E-01, -9.130E-01,  3.729E-01         F               0         Blade 1 Y orientation angle, node 11, rad
        234   -1.730E-01, -3.991E-01, -9.004E-01         F               0         Blade 1 Z orientation angle, node 11, rad
        235    9.726E-01,  7.515E-02, -2.202E-01         F               0         Blade 1 X orientation angle, node 12, rad
        236    1.555E-01, -9.138E-01,  3.751E-01         F               0         Blade 1 Y orientation angle, node 12, rad
        237   -1.730E-01, -3.991E-01, -9.004E-01         F               0         Blade 1 Z orientation angle, node 12, rad
        238    9.739E-01,  6.717E-02, -2.169E-01         F               0         Blade 1 X orientation angle, node 13, rad
        239    1.471E-01, -9.144E-01,  3.770E-01         F               0         Blade 1 Y orientation angle, node 13, rad
        240   -1.730E-01, -3.991E-01, -9.004E-01         F               0         Blade 1 Z orientation angle, node 13, rad
        241    9.750E-01,  5.999E-02, -2.139E-01         F               0         Blade 1 X orientation angle, node 14, rad
        242    1.394E-01, -9.149E-01,  3.787E-01         F               0         Blade 1 Y orientation angle, node 14, rad
        243   -1.730E-01, -3.991E-01, -9.004E-01         F               0         Blade 1 Z orientation angle, node 14, rad
        244    9.760E-01,  5.360E-02, -2.113E-01         F               0         Blade 1 X orientation angle, node 15, rad
        245    1.326E-01, -9.153E-01,  3.802E-01         F               0         Blade 1 Y orientation angle, node 15, rad
        246   -1.730E-01, -3.991E-01, -9.004E-01         F               0         Blade 1 Z orientation angle, node 15, rad
        247    9.768E-01,  4.785E-02, -2.089E-01         F               0         Blade 1 X orientation angle, node 16, rad
        248    1.265E-01, -9.157E-01,  3.815E-01         F               0         Blade 1 Y orientation angle, node 16, rad
        249   -1.730E-01, -3.991E-01, -9.004E-01         F               0         Blade 1 Z orientation angle, node 16, rad
        250    9.775E-01,  4.273E-02, -2.068E-01         F               0         Blade 1 X orientation angle, node 17, rad
        251    1.210E-01, -9.159E-01,  3.827E-01         F               0         Blade 1 Y orientation angle, node 17, rad
        252   -1.730E-01, -3.991E-01, -9.004E-01         F               0         Blade 1 Z orientation angle, node 17, rad
        253    9.781E-01,  3.794E-02, -2.048E-01         F               0         Blade 1 X orientation angle, node 18, rad
        254    1.159E-01, -9.161E-01,  3.838E-01         F               0         Blade 1 Y orientation angle, node 18, rad
        255   -1.730E-01, -3.991E-01, -9.004E-01         F               0         Blade 1 Z orientation angle, node 18, rad
        256    9.786E-01,  3.362E-02, -2.030E-01         F               0         Blade 1 X orientation angle, node 19, rad
        257    1.113E-01, -9.163E-01,  3.847E-01         F               0         Blade 1 Y orientation angle, node 19, rad
        258   -1.730E-01, -3.991E-01, -9.004E-01         F               0         Blade 1 Z orientation angle, node 19, rad
        259    9.791E-01,  2.978E-02, -2.013E-01         F               0         Blade 1 X orientation angle, node 20, rad
        260    1.072E-01, -9.164E-01,  3.856E-01         F               0         Blade 1 Y orientation angle, node 20, rad
        261   -1.730E-01, -3.991E-01, -9.004E-01         F               0         Blade 1 Z orientation angle, node 20, rad
        262    9.795E-01,  2.610E-02, -1.998E-01         F               0         Blade 1 X orientation angle, node 21, rad
        263    1.032E-01, -9.165E-01,  3.864E-01         F               0         Blade 1 Y orientation angle, node 21, rad
        264   -1.730E-01, -3.991E-01, -9.004E-01         F               0         Blade 1 Z orientation angle, node 21, rad
        265    9.799E-01,  2.274E-02, -1.984E-01         F               0         Blade 1 X orientation angle, node 22, rad
        266    9.965E-02, -9.166E-01,  3.871E-01         F               0         Blade 1 Y orientation angle, node 22, rad
        267   -1.730E-01, -3.991E-01, -9.004E-01         F               0         Blade 1 Z orientation angle, node 22, rad
        268    9.802E-01,  1.970E-02, -1.971E-01         F               0         Blade 1 X orientation angle, node 23, rad
        269    9.640E-02, -9.167E-01,  3.878E-01         F               0         Blade 1 Y orientation angle, node 23, rad
        270   -1.730E-01, -3.991E-01, -9.004E-01         F               0         Blade 1 Z orientation angle, node 23, rad
        271    9.805E-01,  1.682E-02, -1.959E-01         F               0         Blade 1 X orientation angle, node 24, rad
        272    9.332E-02, -9.168E-01,  3.884E-01         F               0         Blade 1 Y orientation angle, node 24, rad
        273   -1.730E-01, -3.991E-01, -9.004E-01         F               0         Blade 1 Z orientation angle, node 24, rad
        274    9.808E-01,  1.410E-02, -1.947E-01         F               0         Blade 1 X orientation angle, node 25, rad
        275    9.041E-02, -9.168E-01,  3.890E-01         F               0         Blade 1 Y orientation angle, node 25, rad
        276   -1.730E-01, -3.991E-01, -9.004E-01         F               0         Blade 1 Z orientation angle, node 25, rad
        277    9.810E-01,  1.170E-02, -1.937E-01         F               0         Blade 1 X orientation angle, node 26, rad
        278    8.784E-02, -9.168E-01,  3.895E-01         F               0         Blade 1 Y orientation angle, node 26, rad
        279   -1.730E-01, -3.991E-01, -9.004E-01         F               0         Blade 1 Z orientation angle, node 26, rad
        280    9.812E-01,  9.301E-03, -1.927E-01         F               0         Blade 1 X orientation angle, node 27, rad
        281    8.527E-02, -9.169E-01,  3.900E-01         F               0         Blade 1 Y orientation angle, node 27, rad
        282   -1.730E-01, -3.991E-01, -9.004E-01         F               0         Blade 1 Z orientation angle, node 27, rad
        283    9.813E-01,  8.021E-03, -1.921E-01         F               0         Blade 1 X orientation angle, node 28, rad
        284    8.390E-02, -9.169E-01,  3.903E-01         F               0         Blade 1 Y orientation angle, node 28, rad
        285   -1.730E-01, -3.991E-01, -9.004E-01         F               0         Blade 1 Z orientation angle, node 28, rad
        286   -3.375E-01                                 F               0         Blade 1 X translation velocity, node 1, m/s
        287    3.578E+00                                 F               0         Blade 1 Y translation velocity, node 1, m/s
        288   -1.526E+00                                 F               0         Blade 1 Z translation velocity, node 1, m/s
        289   -4.179E-01                                 F               0         Blade 1 X translation velocity, node 2, m/s
        290    4.444E+00                                 F               0         Blade 1 Y translation velocity, node 2, m/s
        291   -1.895E+00                                 F               0         Blade 1 Z translation velocity, node 2, m/s
        292   -1.511E+00                                 F               0         Blade 1 X translation velocity, node 3, m/s
        293    1.622E+01                                 F               0         Blade 1 Y translation velocity, node 3, m/s
        294   -6.905E+00                                 F               0         Blade 1 Z translation velocity, node 3, m/s
        295   -1.744E+00                                 F               0         Blade 1 X translation velocity, node 4, m/s
        296    1.873E+01                                 F               0         Blade 1 Y translation velocity, node 4, m/s
        297   -7.972E+00                                 F               0         Blade 1 Z translation velocity, node 4, m/s
        298   -1.977E+00                                 F               0         Blade 1 X translation velocity, node 5, m/s
        299    2.124E+01                                 F               0         Blade 1 Y translation velocity, node 5, m/s
        300   -9.040E+00                                 F               0         Blade 1 Z translation velocity, node 5, m/s
        301   -2.210E+00                                 F               0         Blade 1 X translation velocity, node 6, m/s
        302    2.375E+01                                 F               0         Blade 1 Y translation velocity, node 6, m/s
        303   -1.011E+01                                 F               0         Blade 1 Z translation velocity, node 6, m/s
        304   -2.443E+00                                 F               0         Blade 1 X translation velocity, node 7, m/s
        305    2.626E+01                                 F               0         Blade 1 Y translation velocity, node 7, m/s
        306   -1.117E+01                                 F               0         Blade 1 Z translation velocity, node 7, m/s
        307   -2.676E+00                                 F               0         Blade 1 X translation velocity, node 8, m/s
