
Linearized model: Predictions were generated on 11-Jan-2024 at 12:32:35 using OpenFAST, compiled as a 64-bit application using single precision at commit v3.5.1
 linked with  NWTC Subroutine Library; ElastoDyn; InflowWind; AeroDyn; ServoDyn; HydroDyn; MoorDyn (v2.0.0, 2023-09-18)

Description from the FAST input file: CCT-9 Campign 4 model. Input files to be run with OpenFAST 3.5.0. GitHub branch from Lu Wang (https://github.com/luwang00/openfast/tree/dev) compiled on March 7, 2023.

Simulation information:
   Simulation time:                   508.4000 s
   Rotor Speed:                         0.7076 rad/s
   Azimuth:                             3.1995 rad
   Wind Speed:                          8.0000 m/s
   Number of continuous states:         0
   Number of discrete states:           0
   Number of constraint states:         0
   Number of inputs:                 1746
   Number of outputs:                   4
   Jacobians included in this file?    No

Order of inputs:
     Column   Operating Point                     Rotating Frame? Derivative Order Description
   ---------- ---------------                     --------------- ---------------- -----------
          1    7.269E+00                                 F               0         Tower X translation displacement, node 1, m
          2   -1.238E+00                                 F               0         Tower Y translation displacement, node 1, m
          3   -1.431E-01                                 F               0         Tower Z translation displacement, node 1, m
          4    8.313E+00                                 F               0         Tower X translation displacement, node 2, m
          5   -1.774E+00                                 F               0         Tower Y translation displacement, node 2, m
          6   -1.989E-01                                 F               0         Tower Z translation displacement, node 2, m
          7    9.373E+00                                 F               0         Tower X translation displacement, node 3, m
          8   -2.315E+00                                 F               0         Tower Y translation displacement, node 3, m
          9   -2.563E-01                                 F               0         Tower Z translation displacement, node 3, m
         10    1.044E+01                                 F               0         Tower X translation displacement, node 4, m
         11   -2.861E+00                                 F               0         Tower Y translation displacement, node 4, m
         12   -3.149E-01                                 F               0         Tower Z translation displacement, node 4, m
         13    1.152E+01                                 F               0         Tower X translation displacement, node 5, m
         14   -3.409E+00                                 F               0         Tower Y translation displacement, node 5, m
         15   -3.745E-01                                 F               0         Tower Z translation displacement, node 5, m
         16    1.261E+01                                 F               0         Tower X translation displacement, node 6, m
         17   -3.961E+00                                 F               0         Tower Y translation displacement, node 6, m
         18   -4.349E-01                                 F               0         Tower Z translation displacement, node 6, m
         19    1.371E+01                                 F               0         Tower X translation displacement, node 7, m
         20   -4.515E+00                                 F               0         Tower Y translation displacement, node 7, m
         21   -4.958E-01                                 F               0         Tower Z translation displacement, node 7, m
         22    1.480E+01                                 F               0         Tower X translation displacement, node 8, m
         23   -5.071E+00                                 F               0         Tower Y translation displacement, node 8, m
         24   -5.572E-01                                 F               0         Tower Z translation displacement, node 8, m
         25    1.590E+01                                 F               0         Tower X translation displacement, node 9, m
         26   -5.628E+00                                 F               0         Tower Y translation displacement, node 9, m
         27   -6.189E-01                                 F               0         Tower Z translation displacement, node 9, m
         28    1.700E+01                                 F               0         Tower X translation displacement, node 10, m
         29   -6.187E+00                                 F               0         Tower Y translation displacement, node 10, m
         30   -6.807E-01                                 F               0         Tower Z translation displacement, node 10, m
         31    1.811E+01                                 F               0         Tower X translation displacement, node 11, m
         32   -6.746E+00                                 F               0         Tower Y translation displacement, node 11, m
         33   -7.427E-01                                 F               0         Tower Z translation displacement, node 11, m
         34    9.965E-01,  4.202E-03, -8.387E-02         F               0         Tower X orientation angle, node 1, rad
         35   -5.584E-04,  9.991E-01,  4.343E-02         F               0         Tower Y orientation angle, node 1, rad
         36    8.397E-02, -4.323E-02,  9.955E-01         F               0         Tower Z orientation angle, node 1, rad
         37    9.964E-01,  4.255E-03, -8.507E-02         F               0         Tower X orientation angle, node 2, rad
         38   -5.252E-04,  9.990E-01,  4.382E-02         F               0         Tower Y orientation angle, node 2, rad
         39    8.518E-02, -4.361E-02,  9.954E-01         F               0         Tower Z orientation angle, node 2, rad
         40    9.963E-01,  4.301E-03, -8.612E-02         F               0         Tower X orientation angle, node 3, rad
         41   -4.950E-04,  9.990E-01,  4.417E-02         F               0         Tower Y orientation angle, node 3, rad
         42    8.622E-02, -4.396E-02,  9.953E-01         F               0         Tower Z orientation angle, node 3, rad
         43    9.962E-01,  4.339E-03, -8.697E-02         F               0         Tower X orientation angle, node 4, rad
         44   -4.683E-04,  9.990E-01,  4.448E-02         F               0         Tower Y orientation angle, node 4, rad
         45    8.708E-02, -4.427E-02,  9.952E-01         F               0         Tower Z orientation angle, node 4, rad
         46    9.961E-01,  4.369E-03, -8.766E-02         F               0         Tower X orientation angle, node 5, rad
         47   -4.452E-04,  9.990E-01,  4.474E-02         F               0         Tower Y orientation angle, node 5, rad
         48    8.776E-02, -4.453E-02,  9.951E-01         F               0         Tower Z orientation angle, node 5, rad
         49    9.961E-01,  4.393E-03, -8.818E-02         F               0         Tower X orientation angle, node 6, rad
         50   -4.258E-04,  9.990E-01,  4.496E-02         F               0         Tower Y orientation angle, node 6, rad
         51    8.829E-02, -4.475E-02,  9.951E-01         F               0         Tower Z orientation angle, node 6, rad
         52    9.961E-01,  4.410E-03, -8.855E-02         F               0         Tower X orientation angle, node 7, rad
         53   -4.102E-04,  9.990E-01,  4.514E-02         F               0         Tower Y orientation angle, node 7, rad
         54    8.866E-02, -4.492E-02,  9.950E-01         F               0         Tower Z orientation angle, node 7, rad
         55    9.960E-01,  4.422E-03, -8.881E-02         F               0         Tower X orientation angle, node 8, rad
         56   -3.981E-04,  9.990E-01,  4.527E-02         F               0         Tower Y orientation angle, node 8, rad
         57    8.892E-02, -4.506E-02,  9.950E-01         F               0         Tower Z orientation angle, node 8, rad
         58    9.960E-01,  4.429E-03, -8.897E-02         F               0         Tower X orientation angle, node 9, rad
         59   -3.892E-04,  9.990E-01,  4.537E-02         F               0         Tower Y orientation angle, node 9, rad
         60    8.908E-02, -4.516E-02,  9.950E-01         F               0         Tower Z orientation angle, node 9, rad
         61    9.960E-01,  4.433E-03, -8.906E-02         F               0         Tower X orientation angle, node 10, rad
         62   -3.834E-04,  9.990E-01,  4.544E-02         F               0         Tower Y orientation angle, node 10, rad
         63    8.917E-02, -4.522E-02,  9.950E-01         F               0         Tower Z orientation angle, node 10, rad
         64    9.960E-01,  4.435E-03, -8.910E-02         F               0         Tower X orientation angle, node 11, rad
         65   -3.802E-04,  9.990E-01,  4.547E-02         F               0         Tower Y orientation angle, node 11, rad
         66    8.921E-02, -4.526E-02,  9.950E-01         F               0         Tower Z orientation angle, node 11, rad
         67   -5.395E-03                                 F               0         Tower X translation velocity, node 1, m/s
         68   -3.290E-03                                 F               0         Tower Y translation velocity, node 1, m/s
         69    2.243E-03                                 F               0         Tower Z translation velocity, node 1, m/s
         70   -5.314E-03                                 F               0         Tower X translation velocity, node 2, m/s
         71   -4.911E-03                                 F               0         Tower Y translation velocity, node 2, m/s
         72    2.166E-03                                 F               0         Tower Z translation velocity, node 2, m/s
         73   -5.220E-03                                 F               0         Tower X translation velocity, node 3, m/s
         74   -6.551E-03                                 F               0         Tower Y translation velocity, node 3, m/s
         75    2.086E-03                                 F               0         Tower Z translation velocity, node 3, m/s
         76   -5.116E-03                                 F               0         Tower X translation velocity, node 4, m/s
         77   -8.205E-03                                 F               0         Tower Y translation velocity, node 4, m/s
         78    2.003E-03                                 F               0         Tower Z translation velocity, node 4, m/s
         79   -5.003E-03                                 F               0         Tower X translation velocity, node 5, m/s
         80   -9.872E-03                                 F               0         Tower Y translation velocity, node 5, m/s
         81    1.919E-03                                 F               0         Tower Z translation velocity, node 5, m/s
         82   -4.882E-03                                 F               0         Tower X translation velocity, node 6, m/s
         83   -1.155E-02                                 F               0         Tower Y translation velocity, node 6, m/s
         84    1.833E-03                                 F               0         Tower Z translation velocity, node 6, m/s
         85   -4.754E-03                                 F               0         Tower X translation velocity, node 7, m/s
         86   -1.323E-02                                 F               0         Tower Y translation velocity, node 7, m/s
         87    1.746E-03                                 F               0         Tower Z translation velocity, node 7, m/s
         88   -4.619E-03                                 F               0         Tower X translation velocity, node 8, m/s
         89   -1.492E-02                                 F               0         Tower Y translation velocity, node 8, m/s
         90    1.657E-03                                 F               0         Tower Z translation velocity, node 8, m/s
         91   -4.479E-03                                 F               0         Tower X translation velocity, node 9, m/s
         92   -1.662E-02                                 F               0         Tower Y translation velocity, node 9, m/s
         93    1.568E-03                                 F               0         Tower Z translation velocity, node 9, m/s
         94   -4.335E-03                                 F               0         Tower X translation velocity, node 10, m/s
         95   -1.832E-02                                 F               0         Tower Y translation velocity, node 10, m/s
         96    1.478E-03                                 F               0         Tower Z translation velocity, node 10, m/s
         97   -4.189E-03                                 F               0         Tower X translation velocity, node 11, m/s
         98   -2.002E-02                                 F               0         Tower Y translation velocity, node 11, m/s
         99    1.387E-03                                 F               0         Tower Z translation velocity, node 11, m/s
        100    1.885E+01                                 F               0         Hub X translation displacement, node 1, m
        101   -7.149E+00                                 F               0         Hub Y translation displacement, node 1, m
        102    1.802E-01                                 F               0         Hub Z translation displacement, node 1, m
        103    9.812E-01,  9.142E-03, -1.926E-01         F               0         Hub X orientation angle, node 1, rad
        104   -1.079E-02, -9.947E-01, -1.022E-01         F               0         Hub Y orientation angle, node 1, rad
        105   -1.925E-01,  1.023E-01, -9.759E-01         F               0         Hub Z orientation angle, node 1, rad
        106    6.945E-01                                 F               0         Hub X rotation velocity, node 1, rad/s
        107    6.481E-03                                 F               0         Hub Y rotation velocity, node 1, rad/s
        108   -1.363E-01                                 F               0         Hub Z rotation velocity, node 1, rad/s
        109    9.811E-01,  3.865E-02, -1.895E-01         F               0         Blade root 1 X orientation angle, node 1, rad
        110    1.833E-02, -9.940E-01, -1.078E-01         F               0         Blade root 1 Y orientation angle, node 1, rad
        111   -1.925E-01,  1.023E-01, -9.759E-01         F               0         Blade root 1 Z orientation angle, node 1, rad
        112    9.856E-01, -8.246E-03, -1.690E-01         F               0         Blade root 2 X orientation angle, node 1, rad
        113   -1.322E-01,  5.860E-01, -7.995E-01         F               0         Blade root 2 Y orientation angle, node 1, rad
        114    1.056E-01,  8.103E-01,  5.765E-01         F               0         Blade root 2 Z orientation angle, node 1, rad
        115    9.757E-01, -2.988E-03, -2.191E-01         F               0         Blade root 3 X orientation angle, node 1, rad
        116    2.012E-01,  4.088E-01,  8.902E-01         F               0         Blade root 3 Y orientation angle, node 1, rad
        117    8.692E-02, -9.126E-01,  3.995E-01         F               0         Blade root 3 Z orientation angle, node 1, rad
        118    1.720E+01                                 F               0         Blade 1 X translation displacement, node 1, m
        119   -6.582E+00                                 F               0         Blade 1 Y translation displacement, node 1, m
        120   -1.074E+01                                 F               0         Blade 1 Z translation displacement, node 1, m
        121    1.681E+01                                 F               0         Blade 1 X translation displacement, node 2, m
        122   -6.445E+00                                 F               0         Blade 1 Y translation displacement, node 2, m
        123   -1.337E+01                                 F               0         Blade 1 Z translation displacement, node 2, m
        124    1.141E+01                                 F               0         Blade 1 X translation displacement, node 3, m
        125   -4.588E+00                                 F               0         Blade 1 Y translation displacement, node 3, m
        126   -4.914E+01                                 F               0         Blade 1 Z translation displacement, node 3, m
        127    1.027E+01                                 F               0         Blade 1 X translation displacement, node 4, m
        128   -4.192E+00                                 F               0         Blade 1 Y translation displacement, node 4, m
        129   -5.676E+01                                 F               0         Blade 1 Z translation displacement, node 4, m
        130    9.117E+00                                 F               0         Blade 1 X translation displacement, node 5, m
        131   -3.796E+00                                 F               0         Blade 1 Y translation displacement, node 5, m
        132   -6.438E+01                                 F               0         Blade 1 Z translation displacement, node 5, m
        133    7.968E+00                                 F               0         Blade 1 X translation displacement, node 6, m
        134   -3.400E+00                                 F               0         Blade 1 Y translation displacement, node 6, m
        135   -7.200E+01                                 F               0         Blade 1 Z translation displacement, node 6, m
        136    6.819E+00                                 F               0         Blade 1 X translation displacement, node 7, m
        137   -3.005E+00                                 F               0         Blade 1 Y translation displacement, node 7, m
        138   -7.962E+01                                 F               0         Blade 1 Z translation displacement, node 7, m
        139    5.670E+00                                 F               0         Blade 1 X translation displacement, node 8, m
        140   -2.609E+00                                 F               0         Blade 1 Y translation displacement, node 8, m
        141   -8.724E+01                                 F               0         Blade 1 Z translation displacement, node 8, m
        142    4.521E+00                                 F               0         Blade 1 X translation displacement, node 9, m
        143   -2.213E+00                                 F               0         Blade 1 Y translation displacement, node 9, m
        144   -9.486E+01                                 F               0         Blade 1 Z translation displacement, node 9, m
        145    3.372E+00                                 F               0         Blade 1 X translation displacement, node 10, m
        146   -1.817E+00                                 F               0         Blade 1 Y translation displacement, node 10, m
        147   -1.025E+02                                 F               0         Blade 1 Z translation displacement, node 10, m
        148    2.223E+00                                 F               0         Blade 1 X translation displacement, node 11, m
        149   -1.422E+00                                 F               0         Blade 1 Y translation displacement, node 11, m
        150   -1.101E+02                                 F               0         Blade 1 Z translation displacement, node 11, m
        151    1.074E+00                                 F               0         Blade 1 X translation displacement, node 12, m
        152   -1.026E+00                                 F               0         Blade 1 Y translation displacement, node 12, m
        153   -1.177E+02                                 F               0         Blade 1 Z translation displacement, node 12, m
        154   -7.452E-02                                 F               0         Blade 1 X translation displacement, node 13, m
        155   -6.299E-01                                 F               0         Blade 1 Y translation displacement, node 13, m
        156   -1.253E+02                                 F               0         Blade 1 Z translation displacement, node 13, m
        157   -1.223E+00                                 F               0         Blade 1 X translation displacement, node 14, m
        158   -2.341E-01                                 F               0         Blade 1 Y translation displacement, node 14, m
        159   -1.330E+02                                 F               0         Blade 1 Z translation displacement, node 14, m
        160   -2.372E+00                                 F               0         Blade 1 X translation displacement, node 15, m
        161    1.617E-01                                 F               0         Blade 1 Y translation displacement, node 15, m
        162   -1.406E+02                                 F               0         Blade 1 Z translation displacement, node 15, m
        163   -3.521E+00                                 F               0         Blade 1 X translation displacement, node 16, m
        164    5.575E-01                                 F               0         Blade 1 Y translation displacement, node 16, m
        165   -1.482E+02                                 F               0         Blade 1 Z translation displacement, node 16, m
        166   -4.670E+00                                 F               0         Blade 1 X translation displacement, node 17, m
        167    9.532E-01                                 F               0         Blade 1 Y translation displacement, node 17, m
        168   -1.558E+02                                 F               0         Blade 1 Z translation displacement, node 17, m
        169   -5.819E+00                                 F               0         Blade 1 X translation displacement, node 18, m
        170    1.349E+00                                 F               0         Blade 1 Y translation displacement, node 18, m
        171   -1.635E+02                                 F               0         Blade 1 Z translation displacement, node 18, m
        172   -6.968E+00                                 F               0         Blade 1 X translation displacement, node 19, m
        173    1.745E+00                                 F               0         Blade 1 Y translation displacement, node 19, m
        174   -1.711E+02                                 F               0         Blade 1 Z translation displacement, node 19, m
        175   -8.117E+00                                 F               0         Blade 1 X translation displacement, node 20, m
        176    2.141E+00                                 F               0         Blade 1 Y translation displacement, node 20, m
        177   -1.787E+02                                 F               0         Blade 1 Z translation displacement, node 20, m
        178   -9.266E+00                                 F               0         Blade 1 X translation displacement, node 21, m
        179    2.536E+00                                 F               0         Blade 1 Y translation displacement, node 21, m
        180   -1.863E+02                                 F               0         Blade 1 Z translation displacement, node 21, m
        181   -1.041E+01                                 F               0         Blade 1 X translation displacement, node 22, m
        182    2.932E+00                                 F               0         Blade 1 Y translation displacement, node 22, m
        183   -1.939E+02                                 F               0         Blade 1 Z translation displacement, node 22, m
        184   -1.156E+01                                 F               0         Blade 1 X translation displacement, node 23, m
        185    3.328E+00                                 F               0         Blade 1 Y translation displacement, node 23, m
        186   -2.016E+02                                 F               0         Blade 1 Z translation displacement, node 23, m
        187   -1.271E+01                                 F               0         Blade 1 X translation displacement, node 24, m
        188    3.724E+00                                 F               0         Blade 1 Y translation displacement, node 24, m
        189   -2.092E+02                                 F               0         Blade 1 Z translation displacement, node 24, m
        190   -1.386E+01                                 F               0         Blade 1 X translation displacement, node 25, m
        191    4.120E+00                                 F               0         Blade 1 Y translation displacement, node 25, m
        192   -2.168E+02                                 F               0         Blade 1 Z translation displacement, node 25, m
        193   -1.501E+01                                 F               0         Blade 1 X translation displacement, node 26, m
        194    4.515E+00                                 F               0         Blade 1 Y translation displacement, node 26, m
        195   -2.244E+02                                 F               0         Blade 1 Z translation displacement, node 26, m
        196   -1.616E+01                                 F               0         Blade 1 X translation displacement, node 27, m
        197    4.911E+00                                 F               0         Blade 1 Y translation displacement, node 27, m
        198   -2.320E+02                                 F               0         Blade 1 Z translation displacement, node 27, m
        199   -1.713E+01                                 F               0         Blade 1 X translation displacement, node 28, m
        200    5.247E+00                                 F               0         Blade 1 Y translation displacement, node 28, m
        201   -2.385E+02                                 F               0         Blade 1 Z translation displacement, node 28, m
        202    8.648E-01,  4.877E-01, -1.195E-01         F               0         Blade 1 X orientation angle, node 1, rad
        203    4.637E-01, -8.670E-01, -1.824E-01         F               0         Blade 1 Y orientation angle, node 1, rad
        204   -1.925E-01,  1.023E-01, -9.759E-01         F               0         Blade 1 Z orientation angle, node 1, rad
        205    8.648E-01,  4.877E-01, -1.195E-01         F               0         Blade 1 X orientation angle, node 2, rad
        206    4.637E-01, -8.670E-01, -1.824E-01         F               0         Blade 1 Y orientation angle, node 2, rad
        207   -1.925E-01,  1.023E-01, -9.759E-01         F               0         Blade 1 Z orientation angle, node 2, rad
        208    9.501E-01,  2.683E-01, -1.593E-01         F               0         Blade 1 X orientation angle, node 3, rad
        209    2.455E-01, -9.579E-01, -1.489E-01         F               0         Blade 1 Y orientation angle, node 3, rad
        210   -1.925E-01,  1.023E-01, -9.759E-01         F               0         Blade 1 Z orientation angle, node 3, rad
        211    9.596E-01,  2.276E-01, -1.654E-01         F               0         Blade 1 X orientation angle, node 4, rad
        212    2.052E-01, -9.684E-01, -1.420E-01         F               0         Blade 1 Y orientation angle, node 4, rad
        213   -1.925E-01,  1.023E-01, -9.759E-01         F               0         Blade 1 Z orientation angle, node 4, rad
        214    9.659E-01,  1.954E-01, -1.701E-01         F               0         Blade 1 X orientation angle, node 5, rad
        215    1.733E-01, -9.754E-01, -1.365E-01         F               0         Blade 1 Y orientation angle, node 5, rad
        216   -1.925E-01,  1.023E-01, -9.759E-01         F               0         Blade 1 Z orientation angle, node 5, rad
        217    9.701E-01,  1.694E-01, -1.736E-01         F               0         Blade 1 X orientation angle, node 6, rad
        218    1.476E-01, -9.802E-01, -1.319E-01         F               0         Blade 1 Y orientation angle, node 6, rad
        219   -1.925E-01,  1.023E-01, -9.759E-01         F               0         Blade 1 Z orientation angle, node 6, rad
        220    9.731E-01,  1.480E-01, -1.765E-01         F               0         Blade 1 X orientation angle, node 7, rad
        221    1.264E-01, -9.837E-01, -1.281E-01         F               0         Blade 1 Y orientation angle, node 7, rad
        222   -1.925E-01,  1.023E-01, -9.759E-01         F               0         Blade 1 Z orientation angle, node 7, rad
        223    9.753E-01,  1.301E-01, -1.787E-01         F               0         Blade 1 X orientation angle, node 8, rad
        224    1.087E-01, -9.862E-01, -1.249E-01         F               0         Blade 1 Y orientation angle, node 8, rad
        225   -1.925E-01,  1.023E-01, -9.759E-01         F               0         Blade 1 Z orientation angle, node 8, rad
        226    9.768E-01,  1.150E-01, -1.806E-01         F               0         Blade 1 X orientation angle, node 9, rad
        227    9.371E-02, -9.881E-01, -1.221E-01         F               0         Blade 1 Y orientation angle, node 9, rad
        228   -1.925E-01,  1.023E-01, -9.759E-01         F               0         Blade 1 Z orientation angle, node 9, rad
        229    9.780E-01,  1.018E-01, -1.822E-01         F               0         Blade 1 X orientation angle, node 10, rad
        230    8.075E-02, -9.895E-01, -1.197E-01         F               0         Blade 1 Y orientation angle, node 10, rad
        231   -1.925E-01,  1.023E-01, -9.759E-01         F               0         Blade 1 Z orientation angle, node 10, rad
        232    9.788E-01,  9.062E-02, -1.836E-01         F               0         Blade 1 X orientation angle, node 11, rad
        233    6.965E-02, -9.906E-01, -1.176E-01         F               0         Blade 1 Y orientation angle, node 11, rad
        234   -1.925E-01,  1.023E-01, -9.759E-01         F               0         Blade 1 Z orientation angle, node 11, rad
        235    9.795E-01,  8.076E-02, -1.848E-01         F               0         Blade 1 X orientation angle, node 12, rad
        236    5.991E-02, -9.915E-01, -1.158E-01         F               0         Blade 1 Y orientation angle, node 12, rad
        237   -1.925E-01,  1.023E-01, -9.759E-01         F               0         Blade 1 Z orientation angle, node 12, rad
        238    9.799E-01,  7.210E-02, -1.858E-01         F               0         Blade 1 X orientation angle, node 13, rad
        239    5.136E-02, -9.921E-01, -1.142E-01         F               0         Blade 1 Y orientation angle, node 13, rad
        240   -1.925E-01,  1.023E-01, -9.759E-01         F               0         Blade 1 Z orientation angle, node 13, rad
        241    9.803E-01,  6.431E-02, -1.867E-01         F               0         Blade 1 X orientation angle, node 14, rad
        242    4.366E-02, -9.927E-01, -1.127E-01         F               0         Blade 1 Y orientation angle, node 14, rad
        243   -1.925E-01,  1.023E-01, -9.759E-01         F               0         Blade 1 Z orientation angle, node 14, rad
        244    9.806E-01,  5.738E-02, -1.874E-01         F               0         Blade 1 X orientation angle, node 15, rad
        245    3.681E-02, -9.931E-01, -1.114E-01         F               0         Blade 1 Y orientation angle, node 15, rad
        246   -1.925E-01,  1.023E-01, -9.759E-01         F               0         Blade 1 Z orientation angle, node 15, rad
        247    9.808E-01,  5.113E-02, -1.881E-01         F               0         Blade 1 X orientation angle, node 16, rad
        248    3.065E-02, -9.934E-01, -1.102E-01         F               0         Blade 1 Y orientation angle, node 16, rad
        249   -1.925E-01,  1.023E-01, -9.759E-01         F               0         Blade 1 Z orientation angle, node 16, rad
        250    9.810E-01,  4.559E-02, -1.887E-01         F               0         Blade 1 X orientation angle, node 17, rad
        251    2.517E-02, -9.937E-01, -1.092E-01         F               0         Blade 1 Y orientation angle, node 17, rad
        252   -1.925E-01,  1.023E-01, -9.759E-01         F               0         Blade 1 Z orientation angle, node 17, rad
        253    9.811E-01,  4.038E-02, -1.893E-01         F               0         Blade 1 X orientation angle, node 18, rad
        254    2.004E-02, -9.939E-01, -1.082E-01         F               0         Blade 1 Y orientation angle, node 18, rad
        255   -1.925E-01,  1.023E-01, -9.759E-01         F               0         Blade 1 Z orientation angle, node 18, rad
        256    9.812E-01,  3.570E-02, -1.898E-01         F               0         Blade 1 X orientation angle, node 19, rad
        257    1.541E-02, -9.941E-01, -1.073E-01         F               0         Blade 1 Y orientation angle, node 19, rad
        258   -1.925E-01,  1.023E-01, -9.759E-01         F               0         Blade 1 Z orientation angle, node 19, rad
        259    9.812E-01,  3.153E-02, -1.903E-01         F               0         Blade 1 X orientation angle, node 20, rad
        260    1.130E-02, -9.943E-01, -1.065E-01         F               0         Blade 1 Y orientation angle, node 20, rad
        261   -1.925E-01,  1.023E-01, -9.759E-01         F               0         Blade 1 Z orientation angle, node 20, rad
        262    9.813E-01,  2.754E-02, -1.907E-01         F               0         Blade 1 X orientation angle, node 21, rad
        263    7.365E-03, -9.944E-01, -1.057E-01         F               0         Blade 1 Y orientation angle, node 21, rad
        264   -1.925E-01,  1.023E-01, -9.759E-01         F               0         Blade 1 Z orientation angle, node 21, rad
        265    9.813E-01,  2.390E-02, -1.911E-01         F               0         Blade 1 X orientation angle, node 22, rad
        266    3.769E-03, -9.945E-01, -1.050E-01         F               0         Blade 1 Y orientation angle, node 22, rad
        267   -1.925E-01,  1.023E-01, -9.759E-01         F               0         Blade 1 Z orientation angle, node 22, rad
        268    9.813E-01,  2.060E-02, -1.914E-01         F               0         Blade 1 X orientation angle, node 23, rad
        269    5.145E-04, -9.945E-01, -1.044E-01         F               0         Blade 1 Y orientation angle, node 23, rad
        270   -1.925E-01,  1.023E-01, -9.759E-01         F               0         Blade 1 Z orientation angle, node 23, rad
        271    9.813E-01,  1.747E-02, -1.918E-01         F               0         Blade 1 X orientation angle, node 24, rad
        272   -2.568E-03, -9.946E-01, -1.038E-01         F               0         Blade 1 Y orientation angle, node 24, rad
        273   -1.925E-01,  1.023E-01, -9.759E-01         F               0         Blade 1 Z orientation angle, node 24, rad
        274    9.813E-01,  1.452E-02, -1.921E-01         F               0         Blade 1 X orientation angle, node 25, rad
        275   -5.480E-03, -9.946E-01, -1.032E-01         F               0         Blade 1 Y orientation angle, node 25, rad
        276   -1.925E-01,  1.023E-01, -9.759E-01         F               0         Blade 1 Z orientation angle, node 25, rad
        277    9.813E-01,  1.192E-02, -1.923E-01         F               0         Blade 1 X orientation angle, node 26, rad
        278   -8.049E-03, -9.947E-01, -1.027E-01         F               0         Blade 1 Y orientation angle, node 26, rad
        279   -1.925E-01,  1.023E-01, -9.759E-01         F               0         Blade 1 Z orientation angle, node 26, rad
        280    9.812E-01,  9.315E-03, -1.926E-01         F               0         Blade 1 X orientation angle, node 27, rad
        281   -1.062E-02, -9.947E-01, -1.022E-01         F               0         Blade 1 Y orientation angle, node 27, rad
        282   -1.925E-01,  1.023E-01, -9.759E-01         F               0         Blade 1 Z orientation angle, node 27, rad
        283    9.812E-01,  7.926E-03, -1.927E-01         F               0         Blade 1 X orientation angle, node 28, rad
        284   -1.199E-02, -9.947E-01, -1.019E-01         F               0         Blade 1 Y orientation angle, node 28, rad
        285   -1.925E-01,  1.023E-01, -9.759E-01         F               0         Blade 1 Z orientation angle, node 28, rad
        286    3.815E-02                                 F               0         Blade 1 X translation velocity, node 1, m/s
        287    3.879E+00                                 F               0         Blade 1 Y translation velocity, node 1, m/s
        288    4.021E-01                                 F               0         Blade 1 Z translation velocity, node 1, m/s
        289    4.833E-02                                 F               0         Blade 1 X translation velocity, node 2, m/s
        290    4.819E+00                                 F               0         Blade 1 Y translation velocity, node 2, m/s
        291    4.986E-01                                 F               0         Blade 1 Z translation velocity, node 2, m/s
        292    1.867E-01                                 F               0         Blade 1 X translation velocity, node 3, m/s
        293    1.760E+01                                 F               0         Blade 1 Y translation velocity, node 3, m/s
        294    1.811E+00                                 F               0         Blade 1 Z translation velocity, node 3, m/s
        295    2.162E-01                                 F               0         Blade 1 X translation velocity, node 4, m/s
        296    2.032E+01                                 F               0         Blade 1 Y translation velocity, node 4, m/s
        297    2.091E+00                                 F               0         Blade 1 Z translation velocity, node 4, m/s
        298    2.457E-01                                 F               0         Blade 1 X translation velocity, node 5, m/s
        299    2.304E+01                                 F               0         Blade 1 Y translation velocity, node 5, m/s
        300    2.371E+00                                 F               0         Blade 1 Z translation velocity, node 5, m/s
        301    2.752E-01                                 F               0         Blade 1 X translation velocity, node 6, m/s
        302    2.577E+01                                 F               0         Blade 1 Y translation velocity, node 6, m/s
        303    2.650E+00                                 F               0         Blade 1 Z translation velocity, node 6, m/s
        304    3.047E-01                                 F               0         Blade 1 X translation velocity, node 7, m/s
        305    2.849E+01                                 F               0         Blade 1 Y translation velocity, node 7, m/s
        306    2.930E+00                                 F               0         Blade 1 Z translation velocity, node 7, m/s
        307    3.342E-01                                 F               0         Blade 1 X translation velocity, node 8, m/s
