
Linearized model: Predictions were generated on 11-Jan-2024 at 12:32:35 using OpenFAST, compiled as a 64-bit application using single precision at commit v3.5.1
 linked with  NWTC Subroutine Library; ElastoDyn; InflowWind; AeroDyn; ServoDyn; HydroDyn; MoorDyn (v2.0.0, 2023-09-18)

Description from the FAST input file: CCT-9 Campign 4 model. Input files to be run with OpenFAST 3.5.0. GitHub branch from Lu Wang (https://github.com/luwang00/openfast/tree/dev) compiled on March 7, 2023.

Simulation information:
   Simulation time:                   508.1500 s
   Rotor Speed:                         0.7076 rad/s
   Azimuth:                             3.0226 rad
   Wind Speed:                          8.0000 m/s
   Number of continuous states:         0
   Number of discrete states:           0
   Number of constraint states:         0
   Number of inputs:                 1746
   Number of outputs:                   4
   Jacobians included in this file?    No

Order of inputs:
     Column   Operating Point                     Rotating Frame? Derivative Order Description
   ---------- ---------------                     --------------- ---------------- -----------
          1    7.270E+00                                 F               0         Tower X translation displacement, node 1, m
          2   -1.237E+00                                 F               0         Tower Y translation displacement, node 1, m
          3   -1.437E-01                                 F               0         Tower Z translation displacement, node 1, m
          4    8.314E+00                                 F               0         Tower X translation displacement, node 2, m
          5   -1.773E+00                                 F               0         Tower Y translation displacement, node 2, m
          6   -1.995E-01                                 F               0         Tower Z translation displacement, node 2, m
          7    9.374E+00                                 F               0         Tower X translation displacement, node 3, m
          8   -2.314E+00                                 F               0         Tower Y translation displacement, node 3, m
          9   -2.569E-01                                 F               0         Tower Z translation displacement, node 3, m
         10    1.045E+01                                 F               0         Tower X translation displacement, node 4, m
         11   -2.859E+00                                 F               0         Tower Y translation displacement, node 4, m
         12   -3.155E-01                                 F               0         Tower Z translation displacement, node 4, m
         13    1.153E+01                                 F               0         Tower X translation displacement, node 5, m
         14   -3.407E+00                                 F               0         Tower Y translation displacement, node 5, m
         15   -3.751E-01                                 F               0         Tower Z translation displacement, node 5, m
         16    1.261E+01                                 F               0         Tower X translation displacement, node 6, m
         17   -3.958E+00                                 F               0         Tower Y translation displacement, node 6, m
         18   -4.354E-01                                 F               0         Tower Z translation displacement, node 6, m
         19    1.371E+01                                 F               0         Tower X translation displacement, node 7, m
         20   -4.512E+00                                 F               0         Tower Y translation displacement, node 7, m
         21   -4.963E-01                                 F               0         Tower Z translation displacement, node 7, m
         22    1.480E+01                                 F               0         Tower X translation displacement, node 8, m
         23   -5.067E+00                                 F               0         Tower Y translation displacement, node 8, m
         24   -5.577E-01                                 F               0         Tower Z translation displacement, node 8, m
         25    1.590E+01                                 F               0         Tower X translation displacement, node 9, m
         26   -5.624E+00                                 F               0         Tower Y translation displacement, node 9, m
         27   -6.193E-01                                 F               0         Tower Z translation displacement, node 9, m
         28    1.701E+01                                 F               0         Tower X translation displacement, node 10, m
         29   -6.182E+00                                 F               0         Tower Y translation displacement, node 10, m
         30   -6.812E-01                                 F               0         Tower Z translation displacement, node 10, m
         31    1.811E+01                                 F               0         Tower X translation displacement, node 11, m
         32   -6.741E+00                                 F               0         Tower Y translation displacement, node 11, m
         33   -7.431E-01                                 F               0         Tower Z translation displacement, node 11, m
         34    9.965E-01,  4.206E-03, -8.386E-02         F               0         Tower X orientation angle, node 1, rad
         35   -5.642E-04,  9.991E-01,  4.340E-02         F               0         Tower Y orientation angle, node 1, rad
         36    8.397E-02, -4.319E-02,  9.955E-01         F               0         Tower Z orientation angle, node 1, rad
         37    9.964E-01,  4.258E-03, -8.507E-02         F               0         Tower X orientation angle, node 2, rad
         38   -5.310E-04,  9.990E-01,  4.379E-02         F               0         Tower Y orientation angle, node 2, rad
         39    8.518E-02, -4.358E-02,  9.954E-01         F               0         Tower Z orientation angle, node 2, rad
         40    9.963E-01,  4.304E-03, -8.611E-02         F               0         Tower X orientation angle, node 3, rad
         41   -5.008E-04,  9.990E-01,  4.414E-02         F               0         Tower Y orientation angle, node 3, rad
         42    8.622E-02, -4.393E-02,  9.953E-01         F               0         Tower Z orientation angle, node 3, rad
         43    9.962E-01,  4.342E-03, -8.697E-02         F               0         Tower X orientation angle, node 4, rad
         44   -4.742E-04,  9.990E-01,  4.444E-02         F               0         Tower Y orientation angle, node 4, rad
         45    8.708E-02, -4.423E-02,  9.952E-01         F               0         Tower Z orientation angle, node 4, rad
         46    9.961E-01,  4.372E-03, -8.765E-02         F               0         Tower X orientation angle, node 5, rad
         47   -4.512E-04,  9.990E-01,  4.471E-02         F               0         Tower Y orientation angle, node 5, rad
         48    8.776E-02, -4.449E-02,  9.951E-01         F               0         Tower Z orientation angle, node 5, rad
         49    9.961E-01,  4.396E-03, -8.818E-02         F               0         Tower X orientation angle, node 6, rad
         50   -4.317E-04,  9.990E-01,  4.493E-02         F               0         Tower Y orientation angle, node 6, rad
         51    8.829E-02, -4.471E-02,  9.951E-01         F               0         Tower Z orientation angle, node 6, rad
         52    9.961E-01,  4.413E-03, -8.855E-02         F               0         Tower X orientation angle, node 7, rad
         53   -4.162E-04,  9.990E-01,  4.510E-02         F               0         Tower Y orientation angle, node 7, rad
         54    8.866E-02, -4.489E-02,  9.951E-01         F               0         Tower Z orientation angle, node 7, rad
         55    9.960E-01,  4.424E-03, -8.881E-02         F               0         Tower X orientation angle, node 8, rad
         56   -4.041E-04,  9.990E-01,  4.524E-02         F               0         Tower Y orientation angle, node 8, rad
         57    8.891E-02, -4.502E-02,  9.950E-01         F               0         Tower Z orientation angle, node 8, rad
         58    9.960E-01,  4.432E-03, -8.897E-02         F               0         Tower X orientation angle, node 9, rad
         59   -3.952E-04,  9.990E-01,  4.534E-02         F               0         Tower Y orientation angle, node 9, rad
         60    8.908E-02, -4.512E-02,  9.950E-01         F               0         Tower Z orientation angle, node 9, rad
         61    9.960E-01,  4.436E-03, -8.906E-02         F               0         Tower X orientation angle, node 10, rad
         62   -3.894E-04,  9.990E-01,  4.541E-02         F               0         Tower Y orientation angle, node 10, rad
         63    8.917E-02, -4.519E-02,  9.950E-01         F               0         Tower Z orientation angle, node 10, rad
         64    9.960E-01,  4.438E-03, -8.910E-02         F               0         Tower X orientation angle, node 11, rad
         65   -3.862E-04,  9.990E-01,  4.544E-02         F               0         Tower Y orientation angle, node 11, rad
         66    8.921E-02, -4.523E-02,  9.950E-01         F               0         Tower Z orientation angle, node 11, rad
         67   -5.324E-03                                 F               0         Tower X translation velocity, node 1, m/s
         68   -2.994E-03                                 F               0         Tower Y translation velocity, node 1, m/s
         69    2.570E-03                                 F               0         Tower Z translation velocity, node 1, m/s
         70   -5.220E-03                                 F               0         Tower X translation velocity, node 2, m/s
         71   -4.512E-03                                 F               0         Tower Y translation velocity, node 2, m/s
         72    2.495E-03                                 F               0         Tower Z translation velocity, node 2, m/s
         73   -5.109E-03                                 F               0         Tower X translation velocity, node 3, m/s
         74   -6.048E-03                                 F               0         Tower Y translation velocity, node 3, m/s
         75    2.418E-03                                 F               0         Tower Z translation velocity, node 3, m/s
         76   -4.991E-03                                 F               0         Tower X translation velocity, node 4, m/s
         77   -7.599E-03                                 F               0         Tower Y translation velocity, node 4, m/s
         78    2.339E-03                                 F               0         Tower Z translation velocity, node 4, m/s
         79   -4.868E-03                                 F               0         Tower X translation velocity, node 5, m/s
         80   -9.161E-03                                 F               0         Tower Y translation velocity, node 5, m/s
         81    2.259E-03                                 F               0         Tower Z translation velocity, node 5, m/s
         82   -4.740E-03                                 F               0         Tower X translation velocity, node 6, m/s
         83   -1.073E-02                                 F               0         Tower Y translation velocity, node 6, m/s
         84    2.177E-03                                 F               0         Tower Z translation velocity, node 6, m/s
         85   -4.608E-03                                 F               0         Tower X translation velocity, node 7, m/s
         86   -1.231E-02                                 F               0         Tower Y translation velocity, node 7, m/s
         87    2.094E-03                                 F               0         Tower Z translation velocity, node 7, m/s
         88   -4.473E-03                                 F               0         Tower X translation velocity, node 8, m/s
         89   -1.390E-02                                 F               0         Tower Y translation velocity, node 8, m/s
         90    2.010E-03                                 F               0         Tower Z translation velocity, node 8, m/s
         91   -4.336E-03                                 F               0         Tower X translation velocity, node 9, m/s
         92   -1.549E-02                                 F               0         Tower Y translation velocity, node 9, m/s
         93    1.926E-03                                 F               0         Tower Z translation velocity, node 9, m/s
         94   -4.197E-03                                 F               0         Tower X translation velocity, node 10, m/s
         95   -1.708E-02                                 F               0         Tower Y translation velocity, node 10, m/s
         96    1.841E-03                                 F               0         Tower Z translation velocity, node 10, m/s
         97   -4.056E-03                                 F               0         Tower X translation velocity, node 11, m/s
         98   -1.868E-02                                 F               0         Tower Y translation velocity, node 11, m/s
         99    1.756E-03                                 F               0         Tower Z translation velocity, node 11, m/s
        100    1.885E+01                                 F               0         Hub X translation displacement, node 1, m
        101   -7.144E+00                                 F               0         Hub Y translation displacement, node 1, m
        102    1.798E-01                                 F               0         Hub Z translation displacement, node 1, m
        103    9.812E-01,  9.141E-03, -1.926E-01         F               0         Hub X orientation angle, node 1, rad
        104    2.327E-02, -9.972E-01,  7.120E-02         F               0         Hub Y orientation angle, node 1, rad
        105   -1.914E-01, -7.434E-02, -9.787E-01         F               0         Hub Z orientation angle, node 1, rad
        106    6.944E-01                                 F               0         Hub X rotation velocity, node 1, rad/s
        107    6.480E-03                                 F               0         Hub Y rotation velocity, node 1, rad/s
        108   -1.363E-01                                 F               0         Hub Z rotation velocity, node 1, rad/s
        109    9.801E-01,  3.872E-02, -1.946E-01         F               0         Blade root 1 X orientation angle, node 1, rad
        110    5.236E-02, -9.965E-01,  6.545E-02         F               0         Blade root 1 Y orientation angle, node 1, rad
        111   -1.914E-01, -7.434E-02, -9.787E-01         F               0         Blade root 1 Z orientation angle, node 1, rad
        112    9.861E-01, -3.744E-03, -1.663E-01         F               0         Blade root 2 X orientation angle, node 1, rad
        113   -1.482E-01,  4.343E-01, -8.885E-01         F               0         Blade root 2 Y orientation angle, node 1, rad
        114    7.556E-02,  9.008E-01,  4.277E-01         F               0         Blade root 2 Z orientation angle, node 1, rad
        115    9.762E-01, -7.564E-03, -2.166E-01         F               0         Blade root 3 X orientation angle, node 1, rad
        116    1.832E-01,  5.630E-01,  8.059E-01         F               0         Blade root 3 Y orientation angle, node 1, rad
        117    1.159E-01, -8.264E-01,  5.510E-01         F               0         Blade root 3 Z orientation angle, node 1, rad
        118    1.721E+01                                 F               0         Blade 1 X translation displacement, node 1, m
        119   -7.556E+00                                 F               0         Blade 1 Y translation displacement, node 1, m
        120   -1.075E+01                                 F               0         Blade 1 Z translation displacement, node 1, m
        121    1.682E+01                                 F               0         Blade 1 X translation displacement, node 2, m
        122   -7.655E+00                                 F               0         Blade 1 Y translation displacement, node 2, m
        123   -1.339E+01                                 F               0         Blade 1 Z translation displacement, node 2, m
        124    1.144E+01                                 F               0         Blade 1 X translation displacement, node 3, m
        125   -9.004E+00                                 F               0         Blade 1 Y translation displacement, node 3, m
        126   -4.920E+01                                 F               0         Blade 1 Z translation displacement, node 3, m
        127    1.030E+01                                 F               0         Blade 1 X translation displacement, node 4, m
        128   -9.292E+00                                 F               0         Blade 1 Y translation displacement, node 4, m
        129   -5.684E+01                                 F               0         Blade 1 Z translation displacement, node 4, m
        130    9.154E+00                                 F               0         Blade 1 X translation displacement, node 5, m
        131   -9.580E+00                                 F               0         Blade 1 Y translation displacement, node 5, m
        132   -6.447E+01                                 F               0         Blade 1 Z translation displacement, node 5, m
        133    8.010E+00                                 F               0         Blade 1 X translation displacement, node 6, m
        134   -9.867E+00                                 F               0         Blade 1 Y translation displacement, node 6, m
        135   -7.210E+01                                 F               0         Blade 1 Z translation displacement, node 6, m
        136    6.865E+00                                 F               0         Blade 1 X translation displacement, node 7, m
        137   -1.015E+01                                 F               0         Blade 1 Y translation displacement, node 7, m
        138   -7.973E+01                                 F               0         Blade 1 Z translation displacement, node 7, m
        139    5.720E+00                                 F               0         Blade 1 X translation displacement, node 8, m
        140   -1.044E+01                                 F               0         Blade 1 Y translation displacement, node 8, m
        141   -8.736E+01                                 F               0         Blade 1 Z translation displacement, node 8, m
        142    4.576E+00                                 F               0         Blade 1 X translation displacement, node 9, m
        143   -1.073E+01                                 F               0         Blade 1 Y translation displacement, node 9, m
        144   -9.500E+01                                 F               0         Blade 1 Z translation displacement, node 9, m
        145    3.431E+00                                 F               0         Blade 1 X translation displacement, node 10, m
        146   -1.102E+01                                 F               0         Blade 1 Y translation displacement, node 10, m
        147   -1.026E+02                                 F               0         Blade 1 Z translation displacement, node 10, m
        148    2.287E+00                                 F               0         Blade 1 X translation displacement, node 11, m
        149   -1.130E+01                                 F               0         Blade 1 Y translation displacement, node 11, m
        150   -1.103E+02                                 F               0         Blade 1 Z translation displacement, node 11, m
        151    1.142E+00                                 F               0         Blade 1 X translation displacement, node 12, m
        152   -1.159E+01                                 F               0         Blade 1 Y translation displacement, node 12, m
        153   -1.179E+02                                 F               0         Blade 1 Z translation displacement, node 12, m
        154   -2.833E-03                                 F               0         Blade 1 X translation displacement, node 13, m
        155   -1.188E+01                                 F               0         Blade 1 Y translation displacement, node 13, m
        156   -1.255E+02                                 F               0         Blade 1 Z translation displacement, node 13, m
        157   -1.147E+00                                 F               0         Blade 1 X translation displacement, node 14, m
        158   -1.217E+01                                 F               0         Blade 1 Y translation displacement, node 14, m
        159   -1.332E+02                                 F               0         Blade 1 Z translation displacement, node 14, m
        160   -2.292E+00                                 F               0         Blade 1 X translation displacement, node 15, m
        161   -1.245E+01                                 F               0         Blade 1 Y translation displacement, node 15, m
        162   -1.408E+02                                 F               0         Blade 1 Z translation displacement, node 15, m
        163   -3.437E+00                                 F               0         Blade 1 X translation displacement, node 16, m
        164   -1.274E+01                                 F               0         Blade 1 Y translation displacement, node 16, m
        165   -1.484E+02                                 F               0         Blade 1 Z translation displacement, node 16, m
        166   -4.581E+00                                 F               0         Blade 1 X translation displacement, node 17, m
        167   -1.303E+01                                 F               0         Blade 1 Y translation displacement, node 17, m
        168   -1.560E+02                                 F               0         Blade 1 Z translation displacement, node 17, m
        169   -5.726E+00                                 F               0         Blade 1 X translation displacement, node 18, m
        170   -1.332E+01                                 F               0         Blade 1 Y translation displacement, node 18, m
        171   -1.637E+02                                 F               0         Blade 1 Z translation displacement, node 18, m
        172   -6.871E+00                                 F               0         Blade 1 X translation displacement, node 19, m
        173   -1.361E+01                                 F               0         Blade 1 Y translation displacement, node 19, m
        174   -1.713E+02                                 F               0         Blade 1 Z translation displacement, node 19, m
        175   -8.015E+00                                 F               0         Blade 1 X translation displacement, node 20, m
        176   -1.389E+01                                 F               0         Blade 1 Y translation displacement, node 20, m
        177   -1.789E+02                                 F               0         Blade 1 Z translation displacement, node 20, m
        178   -9.160E+00                                 F               0         Blade 1 X translation displacement, node 21, m
        179   -1.418E+01                                 F               0         Blade 1 Y translation displacement, node 21, m
        180   -1.866E+02                                 F               0         Blade 1 Z translation displacement, node 21, m
        181   -1.030E+01                                 F               0         Blade 1 X translation displacement, node 22, m
        182   -1.447E+01                                 F               0         Blade 1 Y translation displacement, node 22, m
        183   -1.942E+02                                 F               0         Blade 1 Z translation displacement, node 22, m
        184   -1.145E+01                                 F               0         Blade 1 X translation displacement, node 23, m
        185   -1.476E+01                                 F               0         Blade 1 Y translation displacement, node 23, m
        186   -2.018E+02                                 F               0         Blade 1 Z translation displacement, node 23, m
        187   -1.259E+01                                 F               0         Blade 1 X translation displacement, node 24, m
        188   -1.504E+01                                 F               0         Blade 1 Y translation displacement, node 24, m
        189   -2.095E+02                                 F               0         Blade 1 Z translation displacement, node 24, m
        190   -1.374E+01                                 F               0         Blade 1 X translation displacement, node 25, m
        191   -1.533E+01                                 F               0         Blade 1 Y translation displacement, node 25, m
        192   -2.171E+02                                 F               0         Blade 1 Z translation displacement, node 25, m
        193   -1.488E+01                                 F               0         Blade 1 X translation displacement, node 26, m
        194   -1.562E+01                                 F               0         Blade 1 Y translation displacement, node 26, m
        195   -2.247E+02                                 F               0         Blade 1 Z translation displacement, node 26, m
        196   -1.603E+01                                 F               0         Blade 1 X translation displacement, node 27, m
        197   -1.591E+01                                 F               0         Blade 1 Y translation displacement, node 27, m
        198   -2.324E+02                                 F               0         Blade 1 Z translation displacement, node 27, m
        199   -1.700E+01                                 F               0         Blade 1 X translation displacement, node 28, m
        200   -1.615E+01                                 F               0         Blade 1 Y translation displacement, node 28, m
        201   -2.388E+02                                 F               0         Blade 1 Z translation displacement, node 28, m
        202    8.484E-01,  4.889E-01, -2.031E-01         F               0         Blade 1 X orientation angle, node 1, rad
        203    4.935E-01, -8.692E-01, -3.051E-02         F               0         Blade 1 Y orientation angle, node 1, rad
        204   -1.914E-01, -7.434E-02, -9.787E-01         F               0         Blade 1 Z orientation angle, node 1, rad
        205    8.484E-01,  4.889E-01, -2.031E-01         F               0         Blade 1 X orientation angle, node 2, rad
        206    4.935E-01, -8.692E-01, -3.051E-02         F               0         Blade 1 Y orientation angle, node 2, rad
        207   -1.914E-01, -7.434E-02, -9.787E-01         F               0         Blade 1 Z orientation angle, node 2, rad
        208    9.412E-01,  2.689E-01, -2.045E-01         F               0         Blade 1 X orientation angle, node 3, rad
        209    2.784E-01, -9.603E-01,  1.849E-02         F               0         Blade 1 Y orientation angle, node 3, rad
        210   -1.914E-01, -7.434E-02, -9.787E-01         F               0         Blade 1 Z orientation angle, node 3, rad
        211    9.521E-01,  2.281E-01, -2.036E-01         F               0         Blade 1 X orientation angle, node 4, rad
        212    2.384E-01, -9.708E-01,  2.711E-02         F               0         Blade 1 Y orientation angle, node 4, rad
        213   -1.914E-01, -7.434E-02, -9.787E-01         F               0         Blade 1 Z orientation angle, node 4, rad
        214    9.595E-01,  1.958E-01, -2.025E-01         F               0         Blade 1 X orientation angle, node 5, rad
        215    2.067E-01, -9.778E-01,  3.385E-02         F               0         Blade 1 Y orientation angle, node 5, rad
        216   -1.914E-01, -7.434E-02, -9.787E-01         F               0         Blade 1 Z orientation angle, node 5, rad
        217    9.646E-01,  1.698E-01, -2.016E-01         F               0         Blade 1 X orientation angle, node 6, rad
        218    1.812E-01, -9.827E-01,  3.921E-02         F               0         Blade 1 Y orientation angle, node 6, rad
        219   -1.914E-01, -7.434E-02, -9.787E-01         F               0         Blade 1 Z orientation angle, node 6, rad
        220    9.684E-01,  1.484E-01, -2.007E-01         F               0         Blade 1 X orientation angle, node 7, rad
        221    1.601E-01, -9.861E-01,  4.359E-02         F               0         Blade 1 Y orientation angle, node 7, rad
        222   -1.914E-01, -7.434E-02, -9.787E-01         F               0         Blade 1 Z orientation angle, node 7, rad
        223    9.711E-01,  1.304E-01, -1.998E-01         F               0         Blade 1 X orientation angle, node 8, rad
        224    1.425E-01, -9.887E-01,  4.723E-02         F               0         Blade 1 Y orientation angle, node 8, rad
        225   -1.914E-01, -7.434E-02, -9.787E-01         F               0         Blade 1 Z orientation angle, node 8, rad
        226    9.732E-01,  1.152E-01, -1.991E-01         F               0         Blade 1 X orientation angle, node 9, rad
        227    1.276E-01, -9.906E-01,  5.029E-02         F               0         Blade 1 Y orientation angle, node 9, rad
        228   -1.914E-01, -7.434E-02, -9.787E-01         F               0         Blade 1 Z orientation angle, node 9, rad
        229    9.748E-01,  1.021E-01, -1.984E-01         F               0         Blade 1 X orientation angle, node 10, rad
        230    1.147E-01, -9.920E-01,  5.293E-02         F               0         Blade 1 Y orientation angle, node 10, rad
        231   -1.914E-01, -7.434E-02, -9.787E-01         F               0         Blade 1 Z orientation angle, node 10, rad
        232    9.760E-01,  9.082E-02, -1.978E-01         F               0         Blade 1 X orientation angle, node 11, rad
        233    1.036E-01, -9.931E-01,  5.518E-02         F               0         Blade 1 Y orientation angle, node 11, rad
        234   -1.914E-01, -7.434E-02, -9.787E-01         F               0         Blade 1 Z orientation angle, node 11, rad
        235    9.770E-01,  8.093E-02, -1.972E-01         F               0         Blade 1 X orientation angle, node 12, rad
        236    9.387E-02, -9.939E-01,  5.714E-02         F               0         Blade 1 Y orientation angle, node 12, rad
        237   -1.914E-01, -7.434E-02, -9.787E-01         F               0         Blade 1 Z orientation angle, node 12, rad
        238    9.778E-01,  7.226E-02, -1.967E-01         F               0         Blade 1 X orientation angle, node 13, rad
        239    8.534E-02, -9.946E-01,  5.886E-02         F               0         Blade 1 Y orientation angle, node 13, rad
        240   -1.914E-01, -7.434E-02, -9.787E-01         F               0         Blade 1 Z orientation angle, node 13, rad
        241    9.784E-01,  6.444E-02, -1.963E-01         F               0         Blade 1 X orientation angle, node 14, rad
        242    7.766E-02, -9.951E-01,  6.040E-02         F               0         Blade 1 Y orientation angle, node 14, rad
        243   -1.914E-01, -7.434E-02, -9.787E-01         F               0         Blade 1 Z orientation angle, node 14, rad
        244    9.789E-01,  5.750E-02, -1.958E-01         F               0         Blade 1 X orientation angle, node 15, rad
        245    7.083E-02, -9.956E-01,  6.177E-02         F               0         Blade 1 Y orientation angle, node 15, rad
        246   -1.914E-01, -7.434E-02, -9.787E-01         F               0         Blade 1 Z orientation angle, node 15, rad
        247    9.794E-01,  5.124E-02, -1.954E-01         F               0         Blade 1 X orientation angle, node 16, rad
        248    6.468E-02, -9.959E-01,  6.300E-02         F               0         Blade 1 Y orientation angle, node 16, rad
        249   -1.914E-01, -7.434E-02, -9.787E-01         F               0         Blade 1 Z orientation angle, node 16, rad
        250    9.797E-01,  4.568E-02, -1.951E-01         F               0         Blade 1 X orientation angle, node 17, rad
        251    5.921E-02, -9.962E-01,  6.409E-02         F               0         Blade 1 Y orientation angle, node 17, rad
        252   -1.914E-01, -7.434E-02, -9.787E-01         F               0         Blade 1 Z orientation angle, node 17, rad
        253    9.800E-01,  4.046E-02, -1.948E-01         F               0         Blade 1 X orientation angle, node 18, rad
        254    5.408E-02, -9.964E-01,  6.511E-02         F               0         Blade 1 Y orientation angle, node 18, rad
        255   -1.914E-01, -7.434E-02, -9.787E-01         F               0         Blade 1 Z orientation angle, node 18, rad
        256    9.803E-01,  3.576E-02, -1.944E-01         F               0         Blade 1 X orientation angle, node 19, rad
        257    4.946E-02, -9.966E-01,  6.603E-02         F               0         Blade 1 Y orientation angle, node 19, rad
        258   -1.914E-01, -7.434E-02, -9.787E-01         F               0         Blade 1 Z orientation angle, node 19, rad
        259    9.805E-01,  3.159E-02, -1.942E-01         F               0         Blade 1 X orientation angle, node 20, rad
        260    4.535E-02, -9.967E-01,  6.684E-02         F               0         Blade 1 Y orientation angle, node 20, rad
        261   -1.914E-01, -7.434E-02, -9.787E-01         F               0         Blade 1 Z orientation angle, node 20, rad
        262    9.806E-01,  2.759E-02, -1.939E-01         F               0         Blade 1 X orientation angle, node 21, rad
        263    4.141E-02, -9.969E-01,  6.762E-02         F               0         Blade 1 Y orientation angle, node 21, rad
        264   -1.914E-01, -7.434E-02, -9.787E-01         F               0         Blade 1 Z orientation angle, node 21, rad
        265    9.808E-01,  2.393E-02, -1.936E-01         F               0         Blade 1 X orientation angle, node 22, rad
        266    3.782E-02, -9.969E-01,  6.833E-02         F               0         Blade 1 Y orientation angle, node 22, rad
        267   -1.914E-01, -7.434E-02, -9.787E-01         F               0         Blade 1 Z orientation angle, node 22, rad
        268    9.809E-01,  2.063E-02, -1.934E-01         F               0         Blade 1 X orientation angle, node 23, rad
        269    3.457E-02, -9.970E-01,  6.897E-02         F               0         Blade 1 Y orientation angle, node 23, rad
        270   -1.914E-01, -7.434E-02, -9.787E-01         F               0         Blade 1 Z orientation angle, node 23, rad
        271    9.810E-01,  1.749E-02, -1.932E-01         F               0         Blade 1 X orientation angle, node 24, rad
        272    3.149E-02, -9.971E-01,  6.958E-02         F               0         Blade 1 Y orientation angle, node 24, rad
        273   -1.914E-01, -7.434E-02, -9.787E-01         F               0         Blade 1 Z orientation angle, node 24, rad
        274    9.811E-01,  1.454E-02, -1.930E-01         F               0         Blade 1 X orientation angle, node 25, rad
        275    2.857E-02, -9.971E-01,  7.015E-02         F               0         Blade 1 Y orientation angle, node 25, rad
        276   -1.914E-01, -7.434E-02, -9.787E-01         F               0         Blade 1 Z orientation angle, node 25, rad
        277    9.812E-01,  1.193E-02, -1.928E-01         F               0         Blade 1 X orientation angle, node 26, rad
        278    2.601E-02, -9.972E-01,  7.066E-02         F               0         Blade 1 Y orientation angle, node 26, rad
        279   -1.914E-01, -7.434E-02, -9.787E-01         F               0         Blade 1 Z orientation angle, node 26, rad
        280    9.812E-01,  9.315E-03, -1.926E-01         F               0         Blade 1 X orientation angle, node 27, rad
        281    2.344E-02, -9.972E-01,  7.116E-02         F               0         Blade 1 Y orientation angle, node 27, rad
        282   -1.914E-01, -7.434E-02, -9.787E-01         F               0         Blade 1 Z orientation angle, node 27, rad
        283    9.813E-01,  7.923E-03, -1.925E-01         F               0         Blade 1 X orientation angle, node 28, rad
        284    2.207E-02, -9.972E-01,  7.143E-02         F               0         Blade 1 Y orientation angle, node 28, rad
        285   -1.914E-01, -7.434E-02, -9.787E-01         F               0         Blade 1 Z orientation angle, node 28, rad
        286   -9.523E-02                                 F               0         Blade 1 X translation velocity, node 1, m/s
        287    3.890E+00                                 F               0         Blade 1 Y translation velocity, node 1, m/s
        288   -2.773E-01                                 F               0         Blade 1 Z translation velocity, node 1, m/s
        289   -1.172E-01                                 F               0         Blade 1 X translation velocity, node 2, m/s
        290    4.832E+00                                 F               0         Blade 1 Y translation velocity, node 2, m/s
        291   -3.446E-01                                 F               0         Blade 1 Z translation velocity, node 2, m/s
        292   -4.163E-01                                 F               0         Blade 1 X translation velocity, node 3, m/s
        293    1.764E+01                                 F               0         Blade 1 Y translation velocity, node 3, m/s
        294   -1.259E+00                                 F               0         Blade 1 Z translation velocity, node 3, m/s
        295   -4.800E-01                                 F               0         Blade 1 X translation velocity, node 4, m/s
        296    2.037E+01                                 F               0         Blade 1 Y translation velocity, node 4, m/s
        297   -1.454E+00                                 F               0         Blade 1 Z translation velocity, node 4, m/s
        298   -5.437E-01                                 F               0         Blade 1 X translation velocity, node 5, m/s
        299    2.310E+01                                 F               0         Blade 1 Y translation velocity, node 5, m/s
        300   -1.649E+00                                 F               0         Blade 1 Z translation velocity, node 5, m/s
        301   -6.075E-01                                 F               0         Blade 1 X translation velocity, node 6, m/s
        302    2.583E+01                                 F               0         Blade 1 Y translation velocity, node 6, m/s
        303   -1.844E+00                                 F               0         Blade 1 Z translation velocity, node 6, m/s
        304   -6.712E-01                                 F               0         Blade 1 X translation velocity, node 7, m/s
        305    2.856E+01                                 F               0         Blade 1 Y translation velocity, node 7, m/s
        306   -2.039E+00                                 F               0         Blade 1 Z translation velocity, node 7, m/s
        307   -7.349E-01                                 F               0         Blade 1 X translation velocity, node 8, m/s
