
Linearized model: Predictions were generated on 11-Jan-2024 at 12:32:35 using OpenFAST, compiled as a 64-bit application using single precision at commit v3.5.1
 linked with  NWTC Subroutine Library; ElastoDyn; InflowWind; AeroDyn; ServoDyn; HydroDyn; MoorDyn (v2.0.0, 2023-09-18)

Description from the FAST input file: CCT-9 Campign 4 model. Input files to be run with OpenFAST 3.5.0. GitHub branch from Lu Wang (https://github.com/luwang00/openfast/tree/dev) compiled on March 7, 2023.

Simulation information:
   Simulation time:                   502.2250 s
   Rotor Speed:                         0.7076 rad/s
   Azimuth:                             5.1146 rad
   Wind Speed:                          8.0000 m/s
   Number of continuous states:         0
   Number of discrete states:           0
   Number of constraint states:         0
   Number of inputs:                 1746
   Number of outputs:                   4
   Jacobians included in this file?    No

Order of inputs:
     Column   Operating Point                     Rotating Frame? Derivative Order Description
   ---------- ---------------                     --------------- ---------------- -----------
          1    7.300E+00                                 F               0         Tower X translation displacement, node 1, m
          2   -1.238E+00                                 F               0         Tower Y translation displacement, node 1, m
          3   -1.663E-01                                 F               0         Tower Z translation displacement, node 1, m
          4    8.343E+00                                 F               0         Tower X translation displacement, node 2, m
          5   -1.771E+00                                 F               0         Tower Y translation displacement, node 2, m
          6   -2.220E-01                                 F               0         Tower Z translation displacement, node 2, m
          7    9.402E+00                                 F               0         Tower X translation displacement, node 3, m
          8   -2.310E+00                                 F               0         Tower Y translation displacement, node 3, m
          9   -2.792E-01                                 F               0         Tower Z translation displacement, node 3, m
         10    1.047E+01                                 F               0         Tower X translation displacement, node 4, m
         11   -2.853E+00                                 F               0         Tower Y translation displacement, node 4, m
         12   -3.377E-01                                 F               0         Tower Z translation displacement, node 4, m
         13    1.155E+01                                 F               0         Tower X translation displacement, node 5, m
         14   -3.399E+00                                 F               0         Tower Y translation displacement, node 5, m
         15   -3.971E-01                                 F               0         Tower Z translation displacement, node 5, m
         16    1.264E+01                                 F               0         Tower X translation displacement, node 6, m
         17   -3.948E+00                                 F               0         Tower Y translation displacement, node 6, m
         18   -4.573E-01                                 F               0         Tower Z translation displacement, node 6, m
         19    1.373E+01                                 F               0         Tower X translation displacement, node 7, m
         20   -4.499E+00                                 F               0         Tower Y translation displacement, node 7, m
         21   -5.180E-01                                 F               0         Tower Z translation displacement, node 7, m
         22    1.483E+01                                 F               0         Tower X translation displacement, node 8, m
         23   -5.052E+00                                 F               0         Tower Y translation displacement, node 8, m
         24   -5.792E-01                                 F               0         Tower Z translation displacement, node 8, m
         25    1.593E+01                                 F               0         Tower X translation displacement, node 9, m
         26   -5.607E+00                                 F               0         Tower Y translation displacement, node 9, m
         27   -6.407E-01                                 F               0         Tower Z translation displacement, node 9, m
         28    1.703E+01                                 F               0         Tower X translation displacement, node 10, m
         29   -6.162E+00                                 F               0         Tower Y translation displacement, node 10, m
         30   -7.023E-01                                 F               0         Tower Z translation displacement, node 10, m
         31    1.813E+01                                 F               0         Tower X translation displacement, node 11, m
         32   -6.719E+00                                 F               0         Tower Y translation displacement, node 11, m
         33   -7.641E-01                                 F               0         Tower Z translation displacement, node 11, m
         34    9.965E-01,  4.257E-03, -8.381E-02         F               0         Tower X orientation angle, node 1, rad
         35   -6.318E-04,  9.991E-01,  4.324E-02         F               0         Tower Y orientation angle, node 1, rad
         36    8.391E-02, -4.303E-02,  9.955E-01         F               0         Tower Z orientation angle, node 1, rad
         37    9.964E-01,  4.309E-03, -8.501E-02         F               0         Tower X orientation angle, node 2, rad
         38   -5.990E-04,  9.990E-01,  4.362E-02         F               0         Tower Y orientation angle, node 2, rad
         39    8.512E-02, -4.341E-02,  9.954E-01         F               0         Tower Z orientation angle, node 2, rad
         40    9.963E-01,  4.355E-03, -8.606E-02         F               0         Tower X orientation angle, node 3, rad
         41   -5.692E-04,  9.990E-01,  4.397E-02         F               0         Tower Y orientation angle, node 3, rad
         42    8.616E-02, -4.376E-02,  9.953E-01         F               0         Tower Z orientation angle, node 3, rad
         43    9.962E-01,  4.393E-03, -8.691E-02         F               0         Tower X orientation angle, node 4, rad
         44   -5.430E-04,  9.990E-01,  4.427E-02         F               0         Tower Y orientation angle, node 4, rad
         45    8.702E-02, -4.405E-02,  9.952E-01         F               0         Tower Z orientation angle, node 4, rad
         46    9.961E-01,  4.423E-03, -8.759E-02         F               0         Tower X orientation angle, node 5, rad
         47   -5.203E-04,  9.990E-01,  4.453E-02         F               0         Tower Y orientation angle, node 5, rad
         48    8.770E-02, -4.431E-02,  9.952E-01         F               0         Tower Z orientation angle, node 5, rad
         49    9.961E-01,  4.447E-03, -8.812E-02         F               0         Tower X orientation angle, node 6, rad
         50   -5.012E-04,  9.990E-01,  4.475E-02         F               0         Tower Y orientation angle, node 6, rad
         51    8.823E-02, -4.453E-02,  9.951E-01         F               0         Tower Z orientation angle, node 6, rad
         52    9.961E-01,  4.463E-03, -8.849E-02         F               0         Tower X orientation angle, node 7, rad
         53   -4.858E-04,  9.990E-01,  4.492E-02         F               0         Tower Y orientation angle, node 7, rad
         54    8.860E-02, -4.470E-02,  9.951E-01         F               0         Tower Z orientation angle, node 7, rad
         55    9.960E-01,  4.475E-03, -8.874E-02         F               0         Tower X orientation angle, node 8, rad
         56   -4.739E-04,  9.990E-01,  4.505E-02         F               0         Tower Y orientation angle, node 8, rad
         57    8.886E-02, -4.483E-02,  9.950E-01         F               0         Tower Z orientation angle, node 8, rad
         58    9.960E-01,  4.482E-03, -8.891E-02         F               0         Tower X orientation angle, node 9, rad
         59   -4.652E-04,  9.990E-01,  4.515E-02         F               0         Tower Y orientation angle, node 9, rad
         60    8.902E-02, -4.493E-02,  9.950E-01         F               0         Tower Z orientation angle, node 9, rad
         61    9.960E-01,  4.486E-03, -8.899E-02         F               0         Tower X orientation angle, node 10, rad
         62   -4.595E-04,  9.990E-01,  4.522E-02         F               0         Tower Y orientation angle, node 10, rad
         63    8.911E-02, -4.500E-02,  9.950E-01         F               0         Tower Z orientation angle, node 10, rad
         64    9.960E-01,  4.488E-03, -8.903E-02         F               0         Tower X orientation angle, node 11, rad
         65   -4.564E-04,  9.990E-01,  4.525E-02         F               0         Tower Y orientation angle, node 11, rad
         66    8.915E-02, -4.503E-02,  9.950E-01         F               0         Tower Z orientation angle, node 11, rad
         67   -4.508E-03                                 F               0         Tower X translation velocity, node 1, m/s
         68    1.615E-03                                 F               0         Tower Y translation velocity, node 1, m/s
         69    2.738E-03                                 F               0         Tower Z translation velocity, node 1, m/s
         70   -4.453E-03                                 F               0         Tower X translation velocity, node 2, m/s
         71    1.958E-03                                 F               0         Tower Y translation velocity, node 2, m/s
         72    2.748E-03                                 F               0         Tower Z translation velocity, node 2, m/s
         73   -4.385E-03                                 F               0         Tower X translation velocity, node 3, m/s
         74    2.318E-03                                 F               0         Tower Y translation velocity, node 3, m/s
         75    2.758E-03                                 F               0         Tower Z translation velocity, node 3, m/s
         76   -4.304E-03                                 F               0         Tower X translation velocity, node 4, m/s
         77    2.692E-03                                 F               0         Tower Y translation velocity, node 4, m/s
         78    2.767E-03                                 F               0         Tower Z translation velocity, node 4, m/s
         79   -4.212E-03                                 F               0         Tower X translation velocity, node 5, m/s
         80    3.079E-03                                 F               0         Tower Y translation velocity, node 5, m/s
         81    2.776E-03                                 F               0         Tower Z translation velocity, node 5, m/s
         82   -4.108E-03                                 F               0         Tower X translation velocity, node 6, m/s
         83    3.477E-03                                 F               0         Tower Y translation velocity, node 6, m/s
         84    2.785E-03                                 F               0         Tower Z translation velocity, node 6, m/s
         85   -3.993E-03                                 F               0         Tower X translation velocity, node 7, m/s
         86    3.884E-03                                 F               0         Tower Y translation velocity, node 7, m/s
         87    2.793E-03                                 F               0         Tower Z translation velocity, node 7, m/s
         88   -3.868E-03                                 F               0         Tower X translation velocity, node 8, m/s
         89    4.299E-03                                 F               0         Tower Y translation velocity, node 8, m/s
         90    2.800E-03                                 F               0         Tower Z translation velocity, node 8, m/s
         91   -3.733E-03                                 F               0         Tower X translation velocity, node 9, m/s
         92    4.721E-03                                 F               0         Tower Y translation velocity, node 9, m/s
         93    2.807E-03                                 F               0         Tower Z translation velocity, node 9, m/s
         94   -3.591E-03                                 F               0         Tower X translation velocity, node 10, m/s
         95    5.147E-03                                 F               0         Tower Y translation velocity, node 10, m/s
         96    2.814E-03                                 F               0         Tower Z translation velocity, node 10, m/s
         97   -3.445E-03                                 F               0         Tower X translation velocity, node 11, m/s
         98    5.576E-03                                 F               0         Tower Y translation velocity, node 11, m/s
         99    2.820E-03                                 F               0         Tower Z translation velocity, node 11, m/s
        100    1.887E+01                                 F               0         Hub X translation displacement, node 1, m
        101   -7.121E+00                                 F               0         Hub Y translation displacement, node 1, m
        102    1.583E-01                                 F               0         Hub Z translation displacement, node 1, m
        103    9.812E-01,  9.171E-03, -1.926E-01         F               0         Hub X orientation angle, node 1, rad
        104   -1.776E-01,  4.318E-01, -8.843E-01         F               0         Hub Y orientation angle, node 1, rad
        105    7.504E-02,  9.019E-01,  4.254E-01         F               0         Hub Z orientation angle, node 1, rad
        106    6.943E-01                                 F               0         Hub X rotation velocity, node 1, rad/s
        107    6.501E-03                                 F               0         Hub Y rotation velocity, node 1, rad/s
        108   -1.362E-01                                 F               0         Hub Z rotation velocity, node 1, rad/s
        109    9.861E-01, -3.644E-03, -1.662E-01         F               0         Blade root 1 X orientation angle, node 1, rad
        110   -1.484E-01,  4.319E-01, -8.896E-01         F               0         Blade root 1 Y orientation angle, node 1, rad
        111    7.504E-02,  9.019E-01,  4.254E-01         F               0         Blade root 1 Z orientation angle, node 1, rad
        112    9.763E-01, -7.599E-03, -2.165E-01         F               0         Blade root 2 X orientation angle, node 1, rad
        113    1.828E-01,  5.652E-01,  8.045E-01         F               0         Blade root 2 Y orientation angle, node 1, rad
        114    1.163E-01, -8.249E-01,  5.531E-01         F               0         Blade root 2 Z orientation angle, node 1, rad
        115    9.801E-01,  3.874E-02, -1.947E-01         F               0         Blade root 3 X orientation angle, node 1, rad
        116    5.289E-02, -9.963E-01,  6.803E-02         F               0         Blade root 3 Y orientation angle, node 1, rad
        117   -1.913E-01, -7.697E-02, -9.785E-01         F               0         Blade root 3 Z orientation angle, node 1, rad
        118    1.871E+01                                 F               0         Blade 1 X translation displacement, node 1, m
        119   -2.124E+00                                 F               0         Blade 1 Y translation displacement, node 1, m
        120   -2.995E+00                                 F               0         Blade 1 Z translation displacement, node 1, m
        121    1.867E+01                                 F               0         Blade 1 X translation displacement, node 2, m
        122   -9.201E-01                                 F               0         Blade 1 Y translation displacement, node 2, m
        123   -3.755E+00                                 F               0         Blade 1 Z translation displacement, node 2, m
        124    1.813E+01                                 F               0         Blade 1 X translation displacement, node 3, m
        125    1.545E+01                                 F               0         Blade 1 Y translation displacement, node 3, m
        126   -1.409E+01                                 F               0         Blade 1 Z translation displacement, node 3, m
        127    1.802E+01                                 F               0         Blade 1 X translation displacement, node 4, m
        128    1.894E+01                                 F               0         Blade 1 Y translation displacement, node 4, m
        129   -1.629E+01                                 F               0         Blade 1 Z translation displacement, node 4, m
        130    1.791E+01                                 F               0         Blade 1 X translation displacement, node 5, m
        131    2.243E+01                                 F               0         Blade 1 Y translation displacement, node 5, m
        132   -1.849E+01                                 F               0         Blade 1 Z translation displacement, node 5, m
        133    1.779E+01                                 F               0         Blade 1 X translation displacement, node 6, m
        134    2.592E+01                                 F               0         Blade 1 Y translation displacement, node 6, m
        135   -2.069E+01                                 F               0         Blade 1 Z translation displacement, node 6, m
        136    1.768E+01                                 F               0         Blade 1 X translation displacement, node 7, m
        137    2.940E+01                                 F               0         Blade 1 Y translation displacement, node 7, m
        138   -2.289E+01                                 F               0         Blade 1 Z translation displacement, node 7, m
        139    1.756E+01                                 F               0         Blade 1 X translation displacement, node 8, m
        140    3.289E+01                                 F               0         Blade 1 Y translation displacement, node 8, m
        141   -2.509E+01                                 F               0         Blade 1 Z translation displacement, node 8, m
        142    1.745E+01                                 F               0         Blade 1 X translation displacement, node 9, m
        143    3.638E+01                                 F               0         Blade 1 Y translation displacement, node 9, m
        144   -2.729E+01                                 F               0         Blade 1 Z translation displacement, node 9, m
        145    1.734E+01                                 F               0         Blade 1 X translation displacement, node 10, m
        146    3.987E+01                                 F               0         Blade 1 Y translation displacement, node 10, m
        147   -2.950E+01                                 F               0         Blade 1 Z translation displacement, node 10, m
        148    1.722E+01                                 F               0         Blade 1 X translation displacement, node 11, m
        149    4.336E+01                                 F               0         Blade 1 Y translation displacement, node 11, m
        150   -3.170E+01                                 F               0         Blade 1 Z translation displacement, node 11, m
        151    1.711E+01                                 F               0         Blade 1 X translation displacement, node 12, m
        152    4.685E+01                                 F               0         Blade 1 Y translation displacement, node 12, m
        153   -3.390E+01                                 F               0         Blade 1 Z translation displacement, node 12, m
        154    1.699E+01                                 F               0         Blade 1 X translation displacement, node 13, m
        155    5.033E+01                                 F               0         Blade 1 Y translation displacement, node 13, m
        156   -3.610E+01                                 F               0         Blade 1 Z translation displacement, node 13, m
        157    1.688E+01                                 F               0         Blade 1 X translation displacement, node 14, m
        158    5.382E+01                                 F               0         Blade 1 Y translation displacement, node 14, m
        159   -3.830E+01                                 F               0         Blade 1 Z translation displacement, node 14, m
        160    1.677E+01                                 F               0         Blade 1 X translation displacement, node 15, m
        161    5.731E+01                                 F               0         Blade 1 Y translation displacement, node 15, m
        162   -4.050E+01                                 F               0         Blade 1 Z translation displacement, node 15, m
        163    1.665E+01                                 F               0         Blade 1 X translation displacement, node 16, m
        164    6.080E+01                                 F               0         Blade 1 Y translation displacement, node 16, m
        165   -4.270E+01                                 F               0         Blade 1 Z translation displacement, node 16, m
        166    1.654E+01                                 F               0         Blade 1 X translation displacement, node 17, m
        167    6.429E+01                                 F               0         Blade 1 Y translation displacement, node 17, m
        168   -4.490E+01                                 F               0         Blade 1 Z translation displacement, node 17, m
        169    1.642E+01                                 F               0         Blade 1 X translation displacement, node 18, m
        170    6.778E+01                                 F               0         Blade 1 Y translation displacement, node 18, m
        171   -4.711E+01                                 F               0         Blade 1 Z translation displacement, node 18, m
        172    1.631E+01                                 F               0         Blade 1 X translation displacement, node 19, m
        173    7.126E+01                                 F               0         Blade 1 Y translation displacement, node 19, m
        174   -4.931E+01                                 F               0         Blade 1 Z translation displacement, node 19, m
        175    1.620E+01                                 F               0         Blade 1 X translation displacement, node 20, m
        176    7.475E+01                                 F               0         Blade 1 Y translation displacement, node 20, m
        177   -5.151E+01                                 F               0         Blade 1 Z translation displacement, node 20, m
        178    1.608E+01                                 F               0         Blade 1 X translation displacement, node 21, m
        179    7.824E+01                                 F               0         Blade 1 Y translation displacement, node 21, m
        180   -5.371E+01                                 F               0         Blade 1 Z translation displacement, node 21, m
        181    1.597E+01                                 F               0         Blade 1 X translation displacement, node 22, m
        182    8.173E+01                                 F               0         Blade 1 Y translation displacement, node 22, m
        183   -5.591E+01                                 F               0         Blade 1 Z translation displacement, node 22, m
        184    1.585E+01                                 F               0         Blade 1 X translation displacement, node 23, m
        185    8.522E+01                                 F               0         Blade 1 Y translation displacement, node 23, m
        186   -5.811E+01                                 F               0         Blade 1 Z translation displacement, node 23, m
        187    1.574E+01                                 F               0         Blade 1 X translation displacement, node 24, m
        188    8.871E+01                                 F               0         Blade 1 Y translation displacement, node 24, m
        189   -6.031E+01                                 F               0         Blade 1 Z translation displacement, node 24, m
        190    1.563E+01                                 F               0         Blade 1 X translation displacement, node 25, m
        191    9.219E+01                                 F               0         Blade 1 Y translation displacement, node 25, m
        192   -6.252E+01                                 F               0         Blade 1 Z translation displacement, node 25, m
        193    1.551E+01                                 F               0         Blade 1 X translation displacement, node 26, m
        194    9.568E+01                                 F               0         Blade 1 Y translation displacement, node 26, m
        195   -6.472E+01                                 F               0         Blade 1 Z translation displacement, node 26, m
        196    1.540E+01                                 F               0         Blade 1 X translation displacement, node 27, m
        197    9.917E+01                                 F               0         Blade 1 Y translation displacement, node 27, m
        198   -6.692E+01                                 F               0         Blade 1 Z translation displacement, node 27, m
        199    1.530E+01                                 F               0         Blade 1 X translation displacement, node 28, m
        200    1.021E+02                                 F               0         Blade 1 Y translation displacement, node 28, m
        201   -6.878E+01                                 F               0         Blade 1 Z translation displacement, node 28, m
        202    9.452E-01, -2.002E-01,  2.577E-01         F               0         Blade 1 X orientation angle, node 1, rad
        203    3.176E-01,  3.827E-01, -8.675E-01         F               0         Blade 1 Y orientation angle, node 1, rad
        204    7.504E-02,  9.019E-01,  4.254E-01         F               0         Blade 1 Z orientation angle, node 1, rad
        205    9.452E-01, -2.002E-01,  2.577E-01         F               0         Blade 1 X orientation angle, node 2, rad
        206    3.176E-01,  3.827E-01, -8.675E-01         F               0         Blade 1 Y orientation angle, node 2, rad
        207    7.504E-02,  9.019E-01,  4.254E-01         F               0         Blade 1 Z orientation angle, node 2, rad
        208    9.936E-01, -1.038E-01,  4.478E-02         F               0         Blade 1 X orientation angle, node 3, rad
        209    8.453E-02,  4.193E-01, -9.039E-01         F               0         Blade 1 Y orientation angle, node 3, rad
        210    7.504E-02,  9.019E-01,  4.254E-01         F               0         Blade 1 Z orientation angle, node 3, rad
        211    9.963E-01, -8.599E-02,  6.569E-03         F               0         Blade 1 X orientation angle, node 4, rad
        212    4.250E-02,  4.233E-01, -9.050E-01         F               0         Blade 1 Y orientation angle, node 4, rad
        213    7.504E-02,  9.019E-01,  4.254E-01         F               0         Blade 1 Z orientation angle, node 4, rad
        214    9.971E-01, -7.191E-02, -2.344E-02         F               0         Blade 1 X orientation angle, node 5, rad
        215    9.448E-03,  4.259E-01, -9.047E-01         F               0         Blade 1 Y orientation angle, node 5, rad
        216    7.504E-02,  9.019E-01,  4.254E-01         F               0         Blade 1 Z orientation angle, node 5, rad
        217    9.970E-01, -6.059E-02, -4.743E-02         F               0         Blade 1 X orientation angle, node 6, rad
        218   -1.701E-02,  4.277E-01, -9.038E-01         F               0         Blade 1 Y orientation angle, node 6, rad
        219    7.504E-02,  9.019E-01,  4.254E-01         F               0         Blade 1 Z orientation angle, node 6, rad
        220    9.964E-01, -5.124E-02, -6.713E-02         F               0         Blade 1 X orientation angle, node 7, rad
        221   -3.875E-02,  4.289E-01, -9.025E-01         F               0         Blade 1 Y orientation angle, node 7, rad
        222    7.504E-02,  9.019E-01,  4.254E-01         F               0         Blade 1 Z orientation angle, node 7, rad
        223    9.956E-01, -4.345E-02, -8.350E-02         F               0         Blade 1 X orientation angle, node 8, rad
        224   -5.683E-02,  4.297E-01, -9.012E-01         F               0         Blade 1 Y orientation angle, node 8, rad
        225    7.504E-02,  9.019E-01,  4.254E-01         F               0         Blade 1 Z orientation angle, node 8, rad
        226    9.946E-01, -3.684E-02, -9.734E-02         F               0         Blade 1 X orientation angle, node 9, rad
        227   -7.211E-02,  4.304E-01, -8.998E-01         F               0         Blade 1 Y orientation angle, node 9, rad
        228    7.504E-02,  9.019E-01,  4.254E-01         F               0         Blade 1 Z orientation angle, node 9, rad
        229    9.935E-01, -3.113E-02, -1.093E-01         F               0         Blade 1 X orientation angle, node 10, rad
        230   -8.530E-02,  4.308E-01, -8.984E-01         F               0         Blade 1 Y orientation angle, node 10, rad
        231    7.504E-02,  9.019E-01,  4.254E-01         F               0         Blade 1 Z orientation angle, node 10, rad
        232    9.925E-01, -2.624E-02, -1.194E-01         F               0         Blade 1 X orientation angle, node 11, rad
        233   -9.657E-02,  4.311E-01, -8.971E-01         F               0         Blade 1 Y orientation angle, node 11, rad
        234    7.504E-02,  9.019E-01,  4.254E-01         F               0         Blade 1 Z orientation angle, node 11, rad
        235    9.915E-01, -2.195E-02, -1.284E-01         F               0         Blade 1 X orientation angle, node 12, rad
        236   -1.064E-01,  4.314E-01, -8.959E-01         F               0         Blade 1 Y orientation angle, node 12, rad
        237    7.504E-02,  9.019E-01,  4.254E-01         F               0         Blade 1 Z orientation angle, node 12, rad
        238    9.905E-01, -1.819E-02, -1.362E-01         F               0         Blade 1 X orientation angle, node 13, rad
        239   -1.151E-01,  4.316E-01, -8.947E-01         F               0         Blade 1 Y orientation angle, node 13, rad
        240    7.504E-02,  9.019E-01,  4.254E-01         F               0         Blade 1 Z orientation angle, node 13, rad
        241    9.896E-01, -1.480E-02, -1.432E-01         F               0         Blade 1 X orientation angle, node 14, rad
        242   -1.229E-01,  4.317E-01, -8.936E-01         F               0         Blade 1 Y orientation angle, node 14, rad
        243    7.504E-02,  9.019E-01,  4.254E-01         F               0         Blade 1 Z orientation angle, node 14, rad
        244    9.887E-01, -1.178E-02, -1.494E-01         F               0         Blade 1 X orientation angle, node 15, rad
        245   -1.298E-01,  4.318E-01, -8.926E-01         F               0         Blade 1 Y orientation angle, node 15, rad
        246    7.504E-02,  9.019E-01,  4.254E-01         F               0         Blade 1 Z orientation angle, node 15, rad
        247    9.879E-01, -9.071E-03, -1.550E-01         F               0         Blade 1 X orientation angle, node 16, rad
        248   -1.360E-01,  4.318E-01, -8.916E-01         F               0         Blade 1 Y orientation angle, node 16, rad
        249    7.504E-02,  9.019E-01,  4.254E-01         F               0         Blade 1 Z orientation angle, node 16, rad
        250    9.871E-01, -6.659E-03, -1.600E-01         F               0         Blade 1 X orientation angle, node 17, rad
        251   -1.415E-01,  4.319E-01, -8.908E-01         F               0         Blade 1 Y orientation angle, node 17, rad
        252    7.504E-02,  9.019E-01,  4.254E-01         F               0         Blade 1 Z orientation angle, node 17, rad
        253    9.863E-01, -4.398E-03, -1.647E-01         F               0         Blade 1 X orientation angle, node 18, rad
        254   -1.467E-01,  4.319E-01, -8.899E-01         F               0         Blade 1 Y orientation angle, node 18, rad
        255    7.504E-02,  9.019E-01,  4.254E-01         F               0         Blade 1 Z orientation angle, node 18, rad
        256    9.856E-01, -2.363E-03, -1.689E-01         F               0         Blade 1 X orientation angle, node 19, rad
        257   -1.513E-01,  4.319E-01, -8.891E-01         F               0         Blade 1 Y orientation angle, node 19, rad
        258    7.504E-02,  9.019E-01,  4.254E-01         F               0         Blade 1 Z orientation angle, node 19, rad
        259    9.850E-01, -5.534E-04, -1.726E-01         F               0         Blade 1 X orientation angle, node 20, rad
        260   -1.554E-01,  4.319E-01, -8.884E-01         F               0         Blade 1 Y orientation angle, node 20, rad
        261    7.504E-02,  9.019E-01,  4.254E-01         F               0         Blade 1 Z orientation angle, node 20, rad
        262    9.844E-01,  1.181E-03, -1.762E-01         F               0         Blade 1 X orientation angle, node 21, rad
        263   -1.594E-01,  4.319E-01, -8.877E-01         F               0         Blade 1 Y orientation angle, node 21, rad
        264    7.504E-02,  9.019E-01,  4.254E-01         F               0         Blade 1 Z orientation angle, node 21, rad
        265    9.838E-01,  2.764E-03, -1.794E-01         F               0         Blade 1 X orientation angle, node 22, rad
        266   -1.630E-01,  4.319E-01, -8.871E-01         F               0         Blade 1 Y orientation angle, node 22, rad
        267    7.504E-02,  9.019E-01,  4.254E-01         F               0         Blade 1 Z orientation angle, node 22, rad
        268    9.832E-01,  4.196E-03, -1.824E-01         F               0         Blade 1 X orientation angle, node 23, rad
        269   -1.662E-01,  4.319E-01, -8.865E-01         F               0         Blade 1 Y orientation angle, node 23, rad
        270    7.504E-02,  9.019E-01,  4.254E-01         F               0         Blade 1 Z orientation angle, node 23, rad
        271    9.827E-01,  5.553E-03, -1.851E-01         F               0         Blade 1 X orientation angle, node 24, rad
        272   -1.693E-01,  4.319E-01, -8.859E-01         F               0         Blade 1 Y orientation angle, node 24, rad
        273    7.504E-02,  9.019E-01,  4.254E-01         F               0         Blade 1 Z orientation angle, node 24, rad
        274    9.822E-01,  6.834E-03, -1.878E-01         F               0         Blade 1 X orientation angle, node 25, rad
        275   -1.723E-01,  4.319E-01, -8.853E-01         F               0         Blade 1 Y orientation angle, node 25, rad
        276    7.504E-02,  9.019E-01,  4.254E-01         F               0         Blade 1 Z orientation angle, node 25, rad
        277    9.817E-01,  7.965E-03, -1.901E-01         F               0         Blade 1 X orientation angle, node 26, rad
        278   -1.748E-01,  4.319E-01, -8.848E-01         F               0         Blade 1 Y orientation angle, node 26, rad
        279    7.504E-02,  9.019E-01,  4.254E-01         F               0         Blade 1 Z orientation angle, node 26, rad
        280    9.813E-01,  9.095E-03, -1.924E-01         F               0         Blade 1 X orientation angle, node 27, rad
        281   -1.774E-01,  4.318E-01, -8.843E-01         F               0         Blade 1 Y orientation angle, node 27, rad
        282    7.504E-02,  9.019E-01,  4.254E-01         F               0         Blade 1 Z orientation angle, node 27, rad
        283    9.810E-01,  9.698E-03, -1.936E-01         F               0         Blade 1 X orientation angle, node 28, rad
        284   -1.788E-01,  4.318E-01, -8.841E-01         F               0         Blade 1 Y orientation angle, node 28, rad
        285    7.504E-02,  9.019E-01,  4.254E-01         F               0         Blade 1 Z orientation angle, node 28, rad
        286    6.927E-01                                 F               0         Blade 1 X translation velocity, node 1, m/s
        287   -1.687E+00                                 F               0         Blade 1 Y translation velocity, node 1, m/s
        288    3.469E+00                                 F               0         Blade 1 Z translation velocity, node 1, m/s
        289    8.605E-01                                 F               0         Blade 1 X translation velocity, node 2, m/s
        290   -2.095E+00                                 F               0         Blade 1 Y translation velocity, node 2, m/s
        291    4.305E+00                                 F               0         Blade 1 Z translation velocity, node 2, m/s
        292    3.141E+00                                 F               0         Blade 1 X translation velocity, node 3, m/s
        293   -7.641E+00                                 F               0         Blade 1 Y translation velocity, node 3, m/s
        294    1.566E+01                                 F               0         Blade 1 Z translation velocity, node 3, m/s
        295    3.627E+00                                 F               0         Blade 1 X translation velocity, node 4, m/s
        296   -8.823E+00                                 F               0         Blade 1 Y translation velocity, node 4, m/s
        297    1.808E+01                                 F               0         Blade 1 Z translation velocity, node 4, m/s
        298    4.113E+00                                 F               0         Blade 1 X translation velocity, node 5, m/s
        299   -1.001E+01                                 F               0         Blade 1 Y translation velocity, node 5, m/s
        300    2.050E+01                                 F               0         Blade 1 Z translation velocity, node 5, m/s
        301    4.599E+00                                 F               0         Blade 1 X translation velocity, node 6, m/s
        302   -1.119E+01                                 F               0         Blade 1 Y translation velocity, node 6, m/s
        303    2.292E+01                                 F               0         Blade 1 Z translation velocity, node 6, m/s
        304    5.085E+00                                 F               0         Blade 1 X translation velocity, node 7, m/s
        305   -1.237E+01                                 F               0         Blade 1 Y translation velocity, node 7, m/s
        306    2.534E+01                                 F               0         Blade 1 Z translation velocity, node 7, m/s
        307    5.571E+00                                 F               0         Blade 1 X translation velocity, node 8, m/s
