
Linearized model: Predictions were generated on 11-Jan-2024 at 12:32:35 using OpenFAST, compiled as a 64-bit application using single precision at commit v3.5.1
 linked with  NWTC Subroutine Library; ElastoDyn; InflowWind; AeroDyn; ServoDyn; HydroDyn; MoorDyn (v2.0.0, 2023-09-18)

Description from the FAST input file: CCT-9 Campign 4 model. Input files to be run with OpenFAST 3.5.0. GitHub branch from Lu Wang (https://github.com/luwang00/openfast/tree/dev) compiled on March 7, 2023.

Simulation information:
   Simulation time:                   504.7000 s
   Rotor Speed:                         0.7073 rad/s
   Azimuth:                             0.5823 rad
   Wind Speed:                          8.0000 m/s
   Number of continuous states:         0
   Number of discrete states:           0
   Number of constraint states:         0
   Number of inputs:                 1746
   Number of outputs:                   4
   Jacobians included in this file?    No

Order of inputs:
     Column   Operating Point                     Rotating Frame? Derivative Order Description
   ---------- ---------------                     --------------- ---------------- -----------
          1    7.288E+00                                 F               0         Tower X translation displacement, node 1, m
          2   -1.235E+00                                 F               0         Tower Y translation displacement, node 1, m
          3   -1.572E-01                                 F               0         Tower Z translation displacement, node 1, m
          4    8.331E+00                                 F               0         Tower X translation displacement, node 2, m
          5   -1.768E+00                                 F               0         Tower Y translation displacement, node 2, m
          6   -2.129E-01                                 F               0         Tower Z translation displacement, node 2, m
          7    9.390E+00                                 F               0         Tower X translation displacement, node 3, m
          8   -2.306E+00                                 F               0         Tower Y translation displacement, node 3, m
          9   -2.701E-01                                 F               0         Tower Z translation displacement, node 3, m
         10    1.046E+01                                 F               0         Tower X translation displacement, node 4, m
         11   -2.848E+00                                 F               0         Tower Y translation displacement, node 4, m
         12   -3.285E-01                                 F               0         Tower Z translation displacement, node 4, m
         13    1.154E+01                                 F               0         Tower X translation displacement, node 5, m
         14   -3.394E+00                                 F               0         Tower Y translation displacement, node 5, m
         15   -3.880E-01                                 F               0         Tower Z translation displacement, node 5, m
         16    1.263E+01                                 F               0         Tower X translation displacement, node 6, m
         17   -3.943E+00                                 F               0         Tower Y translation displacement, node 6, m
         18   -4.482E-01                                 F               0         Tower Z translation displacement, node 6, m
         19    1.372E+01                                 F               0         Tower X translation displacement, node 7, m
         20   -4.493E+00                                 F               0         Tower Y translation displacement, node 7, m
         21   -5.089E-01                                 F               0         Tower Z translation displacement, node 7, m
         22    1.482E+01                                 F               0         Tower X translation displacement, node 8, m
         23   -5.046E+00                                 F               0         Tower Y translation displacement, node 8, m
         24   -5.701E-01                                 F               0         Tower Z translation displacement, node 8, m
         25    1.592E+01                                 F               0         Tower X translation displacement, node 9, m
         26   -5.600E+00                                 F               0         Tower Y translation displacement, node 9, m
         27   -6.316E-01                                 F               0         Tower Z translation displacement, node 9, m
         28    1.702E+01                                 F               0         Tower X translation displacement, node 10, m
         29   -6.156E+00                                 F               0         Tower Y translation displacement, node 10, m
         30   -6.932E-01                                 F               0         Tower Z translation displacement, node 10, m
         31    1.812E+01                                 F               0         Tower X translation displacement, node 11, m
         32   -6.711E+00                                 F               0         Tower Y translation displacement, node 11, m
         33   -7.550E-01                                 F               0         Tower Z translation displacement, node 11, m
         34    9.965E-01,  4.249E-03, -8.382E-02         F               0         Tower X orientation angle, node 1, rad
         35   -6.261E-04,  9.991E-01,  4.320E-02         F               0         Tower Y orientation angle, node 1, rad
         36    8.393E-02, -4.300E-02,  9.955E-01         F               0         Tower Z orientation angle, node 1, rad
         37    9.964E-01,  4.302E-03, -8.503E-02         F               0         Tower X orientation angle, node 2, rad
         38   -5.933E-04,  9.990E-01,  4.359E-02         F               0         Tower Y orientation angle, node 2, rad
         39    8.514E-02, -4.338E-02,  9.954E-01         F               0         Tower Z orientation angle, node 2, rad
         40    9.963E-01,  4.347E-03, -8.607E-02         F               0         Tower X orientation angle, node 3, rad
         41   -5.636E-04,  9.990E-01,  4.394E-02         F               0         Tower Y orientation angle, node 3, rad
         42    8.618E-02, -4.372E-02,  9.953E-01         F               0         Tower Z orientation angle, node 3, rad
         43    9.962E-01,  4.385E-03, -8.693E-02         F               0         Tower X orientation angle, node 4, rad
         44   -5.373E-04,  9.990E-01,  4.424E-02         F               0         Tower Y orientation angle, node 4, rad
         45    8.704E-02, -4.402E-02,  9.952E-01         F               0         Tower Z orientation angle, node 4, rad
         46    9.961E-01,  4.415E-03, -8.761E-02         F               0         Tower X orientation angle, node 5, rad
         47   -5.146E-04,  9.990E-01,  4.450E-02         F               0         Tower Y orientation angle, node 5, rad
         48    8.772E-02, -4.428E-02,  9.952E-01         F               0         Tower Z orientation angle, node 5, rad
         49    9.961E-01,  4.439E-03, -8.814E-02         F               0         Tower X orientation angle, node 6, rad
         50   -4.955E-04,  9.990E-01,  4.471E-02         F               0         Tower Y orientation angle, node 6, rad
         51    8.825E-02, -4.450E-02,  9.951E-01         F               0         Tower Z orientation angle, node 6, rad
         52    9.961E-01,  4.456E-03, -8.851E-02         F               0         Tower X orientation angle, node 7, rad
         53   -4.801E-04,  9.990E-01,  4.489E-02         F               0         Tower Y orientation angle, node 7, rad
         54    8.862E-02, -4.467E-02,  9.951E-01         F               0         Tower Z orientation angle, node 7, rad
         55    9.960E-01,  4.467E-03, -8.876E-02         F               0         Tower X orientation angle, node 8, rad
         56   -4.682E-04,  9.990E-01,  4.502E-02         F               0         Tower Y orientation angle, node 8, rad
         57    8.888E-02, -4.480E-02,  9.950E-01         F               0         Tower Z orientation angle, node 8, rad
         58    9.960E-01,  4.475E-03, -8.893E-02         F               0         Tower X orientation angle, node 9, rad
         59   -4.595E-04,  9.990E-01,  4.512E-02         F               0         Tower Y orientation angle, node 9, rad
         60    8.904E-02, -4.490E-02,  9.950E-01         F               0         Tower Z orientation angle, node 9, rad
         61    9.960E-01,  4.479E-03, -8.902E-02         F               0         Tower X orientation angle, node 10, rad
         62   -4.538E-04,  9.990E-01,  4.519E-02         F               0         Tower Y orientation angle, node 10, rad
         63    8.913E-02, -4.497E-02,  9.950E-01         F               0         Tower Z orientation angle, node 10, rad
         64    9.960E-01,  4.481E-03, -8.906E-02         F               0         Tower X orientation angle, node 11, rad
         65   -4.506E-04,  9.990E-01,  4.522E-02         F               0         Tower Y orientation angle, node 11, rad
         66    8.917E-02, -4.500E-02,  9.950E-01         F               0         Tower Z orientation angle, node 11, rad
         67   -4.928E-03                                 F               0         Tower X translation velocity, node 1, m/s
         68    8.316E-04                                 F               0         Tower Y translation velocity, node 1, m/s
         69    4.353E-03                                 F               0         Tower Z translation velocity, node 1, m/s
         70   -4.818E-03                                 F               0         Tower X translation velocity, node 2, m/s
         71    7.651E-04                                 F               0         Tower Y translation velocity, node 2, m/s
         72    4.341E-03                                 F               0         Tower Z translation velocity, node 2, m/s
         73   -4.709E-03                                 F               0         Tower X translation velocity, node 3, m/s
         74    6.878E-04                                 F               0         Tower Y translation velocity, node 3, m/s
         75    4.328E-03                                 F               0         Tower Z translation velocity, node 3, m/s
         76   -4.602E-03                                 F               0         Tower X translation velocity, node 4, m/s
         77    6.018E-04                                 F               0         Tower Y translation velocity, node 4, m/s
         78    4.315E-03                                 F               0         Tower Z translation velocity, node 4, m/s
         79   -4.495E-03                                 F               0         Tower X translation velocity, node 5, m/s
         80    5.078E-04                                 F               0         Tower Y translation velocity, node 5, m/s
         81    4.301E-03                                 F               0         Tower Z translation velocity, node 5, m/s
         82   -4.390E-03                                 F               0         Tower X translation velocity, node 6, m/s
         83    4.069E-04                                 F               0         Tower Y translation velocity, node 6, m/s
         84    4.287E-03                                 F               0         Tower Z translation velocity, node 6, m/s
         85   -4.285E-03                                 F               0         Tower X translation velocity, node 7, m/s
         86    3.005E-04                                 F               0         Tower Y translation velocity, node 7, m/s
         87    4.273E-03                                 F               0         Tower Z translation velocity, node 7, m/s
         88   -4.181E-03                                 F               0         Tower X translation velocity, node 8, m/s
         89    1.891E-04                                 F               0         Tower Y translation velocity, node 8, m/s
         90    4.259E-03                                 F               0         Tower Z translation velocity, node 8, m/s
         91   -4.076E-03                                 F               0         Tower X translation velocity, node 9, m/s
         92    7.379E-05                                 F               0         Tower Y translation velocity, node 9, m/s
         93    4.245E-03                                 F               0         Tower Z translation velocity, node 9, m/s
         94   -3.972E-03                                 F               0         Tower X translation velocity, node 10, m/s
         95   -4.440E-05                                 F               0         Tower Y translation velocity, node 10, m/s
         96    4.230E-03                                 F               0         Tower Z translation velocity, node 10, m/s
         97   -3.868E-03                                 F               0         Tower X translation velocity, node 11, m/s
         98   -1.644E-04                                 F               0         Tower Y translation velocity, node 11, m/s
         99    4.215E-03                                 F               0         Tower Z translation velocity, node 11, m/s
        100    1.886E+01                                 F               0         Hub X translation displacement, node 1, m
        101   -7.113E+00                                 F               0         Hub Y translation displacement, node 1, m
        102    1.676E-01                                 F               0         Hub Z translation displacement, node 1, m
        103    9.812E-01,  9.160E-03, -1.926E-01         F               0         Hub X orientation angle, node 1, rad
        104    1.056E-01,  8.100E-01,  5.768E-01         F               0         Hub Y orientation angle, node 1, rad
        105    1.613E-01, -5.864E-01,  7.938E-01         F               0         Hub Z orientation angle, node 1, rad
        106    6.940E-01                                 F               0         Hub X rotation velocity, node 1, rad/s
        107    6.487E-03                                 F               0         Hub Y rotation velocity, node 1, rad/s
        108   -1.362E-01                                 F               0         Hub Z rotation velocity, node 1, rad/s
        109    9.777E-01, -1.487E-02, -2.096E-01         F               0         Blade root 1 X orientation angle, node 1, rad
        110    1.347E-01,  8.099E-01,  5.709E-01         F               0         Blade root 1 Y orientation angle, node 1, rad
        111    1.613E-01, -5.864E-01,  7.938E-01         F               0         Blade root 1 Z orientation angle, node 1, rad
        112    9.782E-01,  3.624E-02, -2.043E-01         F               0         Blade root 2 X orientation angle, node 1, rad
        113    1.159E-01, -9.121E-01,  3.932E-01         F               0         Blade root 2 Y orientation angle, node 1, rad
        114   -1.721E-01, -4.083E-01, -8.965E-01         F               0         Blade root 2 Z orientation angle, node 1, rad
        115    9.865E-01,  6.106E-03, -1.635E-01         F               0         Blade root 3 X orientation angle, node 1, rad
        116   -1.633E-01,  1.030E-01, -9.812E-01         F               0         Blade root 3 Y orientation angle, node 1, rad
        117    1.086E-02,  9.947E-01,  1.026E-01         F               0         Blade root 3 Z orientation angle, node 1, rad
        118    1.918E+01                                 F               0         Blade 1 X translation displacement, node 1, m
        119   -1.036E+01                                 F               0         Blade 1 Y translation displacement, node 1, m
        120   -9.442E-01                                 F               0         Blade 1 Z translation displacement, node 1, m
        121    1.925E+01                                 F               0         Blade 1 X translation displacement, node 2, m
        122   -1.114E+01                                 F               0         Blade 1 Y translation displacement, node 2, m
        123   -1.212E+00                                 F               0         Blade 1 Z translation displacement, node 2, m
        124    2.028E+01                                 F               0         Blade 1 X translation displacement, node 3, m
        125   -2.179E+01                                 F               0         Blade 1 Y translation displacement, node 3, m
        126   -4.855E+00                                 F               0         Blade 1 Z translation displacement, node 3, m
        127    2.050E+01                                 F               0         Blade 1 X translation displacement, node 4, m
        128   -2.406E+01                                 F               0         Blade 1 Y translation displacement, node 4, m
        129   -5.631E+00                                 F               0         Blade 1 Z translation displacement, node 4, m
        130    2.072E+01                                 F               0         Blade 1 X translation displacement, node 5, m
        131   -2.632E+01                                 F               0         Blade 1 Y translation displacement, node 5, m
        132   -6.408E+00                                 F               0         Blade 1 Z translation displacement, node 5, m
        133    2.094E+01                                 F               0         Blade 1 X translation displacement, node 6, m
        134   -2.859E+01                                 F               0         Blade 1 Y translation displacement, node 6, m
        135   -7.184E+00                                 F               0         Blade 1 Z translation displacement, node 6, m
        136    2.116E+01                                 F               0         Blade 1 X translation displacement, node 7, m
        137   -3.086E+01                                 F               0         Blade 1 Y translation displacement, node 7, m
        138   -7.960E+00                                 F               0         Blade 1 Z translation displacement, node 7, m
        139    2.138E+01                                 F               0         Blade 1 X translation displacement, node 8, m
        140   -3.313E+01                                 F               0         Blade 1 Y translation displacement, node 8, m
        141   -8.736E+00                                 F               0         Blade 1 Z translation displacement, node 8, m
        142    2.160E+01                                 F               0         Blade 1 X translation displacement, node 9, m
        143   -3.540E+01                                 F               0         Blade 1 Y translation displacement, node 9, m
        144   -9.512E+00                                 F               0         Blade 1 Z translation displacement, node 9, m
        145    2.182E+01                                 F               0         Blade 1 X translation displacement, node 10, m
        146   -3.766E+01                                 F               0         Blade 1 Y translation displacement, node 10, m
        147   -1.029E+01                                 F               0         Blade 1 Z translation displacement, node 10, m
        148    2.204E+01                                 F               0         Blade 1 X translation displacement, node 11, m
        149   -3.993E+01                                 F               0         Blade 1 Y translation displacement, node 11, m
        150   -1.106E+01                                 F               0         Blade 1 Z translation displacement, node 11, m
        151    2.226E+01                                 F               0         Blade 1 X translation displacement, node 12, m
        152   -4.220E+01                                 F               0         Blade 1 Y translation displacement, node 12, m
        153   -1.184E+01                                 F               0         Blade 1 Z translation displacement, node 12, m
        154    2.248E+01                                 F               0         Blade 1 X translation displacement, node 13, m
        155   -4.447E+01                                 F               0         Blade 1 Y translation displacement, node 13, m
        156   -1.262E+01                                 F               0         Blade 1 Z translation displacement, node 13, m
        157    2.270E+01                                 F               0         Blade 1 X translation displacement, node 14, m
        158   -4.673E+01                                 F               0         Blade 1 Y translation displacement, node 14, m
        159   -1.339E+01                                 F               0         Blade 1 Z translation displacement, node 14, m
        160    2.292E+01                                 F               0         Blade 1 X translation displacement, node 15, m
        161   -4.900E+01                                 F               0         Blade 1 Y translation displacement, node 15, m
        162   -1.417E+01                                 F               0         Blade 1 Z translation displacement, node 15, m
        163    2.314E+01                                 F               0         Blade 1 X translation displacement, node 16, m
        164   -5.127E+01                                 F               0         Blade 1 Y translation displacement, node 16, m
        165   -1.495E+01                                 F               0         Blade 1 Z translation displacement, node 16, m
        166    2.336E+01                                 F               0         Blade 1 X translation displacement, node 17, m
        167   -5.354E+01                                 F               0         Blade 1 Y translation displacement, node 17, m
        168   -1.572E+01                                 F               0         Blade 1 Z translation displacement, node 17, m
        169    2.357E+01                                 F               0         Blade 1 X translation displacement, node 18, m
        170   -5.581E+01                                 F               0         Blade 1 Y translation displacement, node 18, m
        171   -1.650E+01                                 F               0         Blade 1 Z translation displacement, node 18, m
        172    2.379E+01                                 F               0         Blade 1 X translation displacement, node 19, m
        173   -5.807E+01                                 F               0         Blade 1 Y translation displacement, node 19, m
        174   -1.727E+01                                 F               0         Blade 1 Z translation displacement, node 19, m
        175    2.401E+01                                 F               0         Blade 1 X translation displacement, node 20, m
        176   -6.034E+01                                 F               0         Blade 1 Y translation displacement, node 20, m
        177   -1.805E+01                                 F               0         Blade 1 Z translation displacement, node 20, m
        178    2.423E+01                                 F               0         Blade 1 X translation displacement, node 21, m
        179   -6.261E+01                                 F               0         Blade 1 Y translation displacement, node 21, m
        180   -1.883E+01                                 F               0         Blade 1 Z translation displacement, node 21, m
        181    2.445E+01                                 F               0         Blade 1 X translation displacement, node 22, m
        182   -6.488E+01                                 F               0         Blade 1 Y translation displacement, node 22, m
        183   -1.960E+01                                 F               0         Blade 1 Z translation displacement, node 22, m
        184    2.467E+01                                 F               0         Blade 1 X translation displacement, node 23, m
        185   -6.715E+01                                 F               0         Blade 1 Y translation displacement, node 23, m
        186   -2.038E+01                                 F               0         Blade 1 Z translation displacement, node 23, m
        187    2.489E+01                                 F               0         Blade 1 X translation displacement, node 24, m
        188   -6.941E+01                                 F               0         Blade 1 Y translation displacement, node 24, m
        189   -2.116E+01                                 F               0         Blade 1 Z translation displacement, node 24, m
        190    2.511E+01                                 F               0         Blade 1 X translation displacement, node 25, m
        191   -7.168E+01                                 F               0         Blade 1 Y translation displacement, node 25, m
        192   -2.193E+01                                 F               0         Blade 1 Z translation displacement, node 25, m
        193    2.533E+01                                 F               0         Blade 1 X translation displacement, node 26, m
        194   -7.395E+01                                 F               0         Blade 1 Y translation displacement, node 26, m
        195   -2.271E+01                                 F               0         Blade 1 Z translation displacement, node 26, m
        196    2.555E+01                                 F               0         Blade 1 X translation displacement, node 27, m
        197   -7.622E+01                                 F               0         Blade 1 Y translation displacement, node 27, m
        198   -2.348E+01                                 F               0         Blade 1 Z translation displacement, node 27, m
        199    2.574E+01                                 F               0         Blade 1 X translation displacement, node 28, m
        200   -7.814E+01                                 F               0         Blade 1 Y translation displacement, node 28, m
        201   -2.414E+01                                 F               0         Blade 1 Z translation displacement, node 28, m
        202    8.087E-01, -3.826E-01, -4.469E-01         F               0         Blade 1 X orientation angle, node 1, rad
        203    5.657E-01,  7.140E-01,  4.125E-01         F               0         Blade 1 Y orientation angle, node 1, rad
        204    1.613E-01, -5.864E-01,  7.938E-01         F               0         Blade 1 Z orientation angle, node 1, rad
        205    8.087E-01, -3.826E-01, -4.469E-01         F               0         Blade 1 X orientation angle, node 2, rad
        206    5.657E-01,  7.140E-01,  4.125E-01         F               0         Blade 1 Y orientation angle, node 2, rad
        207    1.613E-01, -5.864E-01,  7.938E-01         F               0         Blade 1 Z orientation angle, node 2, rad
        208    9.197E-01, -2.024E-01, -3.364E-01         F               0         Blade 1 X orientation angle, node 3, rad
        209    3.579E-01,  7.843E-01,  5.066E-01         F               0         Blade 1 Y orientation angle, node 3, rad
        210    1.613E-01, -5.864E-01,  7.938E-01         F               0         Blade 1 Z orientation angle, node 3, rad
        211    9.340E-01, -1.691E-01, -3.147E-01         F               0         Blade 1 X orientation angle, node 4, rad
        212    3.188E-01,  7.922E-01,  5.204E-01         F               0         Blade 1 Y orientation angle, node 4, rad
        213    1.613E-01, -5.864E-01,  7.938E-01         F               0         Blade 1 Z orientation angle, node 4, rad
        214    9.441E-01, -1.428E-01, -2.973E-01         F               0         Blade 1 X orientation angle, node 5, rad
        215    2.876E-01,  7.974E-01,  5.305E-01         F               0         Blade 1 Y orientation angle, node 5, rad
        216    1.613E-01, -5.864E-01,  7.938E-01         F               0         Blade 1 Z orientation angle, node 5, rad
        217    9.514E-01, -1.216E-01, -2.831E-01         F               0         Blade 1 X orientation angle, node 6, rad
        218    2.625E-01,  8.009E-01,  5.382E-01         F               0         Blade 1 Y orientation angle, node 6, rad
        219    1.613E-01, -5.864E-01,  7.938E-01         F               0         Blade 1 Z orientation angle, node 6, rad
        220    9.569E-01, -1.041E-01, -2.713E-01         F               0         Blade 1 X orientation angle, node 7, rad
        221    2.417E-01,  8.033E-01,  5.443E-01         F               0         Blade 1 Y orientation angle, node 7, rad
        222    1.613E-01, -5.864E-01,  7.938E-01         F               0         Blade 1 Z orientation angle, node 7, rad
        223    9.611E-01, -8.948E-02, -2.613E-01         F               0         Blade 1 X orientation angle, node 8, rad
        224    2.243E-01,  8.051E-01,  5.491E-01         F               0         Blade 1 Y orientation angle, node 8, rad
        225    1.613E-01, -5.864E-01,  7.938E-01         F               0         Blade 1 Z orientation angle, node 8, rad
        226    9.644E-01, -7.711E-02, -2.529E-01         F               0         Blade 1 X orientation angle, node 9, rad
        227    2.095E-01,  8.064E-01,  5.531E-01         F               0         Blade 1 Y orientation angle, node 9, rad
        228    1.613E-01, -5.864E-01,  7.938E-01         F               0         Blade 1 Z orientation angle, node 9, rad
        229    9.671E-01, -6.640E-02, -2.455E-01         F               0         Blade 1 X orientation angle, node 10, rad
        230    1.967E-01,  8.073E-01,  5.564E-01         F               0         Blade 1 Y orientation angle, node 10, rad
        231    1.613E-01, -5.864E-01,  7.938E-01         F               0         Blade 1 Z orientation angle, node 10, rad
        232    9.693E-01, -5.724E-02, -2.392E-01         F               0         Blade 1 X orientation angle, node 11, rad
        233    1.857E-01,  8.080E-01,  5.591E-01         F               0         Blade 1 Y orientation angle, node 11, rad
        234    1.613E-01, -5.864E-01,  7.938E-01         F               0         Blade 1 Z orientation angle, node 11, rad
        235    9.711E-01, -4.920E-02, -2.336E-01         F               0         Blade 1 X orientation angle, node 12, rad
        236    1.760E-01,  8.086E-01,  5.615E-01         F               0         Blade 1 Y orientation angle, node 12, rad
        237    1.613E-01, -5.864E-01,  7.938E-01         F               0         Blade 1 Z orientation angle, node 12, rad
        238    9.726E-01, -4.214E-02, -2.287E-01         F               0         Blade 1 X orientation angle, node 13, rad
        239    1.676E-01,  8.089E-01,  5.635E-01         F               0         Blade 1 Y orientation angle, node 13, rad
        240    1.613E-01, -5.864E-01,  7.938E-01         F               0         Blade 1 Z orientation angle, node 13, rad
        241    9.739E-01, -3.579E-02, -2.243E-01         F               0         Blade 1 X orientation angle, node 14, rad
        242    1.599E-01,  8.093E-01,  5.653E-01         F               0         Blade 1 Y orientation angle, node 14, rad
        243    1.613E-01, -5.864E-01,  7.938E-01         F               0         Blade 1 Z orientation angle, node 14, rad
        244    9.750E-01, -3.014E-02, -2.203E-01         F               0         Blade 1 X orientation angle, node 15, rad
        245    1.531E-01,  8.095E-01,  5.668E-01         F               0         Blade 1 Y orientation angle, node 15, rad
        246    1.613E-01, -5.864E-01,  7.938E-01         F               0         Blade 1 Z orientation angle, node 15, rad
        247    9.759E-01, -2.505E-02, -2.168E-01         F               0         Blade 1 X orientation angle, node 16, rad
        248    1.470E-01,  8.097E-01,  5.682E-01         F               0         Blade 1 Y orientation angle, node 16, rad
        249    1.613E-01, -5.864E-01,  7.938E-01         F               0         Blade 1 Z orientation angle, node 16, rad
        250    9.767E-01, -2.053E-02, -2.136E-01         F               0         Blade 1 X orientation angle, node 17, rad
        251    1.415E-01,  8.098E-01,  5.694E-01         F               0         Blade 1 Y orientation angle, node 17, rad
        252    1.613E-01, -5.864E-01,  7.938E-01         F               0         Blade 1 Z orientation angle, node 17, rad
        253    9.774E-01, -1.629E-02, -2.106E-01         F               0         Blade 1 X orientation angle, node 18, rad
        254    1.364E-01,  8.099E-01,  5.705E-01         F               0         Blade 1 Y orientation angle, node 18, rad
        255    1.613E-01, -5.864E-01,  7.938E-01         F               0         Blade 1 Z orientation angle, node 18, rad
        256    9.781E-01, -1.247E-02, -2.079E-01         F               0         Blade 1 X orientation angle, node 19, rad
        257    1.318E-01,  8.100E-01,  5.715E-01         F               0         Blade 1 Y orientation angle, node 19, rad
        258    1.613E-01, -5.864E-01,  7.938E-01         F               0         Blade 1 Z orientation angle, node 19, rad
        259    9.786E-01, -9.078E-03, -2.055E-01         F               0         Blade 1 X orientation angle, node 20, rad
        260    1.277E-01,  8.100E-01,  5.724E-01         F               0         Blade 1 Y orientation angle, node 20, rad
        261    1.613E-01, -5.864E-01,  7.938E-01         F               0         Blade 1 Z orientation angle, node 20, rad
        262    9.791E-01, -5.826E-03, -2.032E-01         F               0         Blade 1 X orientation angle, node 21, rad
        263    1.238E-01,  8.100E-01,  5.732E-01         F               0         Blade 1 Y orientation angle, node 21, rad
        264    1.613E-01, -5.864E-01,  7.938E-01         F               0         Blade 1 Z orientation angle, node 21, rad
        265    9.796E-01, -2.857E-03, -2.011E-01         F               0         Blade 1 X orientation angle, node 22, rad
        266    1.202E-01,  8.100E-01,  5.739E-01         F               0         Blade 1 Y orientation angle, node 22, rad
        267    1.613E-01, -5.864E-01,  7.938E-01         F               0         Blade 1 Z orientation angle, node 22, rad
        268    9.800E-01, -1.709E-04, -1.992E-01         F               0         Blade 1 X orientation angle, node 23, rad
        269    1.169E-01,  8.100E-01,  5.746E-01         F               0         Blade 1 Y orientation angle, node 23, rad
        270    1.613E-01, -5.864E-01,  7.938E-01         F               0         Blade 1 Z orientation angle, node 23, rad
        271    9.803E-01,  2.374E-03, -1.974E-01         F               0         Blade 1 X orientation angle, node 24, rad
        272    1.139E-01,  8.100E-01,  5.752E-01         F               0         Blade 1 Y orientation angle, node 24, rad
        273    1.613E-01, -5.864E-01,  7.938E-01         F               0         Blade 1 Z orientation angle, node 24, rad
        274    9.807E-01,  4.777E-03, -1.957E-01         F               0         Blade 1 X orientation angle, node 25, rad
        275    1.110E-01,  8.100E-01,  5.758E-01         F               0         Blade 1 Y orientation angle, node 25, rad
        276    1.613E-01, -5.864E-01,  7.938E-01         F               0         Blade 1 Z orientation angle, node 25, rad
        277    9.809E-01,  6.898E-03, -1.942E-01         F               0         Blade 1 X orientation angle, node 26, rad
        278    1.084E-01,  8.100E-01,  5.763E-01         F               0         Blade 1 Y orientation angle, node 26, rad
        279    1.613E-01, -5.864E-01,  7.938E-01         F               0         Blade 1 Z orientation angle, node 26, rad
        280    9.812E-01,  9.019E-03, -1.927E-01         F               0         Blade 1 X orientation angle, node 27, rad
        281    1.058E-01,  8.100E-01,  5.768E-01         F               0         Blade 1 Y orientation angle, node 27, rad
        282    1.613E-01, -5.864E-01,  7.938E-01         F               0         Blade 1 Z orientation angle, node 27, rad
        283    9.814E-01,  1.015E-02, -1.919E-01         F               0         Blade 1 X orientation angle, node 28, rad
        284    1.044E-01,  8.100E-01,  5.771E-01         F               0         Blade 1 Y orientation angle, node 28, rad
        285    1.613E-01, -5.864E-01,  7.938E-01         F               0         Blade 1 Z orientation angle, node 28, rad
        286   -4.177E-01                                 F               0         Blade 1 X translation velocity, node 1, m/s
        287   -3.174E+00                                 F               0         Blade 1 Y translation velocity, node 1, m/s
        288   -2.256E+00                                 F               0         Blade 1 Z translation velocity, node 1, m/s
        289   -5.175E-01                                 F               0         Blade 1 X translation velocity, node 2, m/s
        290   -3.939E+00                                 F               0         Blade 1 Y translation velocity, node 2, m/s
        291   -2.801E+00                                 F               0         Blade 1 Z translation velocity, node 2, m/s
        292   -1.874E+00                                 F               0         Blade 1 X translation velocity, node 3, m/s
        293   -1.434E+01                                 F               0         Blade 1 Y translation velocity, node 3, m/s
        294   -1.021E+01                                 F               0         Blade 1 Z translation velocity, node 3, m/s
        295   -2.163E+00                                 F               0         Blade 1 X translation velocity, node 4, m/s
        296   -1.655E+01                                 F               0         Blade 1 Y translation velocity, node 4, m/s
        297   -1.178E+01                                 F               0         Blade 1 Z translation velocity, node 4, m/s
        298   -2.452E+00                                 F               0         Blade 1 X translation velocity, node 5, m/s
        299   -1.877E+01                                 F               0         Blade 1 Y translation velocity, node 5, m/s
        300   -1.336E+01                                 F               0         Blade 1 Z translation velocity, node 5, m/s
        301   -2.741E+00                                 F               0         Blade 1 X translation velocity, node 6, m/s
        302   -2.099E+01                                 F               0         Blade 1 Y translation velocity, node 6, m/s
        303   -1.494E+01                                 F               0         Blade 1 Z translation velocity, node 6, m/s
        304   -3.030E+00                                 F               0         Blade 1 X translation velocity, node 7, m/s
        305   -2.320E+01                                 F               0         Blade 1 Y translation velocity, node 7, m/s
        306   -1.652E+01                                 F               0         Blade 1 Z translation velocity, node 7, m/s
        307   -3.319E+00                                 F               0         Blade 1 X translation velocity, node 8, m/s
