
Linearized model: Predictions were generated on 11-Jan-2024 at 12:32:35 using OpenFAST, compiled as a 64-bit application using single precision at commit v3.5.1
 linked with  NWTC Subroutine Library; ElastoDyn; InflowWind; AeroDyn; ServoDyn; HydroDyn; MoorDyn (v2.0.0, 2023-09-18)

Description from the FAST input file: CCT-9 Campign 4 model. Input files to be run with OpenFAST 3.5.0. GitHub branch from Lu Wang (https://github.com/luwang00/openfast/tree/dev) compiled on March 7, 2023.

Simulation information:
   Simulation time:                   505.9250 s
   Rotor Speed:                         0.7073 rad/s
   Azimuth:                             1.4487 rad
   Wind Speed:                          8.0000 m/s
   Number of continuous states:         0
   Number of discrete states:           0
   Number of constraint states:         0
   Number of inputs:                 1746
   Number of outputs:                   4
   Jacobians included in this file?    No

Order of inputs:
     Column   Operating Point                     Rotating Frame? Derivative Order Description
   ---------- ---------------                     --------------- ---------------- -----------
          1    7.282E+00                                 F               0         Tower X translation displacement, node 1, m
          2   -1.234E+00                                 F               0         Tower Y translation displacement, node 1, m
          3   -1.518E-01                                 F               0         Tower Z translation displacement, node 1, m
          4    8.325E+00                                 F               0         Tower X translation displacement, node 2, m
          5   -1.768E+00                                 F               0         Tower Y translation displacement, node 2, m
          6   -2.075E-01                                 F               0         Tower Z translation displacement, node 2, m
          7    9.384E+00                                 F               0         Tower X translation displacement, node 3, m
          8   -2.306E+00                                 F               0         Tower Y translation displacement, node 3, m
          9   -2.648E-01                                 F               0         Tower Z translation displacement, node 3, m
         10    1.046E+01                                 F               0         Tower X translation displacement, node 4, m
         11   -2.849E+00                                 F               0         Tower Y translation displacement, node 4, m
         12   -3.232E-01                                 F               0         Tower Z translation displacement, node 4, m
         13    1.154E+01                                 F               0         Tower X translation displacement, node 5, m
         14   -3.395E+00                                 F               0         Tower Y translation displacement, node 5, m
         15   -3.827E-01                                 F               0         Tower Z translation displacement, node 5, m
         16    1.262E+01                                 F               0         Tower X translation displacement, node 6, m
         17   -3.944E+00                                 F               0         Tower Y translation displacement, node 6, m
         18   -4.429E-01                                 F               0         Tower Z translation displacement, node 6, m
         19    1.372E+01                                 F               0         Tower X translation displacement, node 7, m
         20   -4.495E+00                                 F               0         Tower Y translation displacement, node 7, m
         21   -5.037E-01                                 F               0         Tower Z translation displacement, node 7, m
         22    1.481E+01                                 F               0         Tower X translation displacement, node 8, m
         23   -5.048E+00                                 F               0         Tower Y translation displacement, node 8, m
         24   -5.649E-01                                 F               0         Tower Z translation displacement, node 8, m
         25    1.591E+01                                 F               0         Tower X translation displacement, node 9, m
         26   -5.603E+00                                 F               0         Tower Y translation displacement, node 9, m
         27   -6.264E-01                                 F               0         Tower Z translation displacement, node 9, m
         28    1.701E+01                                 F               0         Tower X translation displacement, node 10, m
         29   -6.158E+00                                 F               0         Tower Y translation displacement, node 10, m
         30   -6.881E-01                                 F               0         Tower Z translation displacement, node 10, m
         31    1.812E+01                                 F               0         Tower X translation displacement, node 11, m
         32   -6.715E+00                                 F               0         Tower Y translation displacement, node 11, m
         33   -7.499E-01                                 F               0         Tower Z translation displacement, node 11, m
         34    9.965E-01,  4.235E-03, -8.383E-02         F               0         Tower X orientation angle, node 1, rad
         35   -6.096E-04,  9.991E-01,  4.323E-02         F               0         Tower Y orientation angle, node 1, rad
         36    8.394E-02, -4.302E-02,  9.955E-01         F               0         Tower Z orientation angle, node 1, rad
         37    9.964E-01,  4.288E-03, -8.504E-02         F               0         Tower X orientation angle, node 2, rad
         38   -5.767E-04,  9.990E-01,  4.361E-02         F               0         Tower Y orientation angle, node 2, rad
         39    8.515E-02, -4.340E-02,  9.954E-01         F               0         Tower Z orientation angle, node 2, rad
         40    9.963E-01,  4.333E-03, -8.608E-02         F               0         Tower X orientation angle, node 3, rad
         41   -5.468E-04,  9.990E-01,  4.396E-02         F               0         Tower Y orientation angle, node 3, rad
         42    8.619E-02, -4.375E-02,  9.953E-01         F               0         Tower Z orientation angle, node 3, rad
         43    9.962E-01,  4.371E-03, -8.694E-02         F               0         Tower X orientation angle, node 4, rad
         44   -5.204E-04,  9.990E-01,  4.426E-02         F               0         Tower Y orientation angle, node 4, rad
         45    8.705E-02, -4.405E-02,  9.952E-01         F               0         Tower Z orientation angle, node 4, rad
         46    9.961E-01,  4.402E-03, -8.763E-02         F               0         Tower X orientation angle, node 5, rad
         47   -4.976E-04,  9.990E-01,  4.452E-02         F               0         Tower Y orientation angle, node 5, rad
         48    8.774E-02, -4.431E-02,  9.952E-01         F               0         Tower Z orientation angle, node 5, rad
         49    9.961E-01,  4.425E-03, -8.815E-02         F               0         Tower X orientation angle, node 6, rad
         50   -4.784E-04,  9.990E-01,  4.474E-02         F               0         Tower Y orientation angle, node 6, rad
         51    8.826E-02, -4.453E-02,  9.951E-01         F               0         Tower Z orientation angle, node 6, rad
         52    9.961E-01,  4.442E-03, -8.852E-02         F               0         Tower X orientation angle, node 7, rad
         53   -4.630E-04,  9.990E-01,  4.492E-02         F               0         Tower Y orientation angle, node 7, rad
         54    8.864E-02, -4.470E-02,  9.951E-01         F               0         Tower Z orientation angle, node 7, rad
         55    9.960E-01,  4.454E-03, -8.878E-02         F               0         Tower X orientation angle, node 8, rad
         56   -4.510E-04,  9.990E-01,  4.505E-02         F               0         Tower Y orientation angle, node 8, rad
         57    8.889E-02, -4.483E-02,  9.950E-01         F               0         Tower Z orientation angle, node 8, rad
         58    9.960E-01,  4.461E-03, -8.894E-02         F               0         Tower X orientation angle, node 9, rad
         59   -4.422E-04,  9.990E-01,  4.515E-02         F               0         Tower Y orientation angle, node 9, rad
         60    8.906E-02, -4.493E-02,  9.950E-01         F               0         Tower Z orientation angle, node 9, rad
         61    9.960E-01,  4.465E-03, -8.903E-02         F               0         Tower X orientation angle, node 10, rad
         62   -4.365E-04,  9.990E-01,  4.522E-02         F               0         Tower Y orientation angle, node 10, rad
         63    8.914E-02, -4.500E-02,  9.950E-01         F               0         Tower Z orientation angle, node 10, rad
         64    9.960E-01,  4.467E-03, -8.907E-02         F               0         Tower X orientation angle, node 11, rad
         65   -4.333E-04,  9.990E-01,  4.525E-02         F               0         Tower Y orientation angle, node 11, rad
         66    8.918E-02, -4.503E-02,  9.950E-01         F               0         Tower Z orientation angle, node 11, rad
         67   -5.102E-03                                 F               0         Tower X translation velocity, node 1, m/s
         68   -1.196E-04                                 F               0         Tower Y translation velocity, node 1, m/s
         69    4.352E-03                                 F               0         Tower Z translation velocity, node 1, m/s
         70   -4.979E-03                                 F               0         Tower X translation velocity, node 2, m/s
         71   -5.778E-04                                 F               0         Tower Y translation velocity, node 2, m/s
         72    4.321E-03                                 F               0         Tower Z translation velocity, node 2, m/s
         73   -4.844E-03                                 F               0         Tower X translation velocity, node 3, m/s
         74   -1.059E-03                                 F               0         Tower Y translation velocity, node 3, m/s
         75    4.289E-03                                 F               0         Tower Z translation velocity, node 3, m/s
         76   -4.698E-03                                 F               0         Tower X translation velocity, node 4, m/s
         77   -1.560E-03                                 F               0         Tower Y translation velocity, node 4, m/s
         78    4.254E-03                                 F               0         Tower Z translation velocity, node 4, m/s
         79   -4.542E-03                                 F               0         Tower X translation velocity, node 5, m/s
         80   -2.077E-03                                 F               0         Tower Y translation velocity, node 5, m/s
         81    4.217E-03                                 F               0         Tower Z translation velocity, node 5, m/s
         82   -4.378E-03                                 F               0         Tower X translation velocity, node 6, m/s
         83   -2.609E-03                                 F               0         Tower Y translation velocity, node 6, m/s
         84    4.179E-03                                 F               0         Tower Z translation velocity, node 6, m/s
         85   -4.206E-03                                 F               0         Tower X translation velocity, node 7, m/s
         86   -3.154E-03                                 F               0         Tower Y translation velocity, node 7, m/s
         87    4.139E-03                                 F               0         Tower Z translation velocity, node 7, m/s
         88   -4.027E-03                                 F               0         Tower X translation velocity, node 8, m/s
         89   -3.709E-03                                 F               0         Tower Y translation velocity, node 8, m/s
         90    4.098E-03                                 F               0         Tower Z translation velocity, node 8, m/s
         91   -3.843E-03                                 F               0         Tower X translation velocity, node 9, m/s
         92   -4.272E-03                                 F               0         Tower Y translation velocity, node 9, m/s
         93    4.056E-03                                 F               0         Tower Z translation velocity, node 9, m/s
         94   -3.654E-03                                 F               0         Tower X translation velocity, node 10, m/s
         95   -4.842E-03                                 F               0         Tower Y translation velocity, node 10, m/s
         96    4.014E-03                                 F               0         Tower Z translation velocity, node 10, m/s
         97   -3.463E-03                                 F               0         Tower X translation velocity, node 11, m/s
         98   -5.416E-03                                 F               0         Tower Y translation velocity, node 11, m/s
         99    3.971E-03                                 F               0         Tower Z translation velocity, node 11, m/s
        100    1.886E+01                                 F               0         Hub X translation displacement, node 1, m
        101   -7.116E+00                                 F               0         Hub Y translation displacement, node 1, m
        102    1.729E-01                                 F               0         Hub Z translation displacement, node 1, m
        103    9.812E-01,  9.150E-03, -1.926E-01         F               0         Hub X orientation angle, node 1, rad
        104    1.913E-01,  7.770E-02,  9.784E-01         F               0         Hub Y orientation angle, node 1, rad
        105    2.392E-02, -9.969E-01,  7.449E-02         F               0         Hub Z orientation angle, node 1, rad
        106    6.940E-01                                 F               0         Hub X rotation velocity, node 1, rad/s
        107    6.488E-03                                 F               0         Hub Y rotation velocity, node 1, rad/s
        108   -1.362E-01                                 F               0         Hub Z rotation velocity, node 1, rad/s
        109    9.751E-01,  6.841E-03, -2.215E-01         F               0         Blade root 1 X orientation angle, node 1, rad
        110    2.203E-01,  7.794E-02,  9.723E-01         F               0         Blade root 1 Y orientation angle, node 1, rad
        111    2.392E-02, -9.969E-01,  7.449E-02         F               0         Blade root 1 Z orientation angle, node 1, rad
        112    9.830E-01,  3.591E-02, -1.799E-01         F               0         Blade root 2 X orientation angle, node 1, rad
        113   -4.580E-02, -9.016E-01, -4.302E-01         F               0         Blade root 2 Y orientation angle, node 1, rad
        114   -1.776E-01,  4.312E-01, -8.846E-01         F               0         Blade root 2 Z orientation angle, node 1, rad
        115    9.843E-01, -1.531E-02, -1.761E-01         F               0         Blade root 3 X orientation angle, node 1, rad
        116   -8.721E-02,  8.244E-01, -5.592E-01         F               0         Blade root 3 Y orientation angle, node 1, rad
        117    1.537E-01,  5.658E-01,  8.101E-01         F               0         Blade root 3 Z orientation angle, node 1, rad
        118    1.841E+01                                 F               0         Blade 1 X translation displacement, node 1, m
        119   -1.264E+01                                 F               0         Blade 1 Y translation displacement, node 1, m
        120   -4.924E+00                                 F               0         Blade 1 Z translation displacement, node 1, m
        121    1.830E+01                                 F               0         Blade 1 X translation displacement, node 2, m
        122   -1.397E+01                                 F               0         Blade 1 Y translation displacement, node 2, m
        123   -6.152E+00                                 F               0         Blade 1 Z translation displacement, node 2, m
        124    1.684E+01                                 F               0         Blade 1 X translation displacement, node 3, m
        125   -3.207E+01                                 F               0         Blade 1 Y translation displacement, node 3, m
        126   -2.285E+01                                 F               0         Blade 1 Z translation displacement, node 3, m
        127    1.653E+01                                 F               0         Blade 1 X translation displacement, node 4, m
        128   -3.592E+01                                 F               0         Blade 1 Y translation displacement, node 4, m
        129   -2.641E+01                                 F               0         Blade 1 Z translation displacement, node 4, m
        130    1.622E+01                                 F               0         Blade 1 X translation displacement, node 5, m
        131   -3.978E+01                                 F               0         Blade 1 Y translation displacement, node 5, m
        132   -2.997E+01                                 F               0         Blade 1 Z translation displacement, node 5, m
        133    1.591E+01                                 F               0         Blade 1 X translation displacement, node 6, m
        134   -4.363E+01                                 F               0         Blade 1 Y translation displacement, node 6, m
        135   -3.353E+01                                 F               0         Blade 1 Z translation displacement, node 6, m
        136    1.559E+01                                 F               0         Blade 1 X translation displacement, node 7, m
        137   -4.749E+01                                 F               0         Blade 1 Y translation displacement, node 7, m
        138   -3.709E+01                                 F               0         Blade 1 Z translation displacement, node 7, m
        139    1.528E+01                                 F               0         Blade 1 X translation displacement, node 8, m
        140   -5.135E+01                                 F               0         Blade 1 Y translation displacement, node 8, m
        141   -4.065E+01                                 F               0         Blade 1 Z translation displacement, node 8, m
        142    1.497E+01                                 F               0         Blade 1 X translation displacement, node 9, m
        143   -5.520E+01                                 F               0         Blade 1 Y translation displacement, node 9, m
        144   -4.420E+01                                 F               0         Blade 1 Z translation displacement, node 9, m
        145    1.466E+01                                 F               0         Blade 1 X translation displacement, node 10, m
        146   -5.906E+01                                 F               0         Blade 1 Y translation displacement, node 10, m
        147   -4.776E+01                                 F               0         Blade 1 Z translation displacement, node 10, m
        148    1.435E+01                                 F               0         Blade 1 X translation displacement, node 11, m
        149   -6.291E+01                                 F               0         Blade 1 Y translation displacement, node 11, m
        150   -5.132E+01                                 F               0         Blade 1 Z translation displacement, node 11, m
        151    1.404E+01                                 F               0         Blade 1 X translation displacement, node 12, m
        152   -6.677E+01                                 F               0         Blade 1 Y translation displacement, node 12, m
        153   -5.488E+01                                 F               0         Blade 1 Z translation displacement, node 12, m
        154    1.372E+01                                 F               0         Blade 1 X translation displacement, node 13, m
        155   -7.063E+01                                 F               0         Blade 1 Y translation displacement, node 13, m
        156   -5.844E+01                                 F               0         Blade 1 Z translation displacement, node 13, m
        157    1.341E+01                                 F               0         Blade 1 X translation displacement, node 14, m
        158   -7.448E+01                                 F               0         Blade 1 Y translation displacement, node 14, m
        159   -6.200E+01                                 F               0         Blade 1 Z translation displacement, node 14, m
        160    1.310E+01                                 F               0         Blade 1 X translation displacement, node 15, m
        161   -7.834E+01                                 F               0         Blade 1 Y translation displacement, node 15, m
        162   -6.555E+01                                 F               0         Blade 1 Z translation displacement, node 15, m
        163    1.279E+01                                 F               0         Blade 1 X translation displacement, node 16, m
        164   -8.219E+01                                 F               0         Blade 1 Y translation displacement, node 16, m
        165   -6.911E+01                                 F               0         Blade 1 Z translation displacement, node 16, m
        166    1.248E+01                                 F               0         Blade 1 X translation displacement, node 17, m
        167   -8.605E+01                                 F               0         Blade 1 Y translation displacement, node 17, m
        168   -7.267E+01                                 F               0         Blade 1 Z translation displacement, node 17, m
        169    1.216E+01                                 F               0         Blade 1 X translation displacement, node 18, m
        170   -8.990E+01                                 F               0         Blade 1 Y translation displacement, node 18, m
        171   -7.623E+01                                 F               0         Blade 1 Z translation displacement, node 18, m
        172    1.185E+01                                 F               0         Blade 1 X translation displacement, node 19, m
        173   -9.376E+01                                 F               0         Blade 1 Y translation displacement, node 19, m
        174   -7.979E+01                                 F               0         Blade 1 Z translation displacement, node 19, m
        175    1.154E+01                                 F               0         Blade 1 X translation displacement, node 20, m
        176   -9.762E+01                                 F               0         Blade 1 Y translation displacement, node 20, m
        177   -8.335E+01                                 F               0         Blade 1 Z translation displacement, node 20, m
        178    1.123E+01                                 F               0         Blade 1 X translation displacement, node 21, m
        179   -1.015E+02                                 F               0         Blade 1 Y translation displacement, node 21, m
        180   -8.690E+01                                 F               0         Blade 1 Z translation displacement, node 21, m
        181    1.092E+01                                 F               0         Blade 1 X translation displacement, node 22, m
        182   -1.053E+02                                 F               0         Blade 1 Y translation displacement, node 22, m
        183   -9.046E+01                                 F               0         Blade 1 Z translation displacement, node 22, m
        184    1.061E+01                                 F               0         Blade 1 X translation displacement, node 23, m
        185   -1.092E+02                                 F               0         Blade 1 Y translation displacement, node 23, m
        186   -9.402E+01                                 F               0         Blade 1 Z translation displacement, node 23, m
        187    1.029E+01                                 F               0         Blade 1 X translation displacement, node 24, m
        188   -1.130E+02                                 F               0         Blade 1 Y translation displacement, node 24, m
        189   -9.758E+01                                 F               0         Blade 1 Z translation displacement, node 24, m
        190    9.982E+00                                 F               0         Blade 1 X translation displacement, node 25, m
        191   -1.169E+02                                 F               0         Blade 1 Y translation displacement, node 25, m
        192   -1.011E+02                                 F               0         Blade 1 Z translation displacement, node 25, m
        193    9.670E+00                                 F               0         Blade 1 X translation displacement, node 26, m
        194   -1.208E+02                                 F               0         Blade 1 Y translation displacement, node 26, m
        195   -1.047E+02                                 F               0         Blade 1 Z translation displacement, node 26, m
        196    9.358E+00                                 F               0         Blade 1 X translation displacement, node 27, m
        197   -1.246E+02                                 F               0         Blade 1 Y translation displacement, node 27, m
        198   -1.083E+02                                 F               0         Blade 1 Z translation displacement, node 27, m
        199    9.094E+00                                 F               0         Blade 1 X translation displacement, node 28, m
        200   -1.279E+02                                 F               0         Blade 1 Y translation displacement, node 28, m
        201   -1.113E+02                                 F               0         Blade 1 Z translation displacement, node 28, m
        202    7.674E-01, -2.945E-02, -6.405E-01         F               0         Blade 1 X orientation angle, node 1, rad
        203    6.408E-01,  7.248E-02,  7.643E-01         F               0         Blade 1 Y orientation angle, node 1, rad
        204    2.392E-02, -9.969E-01,  7.449E-02         F               0         Blade 1 Z orientation angle, node 1, rad
        205    7.674E-01, -2.945E-02, -6.405E-01         F               0         Blade 1 X orientation angle, node 2, rad
        206    6.408E-01,  7.248E-02,  7.643E-01         F               0         Blade 1 Y orientation angle, node 2, rad
        207    2.392E-02, -9.969E-01,  7.449E-02         F               0         Blade 1 Z orientation angle, node 2, rad
        208    8.974E-01, -1.143E-02, -4.411E-01         F               0         Blade 1 X orientation angle, node 3, rad
        209    4.406E-01,  7.740E-02,  8.943E-01         F               0         Blade 1 Y orientation angle, node 3, rad
        210    2.392E-02, -9.969E-01,  7.449E-02         F               0         Blade 1 Z orientation angle, node 3, rad
        211    9.152E-01, -8.157E-03, -4.030E-01         F               0         Blade 1 X orientation angle, node 4, rad
        212    4.024E-01,  7.781E-02,  9.122E-01         F               0         Blade 1 Y orientation angle, node 4, rad
        213    2.392E-02, -9.969E-01,  7.449E-02         F               0         Blade 1 Z orientation angle, node 4, rad
        214    9.280E-01, -5.572E-03, -3.725E-01         F               0         Blade 1 X orientation angle, node 5, rad
        215    3.718E-01,  7.804E-02,  9.250E-01         F               0         Blade 1 Y orientation angle, node 5, rad
        216    2.392E-02, -9.969E-01,  7.449E-02         F               0         Blade 1 Z orientation angle, node 5, rad
        217    9.375E-01, -3.500E-03, -3.479E-01         F               0         Blade 1 X orientation angle, node 6, rad
        218    3.470E-01,  7.816E-02,  9.346E-01         F               0         Blade 1 Y orientation angle, node 6, rad
        219    2.392E-02, -9.969E-01,  7.449E-02         F               0         Blade 1 Z orientation angle, node 6, rad
        220    9.449E-01, -1.794E-03, -3.274E-01         F               0         Blade 1 X orientation angle, node 7, rad
        221    3.265E-01,  7.822E-02,  9.420E-01         F               0         Blade 1 Y orientation angle, node 7, rad
        222    2.392E-02, -9.969E-01,  7.449E-02         F               0         Blade 1 Z orientation angle, node 7, rad
        223    9.507E-01, -3.743E-04, -3.102E-01         F               0         Blade 1 X orientation angle, node 8, rad
        224    3.093E-01,  7.824E-02,  9.477E-01         F               0         Blade 1 Y orientation angle, node 8, rad
        225    2.392E-02, -9.969E-01,  7.449E-02         F               0         Blade 1 Z orientation angle, node 8, rad
        226    9.553E-01,  8.274E-04, -2.956E-01         F               0         Blade 1 X orientation angle, node 9, rad
        227    2.947E-01,  7.823E-02,  9.524E-01         F               0         Blade 1 Y orientation angle, node 9, rad
        228    2.392E-02, -9.969E-01,  7.449E-02         F               0         Blade 1 Z orientation angle, node 9, rad
        229    9.591E-01,  1.865E-03, -2.830E-01         F               0         Blade 1 X orientation angle, node 10, rad
        230    2.820E-01,  7.822E-02,  9.562E-01         F               0         Blade 1 Y orientation angle, node 10, rad
        231    2.392E-02, -9.969E-01,  7.449E-02         F               0         Blade 1 Z orientation angle, node 10, rad
        232    9.623E-01,  2.752E-03, -2.721E-01         F               0         Blade 1 X orientation angle, node 11, rad
        233    2.711E-01,  7.819E-02,  9.594E-01         F               0         Blade 1 Y orientation angle, node 11, rad
        234    2.392E-02, -9.969E-01,  7.449E-02         F               0         Blade 1 Z orientation angle, node 11, rad
        235    9.649E-01,  3.530E-03, -2.626E-01         F               0         Blade 1 X orientation angle, node 12, rad
        236    2.615E-01,  7.816E-02,  9.620E-01         F               0         Blade 1 Y orientation angle, node 12, rad
        237    2.392E-02, -9.969E-01,  7.449E-02         F               0         Blade 1 Z orientation angle, node 12, rad
        238    9.672E-01,  4.212E-03, -2.542E-01         F               0         Blade 1 X orientation angle, node 13, rad
        239    2.531E-01,  7.812E-02,  9.643E-01         F               0         Blade 1 Y orientation angle, node 13, rad
        240    2.392E-02, -9.969E-01,  7.449E-02         F               0         Blade 1 Z orientation angle, node 13, rad
        241    9.691E-01,  4.825E-03, -2.466E-01         F               0         Blade 1 X orientation angle, node 14, rad
        242    2.455E-01,  7.809E-02,  9.663E-01         F               0         Blade 1 Y orientation angle, node 14, rad
        243    2.392E-02, -9.969E-01,  7.449E-02         F               0         Blade 1 Z orientation angle, node 14, rad
        244    9.708E-01,  5.370E-03, -2.398E-01         F               0         Blade 1 X orientation angle, node 15, rad
        245    2.387E-01,  7.805E-02,  9.680E-01         F               0         Blade 1 Y orientation angle, node 15, rad
        246    2.392E-02, -9.969E-01,  7.449E-02         F               0         Blade 1 Z orientation angle, node 15, rad
        247    9.723E-01,  5.861E-03, -2.337E-01         F               0         Blade 1 X orientation angle, node 16, rad
        248    2.326E-01,  7.802E-02,  9.694E-01         F               0         Blade 1 Y orientation angle, node 16, rad
        249    2.392E-02, -9.969E-01,  7.449E-02         F               0         Blade 1 Z orientation angle, node 16, rad
        250    9.736E-01,  6.296E-03, -2.283E-01         F               0         Blade 1 X orientation angle, node 17, rad
        251    2.271E-01,  7.798E-02,  9.707E-01         F               0         Blade 1 Y orientation angle, node 17, rad
        252    2.392E-02, -9.969E-01,  7.449E-02         F               0         Blade 1 Z orientation angle, node 17, rad
        253    9.747E-01,  6.705E-03, -2.232E-01         F               0         Blade 1 X orientation angle, node 18, rad
        254    2.220E-01,  7.795E-02,  9.719E-01         F               0         Blade 1 Y orientation angle, node 18, rad
        255    2.392E-02, -9.969E-01,  7.449E-02         F               0         Blade 1 Z orientation angle, node 18, rad
        256    9.758E-01,  7.072E-03, -2.186E-01         F               0         Blade 1 X orientation angle, node 19, rad
        257    2.175E-01,  7.792E-02,  9.730E-01         F               0         Blade 1 Y orientation angle, node 19, rad
        258    2.392E-02, -9.969E-01,  7.449E-02         F               0         Blade 1 Z orientation angle, node 19, rad
        259    9.767E-01,  7.398E-03, -2.146E-01         F               0         Blade 1 X orientation angle, node 20, rad
        260    2.134E-01,  7.789E-02,  9.739E-01         F               0         Blade 1 Y orientation angle, node 20, rad
        261    2.392E-02, -9.969E-01,  7.449E-02         F               0         Blade 1 Z orientation angle, node 20, rad
        262    9.775E-01,  7.711E-03, -2.107E-01         F               0         Blade 1 X orientation angle, node 21, rad
        263    2.094E-01,  7.786E-02,  9.747E-01         F               0         Blade 1 Y orientation angle, node 21, rad
        264    2.392E-02, -9.969E-01,  7.449E-02         F               0         Blade 1 Z orientation angle, node 21, rad
        265    9.783E-01,  7.996E-03, -2.071E-01         F               0         Blade 1 X orientation angle, node 22, rad
        266    2.059E-01,  7.783E-02,  9.755E-01         F               0         Blade 1 Y orientation angle, node 22, rad
        267    2.392E-02, -9.969E-01,  7.449E-02         F               0         Blade 1 Z orientation angle, node 22, rad
        268    9.790E-01,  8.254E-03, -2.038E-01         F               0         Blade 1 X orientation angle, node 23, rad
        269    2.026E-01,  7.780E-02,  9.762E-01         F               0         Blade 1 Y orientation angle, node 23, rad
        270    2.392E-02, -9.969E-01,  7.449E-02         F               0         Blade 1 Z orientation angle, node 23, rad
        271    9.796E-01,  8.498E-03, -2.008E-01         F               0         Blade 1 X orientation angle, node 24, rad
        272    1.995E-01,  7.778E-02,  9.768E-01         F               0         Blade 1 Y orientation angle, node 24, rad
        273    2.392E-02, -9.969E-01,  7.449E-02         F               0         Blade 1 Z orientation angle, node 24, rad
        274    9.802E-01,  8.729E-03, -1.979E-01         F               0         Blade 1 X orientation angle, node 25, rad
        275    1.966E-01,  7.775E-02,  9.774E-01         F               0         Blade 1 Y orientation angle, node 25, rad
        276    2.392E-02, -9.969E-01,  7.449E-02         F               0         Blade 1 Z orientation angle, node 25, rad
        277    9.807E-01,  8.933E-03, -1.953E-01         F               0         Blade 1 X orientation angle, node 26, rad
        278    1.941E-01,  7.773E-02,  9.779E-01         F               0         Blade 1 Y orientation angle, node 26, rad
        279    2.392E-02, -9.969E-01,  7.449E-02         F               0         Blade 1 Z orientation angle, node 26, rad
        280    9.812E-01,  9.136E-03, -1.928E-01         F               0         Blade 1 X orientation angle, node 27, rad
        281    1.915E-01,  7.770E-02,  9.784E-01         F               0         Blade 1 Y orientation angle, node 27, rad
        282    2.392E-02, -9.969E-01,  7.449E-02         F               0         Blade 1 Z orientation angle, node 27, rad
        283    9.815E-01,  9.245E-03, -1.914E-01         F               0         Blade 1 X orientation angle, node 28, rad
        284    1.901E-01,  7.769E-02,  9.787E-01         F               0         Blade 1 Y orientation angle, node 28, rad
        285    2.392E-02, -9.969E-01,  7.449E-02         F               0         Blade 1 Z orientation angle, node 28, rad
        286   -7.530E-01                                 F               0         Blade 1 X translation velocity, node 1, m/s
        287   -3.101E-01                                 F               0         Blade 1 Y translation velocity, node 1, m/s
        288   -3.830E+00                                 F               0         Blade 1 Z translation velocity, node 1, m/s
        289   -9.337E-01                                 F               0         Blade 1 X translation velocity, node 2, m/s
        290   -3.835E-01                                 F               0         Blade 1 Y translation velocity, node 2, m/s
        291   -4.754E+00                                 F               0         Blade 1 Z translation velocity, node 2, m/s
        292   -3.390E+00                                 F               0         Blade 1 X translation velocity, node 3, m/s
        293   -1.381E+00                                 F               0         Blade 1 Y translation velocity, node 3, m/s
        294   -1.732E+01                                 F               0         Blade 1 Z translation velocity, node 3, m/s
        295   -3.914E+00                                 F               0         Blade 1 X translation velocity, node 4, m/s
        296   -1.594E+00                                 F               0         Blade 1 Y translation velocity, node 4, m/s
        297   -1.999E+01                                 F               0         Blade 1 Z translation velocity, node 4, m/s
        298   -4.437E+00                                 F               0         Blade 1 X translation velocity, node 5, m/s
        299   -1.806E+00                                 F               0         Blade 1 Y translation velocity, node 5, m/s
        300   -2.267E+01                                 F               0         Blade 1 Z translation velocity, node 5, m/s
        301   -4.960E+00                                 F               0         Blade 1 X translation velocity, node 6, m/s
        302   -2.019E+00                                 F               0         Blade 1 Y translation velocity, node 6, m/s
        303   -2.535E+01                                 F               0         Blade 1 Z translation velocity, node 6, m/s
        304   -5.484E+00                                 F               0         Blade 1 X translation velocity, node 7, m/s
        305   -2.231E+00                                 F               0         Blade 1 Y translation velocity, node 7, m/s
        306   -2.802E+01                                 F               0         Blade 1 Z translation velocity, node 7, m/s
        307   -6.007E+00                                 F               0         Blade 1 X translation velocity, node 8, m/s
