
Linearized model: Predictions were generated on 11-Jan-2024 at 12:32:35 using OpenFAST, compiled as a 64-bit application using single precision at commit v3.5.1
 linked with  NWTC Subroutine Library; ElastoDyn; InflowWind; AeroDyn; ServoDyn; HydroDyn; MoorDyn (v2.0.0, 2023-09-18)

Description from the FAST input file: CCT-9 Campign 4 model. Input files to be run with OpenFAST 3.5.0. GitHub branch from Lu Wang (https://github.com/luwang00/openfast/tree/dev) compiled on March 7, 2023.

Simulation information:
   Simulation time:                   501.5000 s
   Rotor Speed:                         0.7077 rad/s
   Azimuth:                             4.6016 rad
   Wind Speed:                          8.0000 m/s
   Number of continuous states:         0
   Number of discrete states:           0
   Number of constraint states:         0
   Number of inputs:                 1746
   Number of outputs:                   4
   Jacobians included in this file?    No

Order of inputs:
     Column   Operating Point                     Rotating Frame? Derivative Order Description
   ---------- ---------------                     --------------- ---------------- -----------
          1    7.303E+00                                 F               0         Tower X translation displacement, node 1, m
          2   -1.239E+00                                 F               0         Tower Y translation displacement, node 1, m
          3   -1.680E-01                                 F               0         Tower Z translation displacement, node 1, m
          4    8.346E+00                                 F               0         Tower X translation displacement, node 2, m
          5   -1.773E+00                                 F               0         Tower Y translation displacement, node 2, m
          6   -2.237E-01                                 F               0         Tower Z translation displacement, node 2, m
          7    9.405E+00                                 F               0         Tower X translation displacement, node 3, m
          8   -2.312E+00                                 F               0         Tower Y translation displacement, node 3, m
          9   -2.810E-01                                 F               0         Tower Z translation displacement, node 3, m
         10    1.048E+01                                 F               0         Tower X translation displacement, node 4, m
         11   -2.855E+00                                 F               0         Tower Y translation displacement, node 4, m
         12   -3.394E-01                                 F               0         Tower Z translation displacement, node 4, m
         13    1.156E+01                                 F               0         Tower X translation displacement, node 5, m
         14   -3.401E+00                                 F               0         Tower Y translation displacement, node 5, m
         15   -3.988E-01                                 F               0         Tower Z translation displacement, node 5, m
         16    1.264E+01                                 F               0         Tower X translation displacement, node 6, m
         17   -3.951E+00                                 F               0         Tower Y translation displacement, node 6, m
         18   -4.590E-01                                 F               0         Tower Z translation displacement, node 6, m
         19    1.373E+01                                 F               0         Tower X translation displacement, node 7, m
         20   -4.502E+00                                 F               0         Tower Y translation displacement, node 7, m
         21   -5.198E-01                                 F               0         Tower Z translation displacement, node 7, m
         22    1.483E+01                                 F               0         Tower X translation displacement, node 8, m
         23   -5.056E+00                                 F               0         Tower Y translation displacement, node 8, m
         24   -5.810E-01                                 F               0         Tower Z translation displacement, node 8, m
         25    1.593E+01                                 F               0         Tower X translation displacement, node 9, m
         26   -5.611E+00                                 F               0         Tower Y translation displacement, node 9, m
         27   -6.425E-01                                 F               0         Tower Z translation displacement, node 9, m
         28    1.703E+01                                 F               0         Tower X translation displacement, node 10, m
         29   -6.167E+00                                 F               0         Tower Y translation displacement, node 10, m
         30   -7.041E-01                                 F               0         Tower Z translation displacement, node 10, m
         31    1.813E+01                                 F               0         Tower X translation displacement, node 11, m
         32   -6.723E+00                                 F               0         Tower Y translation displacement, node 11, m
         33   -7.659E-01                                 F               0         Tower Z translation displacement, node 11, m
         34    9.965E-01,  4.252E-03, -8.380E-02         F               0         Tower X orientation angle, node 1, rad
         35   -6.252E-04,  9.991E-01,  4.326E-02         F               0         Tower Y orientation angle, node 1, rad
         36    8.391E-02, -4.305E-02,  9.955E-01         F               0         Tower Z orientation angle, node 1, rad
         37    9.964E-01,  4.305E-03, -8.501E-02         F               0         Tower X orientation angle, node 2, rad
         38   -5.923E-04,  9.990E-01,  4.365E-02         F               0         Tower Y orientation angle, node 2, rad
         39    8.512E-02, -4.344E-02,  9.954E-01         F               0         Tower Z orientation angle, node 2, rad
         40    9.963E-01,  4.350E-03, -8.605E-02         F               0         Tower X orientation angle, node 3, rad
         41   -5.625E-04,  9.990E-01,  4.399E-02         F               0         Tower Y orientation angle, node 3, rad
         42    8.616E-02, -4.378E-02,  9.953E-01         F               0         Tower Z orientation angle, node 3, rad
         43    9.962E-01,  4.388E-03, -8.691E-02         F               0         Tower X orientation angle, node 4, rad
         44   -5.361E-04,  9.990E-01,  4.430E-02         F               0         Tower Y orientation angle, node 4, rad
         45    8.702E-02, -4.408E-02,  9.952E-01         F               0         Tower Z orientation angle, node 4, rad
         46    9.961E-01,  4.418E-03, -8.759E-02         F               0         Tower X orientation angle, node 5, rad
         47   -5.134E-04,  9.990E-01,  4.456E-02         F               0         Tower Y orientation angle, node 5, rad
         48    8.770E-02, -4.434E-02,  9.952E-01         F               0         Tower Z orientation angle, node 5, rad
         49    9.961E-01,  4.442E-03, -8.811E-02         F               0         Tower X orientation angle, node 6, rad
         50   -4.942E-04,  9.990E-01,  4.477E-02         F               0         Tower Y orientation angle, node 6, rad
         51    8.822E-02, -4.456E-02,  9.951E-01         F               0         Tower Z orientation angle, node 6, rad
         52    9.961E-01,  4.459E-03, -8.848E-02         F               0         Tower X orientation angle, node 7, rad
         53   -4.788E-04,  9.990E-01,  4.495E-02         F               0         Tower Y orientation angle, node 7, rad
         54    8.859E-02, -4.473E-02,  9.951E-01         F               0         Tower Z orientation angle, node 7, rad
         55    9.960E-01,  4.470E-03, -8.874E-02         F               0         Tower X orientation angle, node 8, rad
         56   -4.668E-04,  9.990E-01,  4.508E-02         F               0         Tower Y orientation angle, node 8, rad
         57    8.885E-02, -4.486E-02,  9.950E-01         F               0         Tower Z orientation angle, node 8, rad
         58    9.960E-01,  4.478E-03, -8.890E-02         F               0         Tower X orientation angle, node 9, rad
         59   -4.581E-04,  9.990E-01,  4.518E-02         F               0         Tower Y orientation angle, node 9, rad
         60    8.901E-02, -4.496E-02,  9.950E-01         F               0         Tower Z orientation angle, node 9, rad
         61    9.960E-01,  4.482E-03, -8.899E-02         F               0         Tower X orientation angle, node 10, rad
         62   -4.524E-04,  9.990E-01,  4.525E-02         F               0         Tower Y orientation angle, node 10, rad
         63    8.910E-02, -4.503E-02,  9.950E-01         F               0         Tower Z orientation angle, node 10, rad
         64    9.960E-01,  4.483E-03, -8.903E-02         F               0         Tower X orientation angle, node 11, rad
         65   -4.492E-04,  9.990E-01,  4.528E-02         F               0         Tower Y orientation angle, node 11, rad
         66    8.914E-02, -4.506E-02,  9.950E-01         F               0         Tower Z orientation angle, node 11, rad
         67   -4.106E-03                                 F               0         Tower X translation velocity, node 1, m/s
         68    1.957E-03                                 F               0         Tower Y translation velocity, node 1, m/s
         69    1.983E-03                                 F               0         Tower Z translation velocity, node 1, m/s
         70   -3.991E-03                                 F               0         Tower X translation velocity, node 2, m/s
         71    2.458E-03                                 F               0         Tower Y translation velocity, node 2, m/s
         72    1.995E-03                                 F               0         Tower Z translation velocity, node 2, m/s
         73   -3.884E-03                                 F               0         Tower X translation velocity, node 3, m/s
         74    2.983E-03                                 F               0         Tower Y translation velocity, node 3, m/s
         75    2.008E-03                                 F               0         Tower Z translation velocity, node 3, m/s
         76   -3.785E-03                                 F               0         Tower X translation velocity, node 4, m/s
         77    3.528E-03                                 F               0         Tower Y translation velocity, node 4, m/s
         78    2.024E-03                                 F               0         Tower Z translation velocity, node 4, m/s
         79   -3.692E-03                                 F               0         Tower X translation velocity, node 5, m/s
         80    4.090E-03                                 F               0         Tower Y translation velocity, node 5, m/s
         81    2.041E-03                                 F               0         Tower Z translation velocity, node 5, m/s
         82   -3.605E-03                                 F               0         Tower X translation velocity, node 6, m/s
         83    4.667E-03                                 F               0         Tower Y translation velocity, node 6, m/s
         84    2.059E-03                                 F               0         Tower Z translation velocity, node 6, m/s
         85   -3.524E-03                                 F               0         Tower X translation velocity, node 7, m/s
         86    5.256E-03                                 F               0         Tower Y translation velocity, node 7, m/s
         87    2.078E-03                                 F               0         Tower Z translation velocity, node 7, m/s
         88   -3.448E-03                                 F               0         Tower X translation velocity, node 8, m/s
         89    5.856E-03                                 F               0         Tower Y translation velocity, node 8, m/s
         90    2.098E-03                                 F               0         Tower Z translation velocity, node 8, m/s
         91   -3.376E-03                                 F               0         Tower X translation velocity, node 9, m/s
         92    6.465E-03                                 F               0         Tower Y translation velocity, node 9, m/s
         93    2.119E-03                                 F               0         Tower Z translation velocity, node 9, m/s
         94   -3.308E-03                                 F               0         Tower X translation velocity, node 10, m/s
         95    7.080E-03                                 F               0         Tower Y translation velocity, node 10, m/s
         96    2.141E-03                                 F               0         Tower Z translation velocity, node 10, m/s
         97   -3.241E-03                                 F               0         Tower X translation velocity, node 11, m/s
         98    7.700E-03                                 F               0         Tower Y translation velocity, node 11, m/s
         99    2.163E-03                                 F               0         Tower Z translation velocity, node 11, m/s
        100    1.887E+01                                 F               0         Hub X translation displacement, node 1, m
        101   -7.125E+00                                 F               0         Hub Y translation displacement, node 1, m
        102    1.564E-01                                 F               0         Hub Z translation displacement, node 1, m
        103    9.812E-01,  9.169E-03, -1.925E-01         F               0         Hub X orientation angle, node 1, rad
        104   -1.915E-01, -6.642E-02, -9.792E-01         F               0         Hub Y orientation angle, node 1, rad
        105   -2.177E-02,  9.977E-01, -6.342E-02         F               0         Hub Z orientation angle, node 1, rad
        106    6.944E-01                                 F               0         Hub X rotation velocity, node 1, rad/s
        107    6.494E-03                                 F               0         Hub Y rotation velocity, node 1, rad/s
        108   -1.363E-01                                 F               0         Hub Z rotation velocity, node 1, rad/s
        109    9.865E-01,  1.114E-02, -1.634E-01         F               0         Blade root 1 X orientation angle, node 1, rad
        110   -1.623E-01, -6.612E-02, -9.845E-01         F               0         Blade root 1 Y orientation angle, node 1, rad
        111   -2.177E-02,  9.977E-01, -6.342E-02         F               0         Blade root 1 Z orientation angle, node 1, rad
        112    9.785E-01, -1.745E-02, -2.054E-01         F               0         Blade root 2 X orientation angle, node 1, rad
        113    1.060E-01,  8.972E-01,  4.288E-01         F               0         Blade root 2 Y orientation angle, node 1, rad
        114    1.768E-01, -4.414E-01,  8.798E-01         F               0         Blade root 2 Z orientation angle, node 1, rad
        115    9.774E-01,  3.381E-02, -2.086E-01         F               0         Blade root 3 X orientation angle, node 1, rad
        116    1.437E-01, -8.302E-01,  5.386E-01         F               0         Blade root 3 Y orientation angle, node 1, rad
        117   -1.550E-01, -5.564E-01, -8.163E-01         F               0         Blade root 3 Z orientation angle, node 1, rad
        118    1.817E+01                                 F               0         Blade 1 X translation displacement, node 1, m
        119   -1.598E+00                                 F               0         Blade 1 Y translation displacement, node 1, m
        120   -5.705E+00                                 F               0         Blade 1 Z translation displacement, node 1, m
        121    1.801E+01                                 F               0         Blade 1 X translation displacement, node 2, m
        122   -2.661E-01                                 F               0         Blade 1 Y translation displacement, node 2, m
        123   -7.117E+00                                 F               0         Blade 1 Z translation displacement, node 2, m
        124    1.571E+01                                 F               0         Blade 1 X translation displacement, node 3, m
        125    1.785E+01                                 F               0         Blade 1 Y translation displacement, node 3, m
        126   -2.632E+01                                 F               0         Blade 1 Z translation displacement, node 3, m
        127    1.523E+01                                 F               0         Blade 1 X translation displacement, node 4, m
        128    2.170E+01                                 F               0         Blade 1 Y translation displacement, node 4, m
        129   -3.041E+01                                 F               0         Blade 1 Z translation displacement, node 4, m
        130    1.474E+01                                 F               0         Blade 1 X translation displacement, node 5, m
        131    2.556E+01                                 F               0         Blade 1 Y translation displacement, node 5, m
        132   -3.450E+01                                 F               0         Blade 1 Z translation displacement, node 5, m
        133    1.425E+01                                 F               0         Blade 1 X translation displacement, node 6, m
        134    2.942E+01                                 F               0         Blade 1 Y translation displacement, node 6, m
        135   -3.860E+01                                 F               0         Blade 1 Z translation displacement, node 6, m
        136    1.376E+01                                 F               0         Blade 1 X translation displacement, node 7, m
        137    3.328E+01                                 F               0         Blade 1 Y translation displacement, node 7, m
        138   -4.269E+01                                 F               0         Blade 1 Z translation displacement, node 7, m
        139    1.327E+01                                 F               0         Blade 1 X translation displacement, node 8, m
        140    3.714E+01                                 F               0         Blade 1 Y translation displacement, node 8, m
        141   -4.678E+01                                 F               0         Blade 1 Z translation displacement, node 8, m
        142    1.278E+01                                 F               0         Blade 1 X translation displacement, node 9, m
        143    4.100E+01                                 F               0         Blade 1 Y translation displacement, node 9, m
        144   -5.087E+01                                 F               0         Blade 1 Z translation displacement, node 9, m
        145    1.229E+01                                 F               0         Blade 1 X translation displacement, node 10, m
        146    4.486E+01                                 F               0         Blade 1 Y translation displacement, node 10, m
        147   -5.496E+01                                 F               0         Blade 1 Z translation displacement, node 10, m
        148    1.181E+01                                 F               0         Blade 1 X translation displacement, node 11, m
        149    4.872E+01                                 F               0         Blade 1 Y translation displacement, node 11, m
        150   -5.906E+01                                 F               0         Blade 1 Z translation displacement, node 11, m
        151    1.132E+01                                 F               0         Blade 1 X translation displacement, node 12, m
        152    5.258E+01                                 F               0         Blade 1 Y translation displacement, node 12, m
        153   -6.315E+01                                 F               0         Blade 1 Z translation displacement, node 12, m
        154    1.083E+01                                 F               0         Blade 1 X translation displacement, node 13, m
        155    5.644E+01                                 F               0         Blade 1 Y translation displacement, node 13, m
        156   -6.724E+01                                 F               0         Blade 1 Z translation displacement, node 13, m
        157    1.034E+01                                 F               0         Blade 1 X translation displacement, node 14, m
        158    6.029E+01                                 F               0         Blade 1 Y translation displacement, node 14, m
        159   -7.133E+01                                 F               0         Blade 1 Z translation displacement, node 14, m
        160    9.852E+00                                 F               0         Blade 1 X translation displacement, node 15, m
        161    6.415E+01                                 F               0         Blade 1 Y translation displacement, node 15, m
        162   -7.542E+01                                 F               0         Blade 1 Z translation displacement, node 15, m
        163    9.363E+00                                 F               0         Blade 1 X translation displacement, node 16, m
        164    6.801E+01                                 F               0         Blade 1 Y translation displacement, node 16, m
        165   -7.951E+01                                 F               0         Blade 1 Z translation displacement, node 16, m
        166    8.875E+00                                 F               0         Blade 1 X translation displacement, node 17, m
        167    7.187E+01                                 F               0         Blade 1 Y translation displacement, node 17, m
        168   -8.361E+01                                 F               0         Blade 1 Z translation displacement, node 17, m
        169    8.386E+00                                 F               0         Blade 1 X translation displacement, node 18, m
        170    7.573E+01                                 F               0         Blade 1 Y translation displacement, node 18, m
        171   -8.770E+01                                 F               0         Blade 1 Z translation displacement, node 18, m
        172    7.898E+00                                 F               0         Blade 1 X translation displacement, node 19, m
        173    7.959E+01                                 F               0         Blade 1 Y translation displacement, node 19, m
        174   -9.179E+01                                 F               0         Blade 1 Z translation displacement, node 19, m
        175    7.409E+00                                 F               0         Blade 1 X translation displacement, node 20, m
        176    8.345E+01                                 F               0         Blade 1 Y translation displacement, node 20, m
        177   -9.588E+01                                 F               0         Blade 1 Z translation displacement, node 20, m
        178    6.921E+00                                 F               0         Blade 1 X translation displacement, node 21, m
        179    8.731E+01                                 F               0         Blade 1 Y translation displacement, node 21, m
        180   -9.997E+01                                 F               0         Blade 1 Z translation displacement, node 21, m
        181    6.433E+00                                 F               0         Blade 1 X translation displacement, node 22, m
        182    9.117E+01                                 F               0         Blade 1 Y translation displacement, node 22, m
        183   -1.041E+02                                 F               0         Blade 1 Z translation displacement, node 22, m
        184    5.944E+00                                 F               0         Blade 1 X translation displacement, node 23, m
        185    9.503E+01                                 F               0         Blade 1 Y translation displacement, node 23, m
        186   -1.082E+02                                 F               0         Blade 1 Z translation displacement, node 23, m
        187    5.456E+00                                 F               0         Blade 1 X translation displacement, node 24, m
        188    9.888E+01                                 F               0         Blade 1 Y translation displacement, node 24, m
        189   -1.122E+02                                 F               0         Blade 1 Z translation displacement, node 24, m
        190    4.967E+00                                 F               0         Blade 1 X translation displacement, node 25, m
        191    1.027E+02                                 F               0         Blade 1 Y translation displacement, node 25, m
        192   -1.163E+02                                 F               0         Blade 1 Z translation displacement, node 25, m
        193    4.479E+00                                 F               0         Blade 1 X translation displacement, node 26, m
        194    1.066E+02                                 F               0         Blade 1 Y translation displacement, node 26, m
        195   -1.204E+02                                 F               0         Blade 1 Z translation displacement, node 26, m
        196    3.990E+00                                 F               0         Blade 1 X translation displacement, node 27, m
        197    1.105E+02                                 F               0         Blade 1 Y translation displacement, node 27, m
        198   -1.245E+02                                 F               0         Blade 1 Z translation displacement, node 27, m
        199    3.576E+00                                 F               0         Blade 1 X translation displacement, node 28, m
        200    1.137E+02                                 F               0         Blade 1 Y translation displacement, node 28, m
        201   -1.280E+02                                 F               0         Blade 1 Z translation displacement, node 28, m
        202    9.520E-01,  4.006E-02,  3.035E-01         F               0         Blade 1 X orientation angle, node 1, rad
        203    3.054E-01, -5.377E-02, -9.507E-01         F               0         Blade 1 Y orientation angle, node 1, rad
        204   -2.177E-02,  9.977E-01, -6.342E-02         F               0         Blade 1 Z orientation angle, node 1, rad
        205    9.520E-01,  4.006E-02,  3.035E-01         F               0         Blade 1 X orientation angle, node 2, rad
        206    3.054E-01, -5.377E-02, -9.507E-01         F               0         Blade 1 Y orientation angle, node 2, rad
        207   -2.177E-02,  9.977E-01, -6.342E-02         F               0         Blade 1 Z orientation angle, node 2, rad
        208    9.972E-01,  2.618E-02,  6.955E-02         F               0         Blade 1 X orientation angle, node 3, rad
        209    7.105E-02, -6.173E-02, -9.956E-01         F               0         Blade 1 Y orientation angle, node 3, rad
        210   -2.177E-02,  9.977E-01, -6.342E-02         F               0         Blade 1 Z orientation angle, node 3, rad
        211    9.993E-01,  2.355E-02,  2.745E-02         F               0         Blade 1 X orientation angle, node 4, rad
        212    2.888E-02, -6.278E-02, -9.976E-01         F               0         Blade 1 Y orientation angle, node 4, rad
        213   -2.177E-02,  9.977E-01, -6.342E-02         F               0         Blade 1 Z orientation angle, node 4, rad
        214    9.998E-01,  2.145E-02, -5.645E-03         F               0         Blade 1 X orientation angle, node 5, rad
        215   -4.271E-03, -6.353E-02, -9.980E-01         F               0         Blade 1 Y orientation angle, node 5, rad
        216   -2.177E-02,  9.977E-01, -6.342E-02         F               0         Blade 1 Z orientation angle, node 5, rad
        217    9.993E-01,  1.976E-02, -3.211E-02         F               0         Blade 1 X orientation angle, node 6, rad
        218   -3.079E-02, -6.407E-02, -9.975E-01         F               0         Blade 1 Y orientation angle, node 6, rad
        219   -2.177E-02,  9.977E-01, -6.342E-02         F               0         Blade 1 Z orientation angle, node 6, rad
        220    9.984E-01,  1.836E-02, -5.387E-02         F               0         Blade 1 X orientation angle, node 7, rad
        221   -5.258E-02, -6.449E-02, -9.965E-01         F               0         Blade 1 Y orientation angle, node 7, rad
        222   -2.177E-02,  9.977E-01, -6.342E-02         F               0         Blade 1 Z orientation angle, node 7, rad
        223    9.973E-01,  1.718E-02, -7.195E-02         F               0         Blade 1 X orientation angle, node 8, rad
        224   -7.069E-02, -6.481E-02, -9.954E-01         F               0         Blade 1 Y orientation angle, node 8, rad
        225   -2.177E-02,  9.977E-01, -6.342E-02         F               0         Blade 1 Z orientation angle, node 8, rad
        226    9.961E-01,  1.619E-02, -8.722E-02         F               0         Blade 1 X orientation angle, node 9, rad
        227   -8.600E-02, -6.507E-02, -9.942E-01         F               0         Blade 1 Y orientation angle, node 9, rad
        228   -2.177E-02,  9.977E-01, -6.342E-02         F               0         Blade 1 Z orientation angle, node 9, rad
        229    9.948E-01,  1.532E-02, -1.004E-01         F               0         Blade 1 X orientation angle, node 10, rad
        230   -9.921E-02, -6.528E-02, -9.929E-01         F               0         Blade 1 Y orientation angle, node 10, rad
        231   -2.177E-02,  9.977E-01, -6.342E-02         F               0         Blade 1 Z orientation angle, node 10, rad
        232    9.936E-01,  1.458E-02, -1.117E-01         F               0         Blade 1 X orientation angle, node 11, rad
        233   -1.105E-01, -6.545E-02, -9.917E-01         F               0         Blade 1 Y orientation angle, node 11, rad
        234   -2.177E-02,  9.977E-01, -6.342E-02         F               0         Blade 1 Z orientation angle, node 11, rad
        235    9.925E-01,  1.393E-02, -1.215E-01         F               0         Blade 1 X orientation angle, node 12, rad
        236   -1.204E-01, -6.559E-02, -9.906E-01         F               0         Blade 1 Y orientation angle, node 12, rad
        237   -2.177E-02,  9.977E-01, -6.342E-02         F               0         Blade 1 Z orientation angle, node 12, rad
        238    9.914E-01,  1.336E-02, -1.302E-01         F               0         Blade 1 X orientation angle, node 13, rad
        239   -1.290E-01, -6.571E-02, -9.895E-01         F               0         Blade 1 Y orientation angle, node 13, rad
        240   -2.177E-02,  9.977E-01, -6.342E-02         F               0         Blade 1 Z orientation angle, node 13, rad
        241    9.904E-01,  1.284E-02, -1.379E-01         F               0         Blade 1 X orientation angle, node 14, rad
        242   -1.368E-01, -6.581E-02, -9.884E-01         F               0         Blade 1 Y orientation angle, node 14, rad
        243   -2.177E-02,  9.977E-01, -6.342E-02         F               0         Blade 1 Z orientation angle, node 14, rad
        244    9.894E-01,  1.238E-02, -1.448E-01         F               0         Blade 1 X orientation angle, node 15, rad
        245   -1.437E-01, -6.590E-02, -9.874E-01         F               0         Blade 1 Y orientation angle, node 15, rad
        246   -2.177E-02,  9.977E-01, -6.342E-02         F               0         Blade 1 Z orientation angle, node 15, rad
        247    9.885E-01,  1.197E-02, -1.510E-01         F               0         Blade 1 X orientation angle, node 16, rad
        248   -1.499E-01, -6.597E-02, -9.865E-01         F               0         Blade 1 Y orientation angle, node 16, rad
        249   -2.177E-02,  9.977E-01, -6.342E-02         F               0         Blade 1 Z orientation angle, node 16, rad
        250    9.876E-01,  1.160E-02, -1.565E-01         F               0         Blade 1 X orientation angle, node 17, rad
        251   -1.554E-01, -6.604E-02, -9.856E-01         F               0         Blade 1 Y orientation angle, node 17, rad
        252   -2.177E-02,  9.977E-01, -6.342E-02         F               0         Blade 1 Z orientation angle, node 17, rad
        253    9.868E-01,  1.125E-02, -1.617E-01         F               0         Blade 1 X orientation angle, node 18, rad
        254   -1.606E-01, -6.610E-02, -9.848E-01         F               0         Blade 1 Y orientation angle, node 18, rad
        255   -2.177E-02,  9.977E-01, -6.342E-02         F               0         Blade 1 Z orientation angle, node 18, rad
        256    9.860E-01,  1.094E-02, -1.663E-01         F               0         Blade 1 X orientation angle, node 19, rad
        257   -1.653E-01, -6.615E-02, -9.840E-01         F               0         Blade 1 Y orientation angle, node 19, rad
        258   -2.177E-02,  9.977E-01, -6.342E-02         F               0         Blade 1 Z orientation angle, node 19, rad
        259    9.853E-01,  1.066E-02, -1.705E-01         F               0         Blade 1 X orientation angle, node 20, rad
        260   -1.694E-01, -6.620E-02, -9.833E-01         F               0         Blade 1 Y orientation angle, node 20, rad
        261   -2.177E-02,  9.977E-01, -6.342E-02         F               0         Blade 1 Z orientation angle, node 20, rad
        262    9.846E-01,  1.040E-02, -1.744E-01         F               0         Blade 1 X orientation angle, node 21, rad
        263   -1.733E-01, -6.624E-02, -9.826E-01         F               0         Blade 1 Y orientation angle, node 21, rad
        264   -2.177E-02,  9.977E-01, -6.342E-02         F               0         Blade 1 Z orientation angle, node 21, rad
        265    9.840E-01,  1.015E-02, -1.780E-01         F               0         Blade 1 X orientation angle, node 22, rad
        266   -1.770E-01, -6.628E-02, -9.820E-01         F               0         Blade 1 Y orientation angle, node 22, rad
        267   -2.177E-02,  9.977E-01, -6.342E-02         F               0         Blade 1 Z orientation angle, node 22, rad
        268    9.834E-01,  9.934E-03, -1.813E-01         F               0         Blade 1 X orientation angle, node 23, rad
        269   -1.802E-01, -6.631E-02, -9.814E-01         F               0         Blade 1 Y orientation angle, node 23, rad
        270   -2.177E-02,  9.977E-01, -6.342E-02         F               0         Blade 1 Z orientation angle, node 23, rad
        271    9.828E-01,  9.725E-03, -1.843E-01         F               0         Blade 1 X orientation angle, node 24, rad
        272   -1.833E-01, -6.634E-02, -9.808E-01         F               0         Blade 1 Y orientation angle, node 24, rad
        273   -2.177E-02,  9.977E-01, -6.342E-02         F               0         Blade 1 Z orientation angle, node 24, rad
        274    9.823E-01,  9.529E-03, -1.872E-01         F               0         Blade 1 X orientation angle, node 25, rad
        275   -1.862E-01, -6.637E-02, -9.803E-01         F               0         Blade 1 Y orientation angle, node 25, rad
        276   -2.177E-02,  9.977E-01, -6.342E-02         F               0         Blade 1 Z orientation angle, node 25, rad
        277    9.818E-01,  9.355E-03, -1.898E-01         F               0         Blade 1 X orientation angle, node 26, rad
        278   -1.888E-01, -6.640E-02, -9.798E-01         F               0         Blade 1 Y orientation angle, node 26, rad
        279   -2.177E-02,  9.977E-01, -6.342E-02         F               0         Blade 1 Z orientation angle, node 26, rad
        280    9.813E-01,  9.181E-03, -1.924E-01         F               0         Blade 1 X orientation angle, node 27, rad
        281   -1.914E-01, -6.642E-02, -9.793E-01         F               0         Blade 1 Y orientation angle, node 27, rad
        282   -2.177E-02,  9.977E-01, -6.342E-02         F               0         Blade 1 Z orientation angle, node 27, rad
        283    9.810E-01,  9.088E-03, -1.937E-01         F               0         Blade 1 X orientation angle, node 28, rad
        284   -1.927E-01, -6.643E-02, -9.790E-01         F               0         Blade 1 Y orientation angle, node 28, rad
        285   -2.177E-02,  9.977E-01, -6.342E-02         F               0         Blade 1 Z orientation angle, node 28, rad
        286    7.477E-01                                 F               0         Blade 1 X translation velocity, node 1, m/s
        287    2.684E-01                                 F               0         Blade 1 Y translation velocity, node 1, m/s
        288    3.841E+00                                 F               0         Blade 1 Z translation velocity, node 1, m/s
        289    9.286E-01                                 F               0         Blade 1 X translation velocity, node 2, m/s
        290    3.312E-01                                 F               0         Blade 1 Y translation velocity, node 2, m/s
        291    4.766E+00                                 F               0         Blade 1 Z translation velocity, node 2, m/s
        292    3.389E+00                                 F               0         Blade 1 X translation velocity, node 3, m/s
        293    1.184E+00                                 F               0         Blade 1 Y translation velocity, node 3, m/s
        294    1.734E+01                                 F               0         Blade 1 Z translation velocity, node 3, m/s
        295    3.913E+00                                 F               0         Blade 1 X translation velocity, node 4, m/s
        296    1.366E+00                                 F               0         Blade 1 Y translation velocity, node 4, m/s
        297    2.002E+01                                 F               0         Blade 1 Z translation velocity, node 4, m/s
        298    4.437E+00                                 F               0         Blade 1 X translation velocity, node 5, m/s
        299    1.548E+00                                 F               0         Blade 1 Y translation velocity, node 5, m/s
        300    2.271E+01                                 F               0         Blade 1 Z translation velocity, node 5, m/s
        301    4.961E+00                                 F               0         Blade 1 X translation velocity, node 6, m/s
        302    1.730E+00                                 F               0         Blade 1 Y translation velocity, node 6, m/s
        303    2.539E+01                                 F               0         Blade 1 Z translation velocity, node 6, m/s
        304    5.486E+00                                 F               0         Blade 1 X translation velocity, node 7, m/s
        305    1.912E+00                                 F               0         Blade 1 Y translation velocity, node 7, m/s
        306    2.807E+01                                 F               0         Blade 1 Z translation velocity, node 7, m/s
        307    6.010E+00                                 F               0         Blade 1 X translation velocity, node 8, m/s
