
Linearized model: Predictions were generated on 11-Jan-2024 at 12:32:35 using OpenFAST, compiled as a 64-bit application using single precision at commit v3.5.1
 linked with  NWTC Subroutine Library; ElastoDyn; InflowWind; AeroDyn; ServoDyn; HydroDyn; MoorDyn (v2.0.0, 2023-09-18)

Description from the FAST input file: CCT-9 Campign 4 model. Input files to be run with OpenFAST 3.5.0. GitHub branch from Lu Wang (https://github.com/luwang00/openfast/tree/dev) compiled on March 7, 2023.

Simulation information:
   Simulation time:                   500.5000 s
   Rotor Speed:                         0.7077 rad/s
   Azimuth:                             3.8938 rad
   Wind Speed:                          8.0000 m/s
   Number of continuous states:         0
   Number of discrete states:           0
   Number of constraint states:         0
   Number of inputs:                 1746
   Number of outputs:                   4
   Jacobians included in this file?    No

Order of inputs:
     Column   Operating Point                     Rotating Frame? Derivative Order Description
   ---------- ---------------                     --------------- ---------------- -----------
          1    7.307E+00                                 F               0         Tower X translation displacement, node 1, m
          2   -1.241E+00                                 F               0         Tower Y translation displacement, node 1, m
          3   -1.694E-01                                 F               0         Tower Z translation displacement, node 1, m
          4    8.350E+00                                 F               0         Tower X translation displacement, node 2, m
          5   -1.776E+00                                 F               0         Tower Y translation displacement, node 2, m
          6   -2.251E-01                                 F               0         Tower Z translation displacement, node 2, m
          7    9.408E+00                                 F               0         Tower X translation displacement, node 3, m
          8   -2.316E+00                                 F               0         Tower Y translation displacement, node 3, m
          9   -2.824E-01                                 F               0         Tower Z translation displacement, node 3, m
         10    1.048E+01                                 F               0         Tower X translation displacement, node 4, m
         11   -2.859E+00                                 F               0         Tower Y translation displacement, node 4, m
         12   -3.409E-01                                 F               0         Tower Z translation displacement, node 4, m
         13    1.156E+01                                 F               0         Tower X translation displacement, node 5, m
         14   -3.406E+00                                 F               0         Tower Y translation displacement, node 5, m
         15   -4.003E-01                                 F               0         Tower Z translation displacement, node 5, m
         16    1.265E+01                                 F               0         Tower X translation displacement, node 6, m
         17   -3.956E+00                                 F               0         Tower Y translation displacement, node 6, m
         18   -4.606E-01                                 F               0         Tower Z translation displacement, node 6, m
         19    1.374E+01                                 F               0         Tower X translation displacement, node 7, m
         20   -4.509E+00                                 F               0         Tower Y translation displacement, node 7, m
         21   -5.213E-01                                 F               0         Tower Z translation displacement, node 7, m
         22    1.483E+01                                 F               0         Tower X translation displacement, node 8, m
         23   -5.063E+00                                 F               0         Tower Y translation displacement, node 8, m
         24   -5.825E-01                                 F               0         Tower Z translation displacement, node 8, m
         25    1.593E+01                                 F               0         Tower X translation displacement, node 9, m
         26   -5.619E+00                                 F               0         Tower Y translation displacement, node 9, m
         27   -6.441E-01                                 F               0         Tower Z translation displacement, node 9, m
         28    1.703E+01                                 F               0         Tower X translation displacement, node 10, m
         29   -6.175E+00                                 F               0         Tower Y translation displacement, node 10, m
         30   -7.058E-01                                 F               0         Tower Z translation displacement, node 10, m
         31    1.813E+01                                 F               0         Tower X translation displacement, node 11, m
         32   -6.733E+00                                 F               0         Tower Y translation displacement, node 11, m
         33   -7.676E-01                                 F               0         Tower Z translation displacement, node 11, m
         34    9.965E-01,  4.242E-03, -8.379E-02         F               0         Tower X orientation angle, node 1, rad
         35   -6.111E-04,  9.991E-01,  4.331E-02         F               0         Tower Y orientation angle, node 1, rad
         36    8.390E-02, -4.311E-02,  9.955E-01         F               0         Tower Z orientation angle, node 1, rad
         37    9.964E-01,  4.295E-03, -8.500E-02         F               0         Tower X orientation angle, node 2, rad
         38   -5.781E-04,  9.990E-01,  4.370E-02         F               0         Tower Y orientation angle, node 2, rad
         39    8.511E-02, -4.349E-02,  9.954E-01         F               0         Tower Z orientation angle, node 2, rad
         40    9.963E-01,  4.340E-03, -8.604E-02         F               0         Tower X orientation angle, node 3, rad
         41   -5.481E-04,  9.990E-01,  4.405E-02         F               0         Tower Y orientation angle, node 3, rad
         42    8.615E-02, -4.384E-02,  9.953E-01         F               0         Tower Z orientation angle, node 3, rad
         43    9.962E-01,  4.378E-03, -8.690E-02         F               0         Tower X orientation angle, node 4, rad
         44   -5.216E-04,  9.990E-01,  4.435E-02         F               0         Tower Y orientation angle, node 4, rad
         45    8.701E-02, -4.414E-02,  9.952E-01         F               0         Tower Z orientation angle, node 4, rad
         46    9.961E-01,  4.409E-03, -8.758E-02         F               0         Tower X orientation angle, node 5, rad
         47   -4.988E-04,  9.990E-01,  4.461E-02         F               0         Tower Y orientation angle, node 5, rad
         48    8.769E-02, -4.440E-02,  9.952E-01         F               0         Tower Z orientation angle, node 5, rad
         49    9.961E-01,  4.432E-03, -8.810E-02         F               0         Tower X orientation angle, node 6, rad
         50   -4.795E-04,  9.990E-01,  4.483E-02         F               0         Tower Y orientation angle, node 6, rad
         51    8.821E-02, -4.462E-02,  9.951E-01         F               0         Tower Z orientation angle, node 6, rad
         52    9.961E-01,  4.449E-03, -8.848E-02         F               0         Tower X orientation angle, node 7, rad
         53   -4.640E-04,  9.990E-01,  4.501E-02         F               0         Tower Y orientation angle, node 7, rad
         54    8.859E-02, -4.479E-02,  9.951E-01         F               0         Tower Z orientation angle, node 7, rad
         55    9.960E-01,  4.460E-03, -8.873E-02         F               0         Tower X orientation angle, node 8, rad
         56   -4.520E-04,  9.990E-01,  4.514E-02         F               0         Tower Y orientation angle, node 8, rad
         57    8.884E-02, -4.493E-02,  9.950E-01         F               0         Tower Z orientation angle, node 8, rad
         58    9.960E-01,  4.468E-03, -8.889E-02         F               0         Tower X orientation angle, node 9, rad
         59   -4.432E-04,  9.990E-01,  4.524E-02         F               0         Tower Y orientation angle, node 9, rad
         60    8.900E-02, -4.502E-02,  9.950E-01         F               0         Tower Z orientation angle, node 9, rad
         61    9.960E-01,  4.472E-03, -8.898E-02         F               0         Tower X orientation angle, node 10, rad
         62   -4.374E-04,  9.990E-01,  4.531E-02         F               0         Tower Y orientation angle, node 10, rad
         63    8.909E-02, -4.509E-02,  9.950E-01         F               0         Tower Z orientation angle, node 10, rad
         64    9.960E-01,  4.474E-03, -8.902E-02         F               0         Tower X orientation angle, node 11, rad
         65   -4.343E-04,  9.990E-01,  4.534E-02         F               0         Tower Y orientation angle, node 11, rad
         66    8.913E-02, -4.513E-02,  9.950E-01         F               0         Tower Z orientation angle, node 11, rad
         67   -3.724E-03                                 F               0         Tower X translation velocity, node 1, m/s
         68    2.781E-03                                 F               0         Tower Y translation velocity, node 1, m/s
         69    8.207E-04                                 F               0         Tower Z translation velocity, node 1, m/s
         70   -3.588E-03                                 F               0         Tower X translation velocity, node 2, m/s
         71    3.619E-03                                 F               0         Tower Y translation velocity, node 2, m/s
         72    8.455E-04                                 F               0         Tower Z translation velocity, node 2, m/s
         73   -3.453E-03                                 F               0         Tower X translation velocity, node 3, m/s
         74    4.481E-03                                 F               0         Tower Y translation velocity, node 3, m/s
         75    8.717E-04                                 F               0         Tower Z translation velocity, node 3, m/s
         76   -3.318E-03                                 F               0         Tower X translation velocity, node 4, m/s
         77    5.362E-03                                 F               0         Tower Y translation velocity, node 4, m/s
         78    8.989E-04                                 F               0         Tower Z translation velocity, node 4, m/s
         79   -3.184E-03                                 F               0         Tower X translation velocity, node 5, m/s
         80    6.260E-03                                 F               0         Tower Y translation velocity, node 5, m/s
         81    9.271E-04                                 F               0         Tower Z translation velocity, node 5, m/s
         82   -3.052E-03                                 F               0         Tower X translation velocity, node 6, m/s
         83    7.173E-03                                 F               0         Tower Y translation velocity, node 6, m/s
         84    9.563E-04                                 F               0         Tower Z translation velocity, node 6, m/s
         85   -2.921E-03                                 F               0         Tower X translation velocity, node 7, m/s
         86    8.098E-03                                 F               0         Tower Y translation velocity, node 7, m/s
         87    9.862E-04                                 F               0         Tower Z translation velocity, node 7, m/s
         88   -2.792E-03                                 F               0         Tower X translation velocity, node 8, m/s
         89    9.033E-03                                 F               0         Tower Y translation velocity, node 8, m/s
         90    1.017E-03                                 F               0         Tower Z translation velocity, node 8, m/s
         91   -2.665E-03                                 F               0         Tower X translation velocity, node 9, m/s
         92    9.976E-03                                 F               0         Tower Y translation velocity, node 9, m/s
         93    1.048E-03                                 F               0         Tower Z translation velocity, node 9, m/s
         94   -2.540E-03                                 F               0         Tower X translation velocity, node 10, m/s
         95    1.093E-02                                 F               0         Tower Y translation velocity, node 10, m/s
         96    1.080E-03                                 F               0         Tower Z translation velocity, node 10, m/s
         97   -2.415E-03                                 F               0         Tower X translation velocity, node 11, m/s
         98    1.188E-02                                 F               0         Tower Y translation velocity, node 11, m/s
         99    1.112E-03                                 F               0         Tower Z translation velocity, node 11, m/s
        100    1.888E+01                                 F               0         Hub X translation displacement, node 1, m
        101   -7.135E+00                                 F               0         Hub Y translation displacement, node 1, m
        102    1.547E-01                                 F               0         Hub Z translation displacement, node 1, m
        103    9.812E-01,  9.166E-03, -1.925E-01         F               0         Hub X orientation angle, node 1, rad
        104   -1.314E-01, -6.991E-01, -7.029E-01         F               0         Hub Y orientation angle, node 1, rad
        105   -1.410E-01,  7.150E-01, -6.847E-01         F               0         Hub Z orientation angle, node 1, rad
        106    6.944E-01                                 F               0         Hub X rotation velocity, node 1, rad/s
        107    6.496E-03                                 F               0         Hub Y rotation velocity, node 1, rad/s
        108   -1.362E-01                                 F               0         Hub Z rotation velocity, node 1, rad/s
        109    9.847E-01,  2.990E-02, -1.716E-01         F               0         Blade root 1 X orientation angle, node 1, rad
        110   -1.022E-01, -6.985E-01, -7.083E-01         F               0         Blade root 1 Y orientation angle, node 1, rad
        111   -1.410E-01,  7.150E-01, -6.847E-01         F               0         Blade root 1 Z orientation angle, node 1, rad
        112    9.825E-01, -1.958E-02, -1.853E-01         F               0         Blade root 2 X orientation angle, node 1, rad
        113   -2.731E-02,  9.686E-01, -2.472E-01         F               0         Blade root 2 Y orientation angle, node 1, rad
        114    1.843E-01,  2.479E-01,  9.511E-01         F               0         Blade root 2 Z orientation angle, node 1, rad
        115    9.752E-01,  1.716E-02, -2.205E-01         F               0         Blade root 3 X orientation angle, node 1, rad
        116    2.169E-01, -2.693E-01,  9.383E-01         F               0         Blade root 3 Y orientation angle, node 1, rad
        117   -4.327E-02, -9.629E-01, -2.663E-01         F               0         Blade root 3 Z orientation angle, node 1, rad
        118    1.752E+01                                 F               0         Blade 1 X translation displacement, node 1, m
        119   -3.174E+00                                 F               0         Blade 1 Y translation displacement, node 1, m
        120   -9.148E+00                                 F               0         Blade 1 Z translation displacement, node 1, m
        121    1.719E+01                                 F               0         Blade 1 X translation displacement, node 2, m
        122   -2.220E+00                                 F               0         Blade 1 Y translation displacement, node 2, m
        123   -1.139E+01                                 F               0         Blade 1 Z translation displacement, node 2, m
        124    1.273E+01                                 F               0         Blade 1 X translation displacement, node 3, m
        125    1.076E+01                                 F               0         Blade 1 Y translation displacement, node 3, m
        126   -4.187E+01                                 F               0         Blade 1 Z translation displacement, node 3, m
        127    1.178E+01                                 F               0         Blade 1 X translation displacement, node 4, m
        128    1.352E+01                                 F               0         Blade 1 Y translation displacement, node 4, m
        129   -4.837E+01                                 F               0         Blade 1 Z translation displacement, node 4, m
        130    1.083E+01                                 F               0         Blade 1 X translation displacement, node 5, m
        131    1.629E+01                                 F               0         Blade 1 Y translation displacement, node 5, m
        132   -5.486E+01                                 F               0         Blade 1 Z translation displacement, node 5, m
        133    9.882E+00                                 F               0         Blade 1 X translation displacement, node 6, m
        134    1.906E+01                                 F               0         Blade 1 Y translation displacement, node 6, m
        135   -6.136E+01                                 F               0         Blade 1 Z translation displacement, node 6, m
        136    8.932E+00                                 F               0         Blade 1 X translation displacement, node 7, m
        137    2.182E+01                                 F               0         Blade 1 Y translation displacement, node 7, m
        138   -6.785E+01                                 F               0         Blade 1 Z translation displacement, node 7, m
        139    7.982E+00                                 F               0         Blade 1 X translation displacement, node 8, m
        140    2.459E+01                                 F               0         Blade 1 Y translation displacement, node 8, m
        141   -7.435E+01                                 F               0         Blade 1 Z translation displacement, node 8, m
        142    7.033E+00                                 F               0         Blade 1 X translation displacement, node 9, m
        143    2.735E+01                                 F               0         Blade 1 Y translation displacement, node 9, m
        144   -8.084E+01                                 F               0         Blade 1 Z translation displacement, node 9, m
        145    6.083E+00                                 F               0         Blade 1 X translation displacement, node 10, m
        146    3.012E+01                                 F               0         Blade 1 Y translation displacement, node 10, m
        147   -8.734E+01                                 F               0         Blade 1 Z translation displacement, node 10, m
        148    5.133E+00                                 F               0         Blade 1 X translation displacement, node 11, m
        149    3.288E+01                                 F               0         Blade 1 Y translation displacement, node 11, m
        150   -9.383E+01                                 F               0         Blade 1 Z translation displacement, node 11, m
        151    4.183E+00                                 F               0         Blade 1 X translation displacement, node 12, m
        152    3.565E+01                                 F               0         Blade 1 Y translation displacement, node 12, m
        153   -1.003E+02                                 F               0         Blade 1 Z translation displacement, node 12, m
        154    3.234E+00                                 F               0         Blade 1 X translation displacement, node 13, m
        155    3.841E+01                                 F               0         Blade 1 Y translation displacement, node 13, m
        156   -1.068E+02                                 F               0         Blade 1 Z translation displacement, node 13, m
        157    2.284E+00                                 F               0         Blade 1 X translation displacement, node 14, m
        158    4.118E+01                                 F               0         Blade 1 Y translation displacement, node 14, m
        159   -1.133E+02                                 F               0         Blade 1 Z translation displacement, node 14, m
        160    1.334E+00                                 F               0         Blade 1 X translation displacement, node 15, m
        161    4.394E+01                                 F               0         Blade 1 Y translation displacement, node 15, m
        162   -1.198E+02                                 F               0         Blade 1 Z translation displacement, node 15, m
        163    3.842E-01                                 F               0         Blade 1 X translation displacement, node 16, m
        164    4.671E+01                                 F               0         Blade 1 Y translation displacement, node 16, m
        165   -1.263E+02                                 F               0         Blade 1 Z translation displacement, node 16, m
        166   -5.656E-01                                 F               0         Blade 1 X translation displacement, node 17, m
        167    4.948E+01                                 F               0         Blade 1 Y translation displacement, node 17, m
        168   -1.328E+02                                 F               0         Blade 1 Z translation displacement, node 17, m
        169   -1.515E+00                                 F               0         Blade 1 X translation displacement, node 18, m
        170    5.224E+01                                 F               0         Blade 1 Y translation displacement, node 18, m
        171   -1.393E+02                                 F               0         Blade 1 Z translation displacement, node 18, m
        172   -2.465E+00                                 F               0         Blade 1 X translation displacement, node 19, m
        173    5.501E+01                                 F               0         Blade 1 Y translation displacement, node 19, m
        174   -1.458E+02                                 F               0         Blade 1 Z translation displacement, node 19, m
        175   -3.415E+00                                 F               0         Blade 1 X translation displacement, node 20, m
        176    5.777E+01                                 F               0         Blade 1 Y translation displacement, node 20, m
        177   -1.523E+02                                 F               0         Blade 1 Z translation displacement, node 20, m
        178   -4.365E+00                                 F               0         Blade 1 X translation displacement, node 21, m
        179    6.054E+01                                 F               0         Blade 1 Y translation displacement, node 21, m
        180   -1.588E+02                                 F               0         Blade 1 Z translation displacement, node 21, m
        181   -5.315E+00                                 F               0         Blade 1 X translation displacement, node 22, m
        182    6.330E+01                                 F               0         Blade 1 Y translation displacement, node 22, m
        183   -1.653E+02                                 F               0         Blade 1 Z translation displacement, node 22, m
        184   -6.264E+00                                 F               0         Blade 1 X translation displacement, node 23, m
        185    6.607E+01                                 F               0         Blade 1 Y translation displacement, node 23, m
        186   -1.718E+02                                 F               0         Blade 1 Z translation displacement, node 23, m
        187   -7.214E+00                                 F               0         Blade 1 X translation displacement, node 24, m
        188    6.883E+01                                 F               0         Blade 1 Y translation displacement, node 24, m
        189   -1.783E+02                                 F               0         Blade 1 Z translation displacement, node 24, m
        190   -8.164E+00                                 F               0         Blade 1 X translation displacement, node 25, m
        191    7.160E+01                                 F               0         Blade 1 Y translation displacement, node 25, m
        192   -1.848E+02                                 F               0         Blade 1 Z translation displacement, node 25, m
        193   -9.114E+00                                 F               0         Blade 1 X translation displacement, node 26, m
        194    7.436E+01                                 F               0         Blade 1 Y translation displacement, node 26, m
        195   -1.913E+02                                 F               0         Blade 1 Z translation displacement, node 26, m
        196   -1.006E+01                                 F               0         Blade 1 X translation displacement, node 27, m
        197    7.713E+01                                 F               0         Blade 1 Y translation displacement, node 27, m
        198   -1.978E+02                                 F               0         Blade 1 Z translation displacement, node 27, m
        199   -1.087E+01                                 F               0         Blade 1 X translation displacement, node 28, m
        200    7.947E+01                                 F               0         Blade 1 Y translation displacement, node 28, m
        201   -2.033E+02                                 F               0         Blade 1 Z translation displacement, node 28, m
        202    9.230E-01,  3.451E-01,  1.703E-01         F               0         Blade 1 X orientation angle, node 1, rad
        203    3.581E-01, -6.080E-01, -7.086E-01         F               0         Blade 1 Y orientation angle, node 1, rad
        204   -1.410E-01,  7.150E-01, -6.847E-01         F               0         Blade 1 Z orientation angle, node 1, rad
        205    9.230E-01,  3.451E-01,  1.703E-01         F               0         Blade 1 X orientation angle, node 2, rad
        206    3.581E-01, -6.080E-01, -7.086E-01         F               0         Blade 1 Y orientation angle, node 2, rad
        207   -1.410E-01,  7.150E-01, -6.847E-01         F               0         Blade 1 Z orientation angle, node 2, rad
        208    9.815E-01,  1.912E-01, -2.532E-03         F               0         Blade 1 X orientation angle, node 3, rad
        209    1.291E-01, -6.725E-01, -7.288E-01         F               0         Blade 1 Y orientation angle, node 3, rad
        210   -1.410E-01,  7.150E-01, -6.847E-01         F               0         Blade 1 Z orientation angle, node 3, rad
        211    9.861E-01,  1.626E-01, -3.330E-02         F               0         Blade 1 X orientation angle, node 4, rad
        212    8.755E-02, -6.799E-01, -7.280E-01         F               0         Blade 1 Y orientation angle, node 4, rad
        213   -1.410E-01,  7.150E-01, -6.847E-01         F               0         Blade 1 Z orientation angle, node 4, rad
        214    9.885E-01,  1.400E-01, -5.742E-02         F               0         Blade 1 X orientation angle, node 5, rad
        215    5.480E-02, -6.850E-01, -7.265E-01         F               0         Blade 1 Y orientation angle, node 5, rad
        216   -1.410E-01,  7.150E-01, -6.847E-01         F               0         Blade 1 Z orientation angle, node 5, rad
        217    9.896E-01,  1.218E-01, -7.667E-02         F               0         Blade 1 X orientation angle, node 6, rad
        218    2.856E-02, -6.884E-01, -7.247E-01         F               0         Blade 1 Y orientation angle, node 6, rad
        219   -1.410E-01,  7.150E-01, -6.847E-01         F               0         Blade 1 Z orientation angle, node 6, rad
        220    9.900E-01,  1.067E-01, -9.246E-02         F               0         Blade 1 X orientation angle, node 7, rad
        221    6.970E-03, -6.909E-01, -7.229E-01         F               0         Blade 1 Y orientation angle, node 7, rad
        222   -1.410E-01,  7.150E-01, -6.847E-01         F               0         Blade 1 Z orientation angle, node 7, rad
        223    9.899E-01,  9.417E-02, -1.056E-01         F               0         Blade 1 X orientation angle, node 8, rad
        224   -1.100E-02, -6.927E-01, -7.211E-01         F               0         Blade 1 Y orientation angle, node 8, rad
        225   -1.410E-01,  7.150E-01, -6.847E-01         F               0         Blade 1 Z orientation angle, node 8, rad
        226    9.897E-01,  8.352E-02, -1.166E-01         F               0         Blade 1 X orientation angle, node 9, rad
        227   -2.620E-02, -6.941E-01, -7.194E-01         F               0         Blade 1 Y orientation angle, node 9, rad
        228   -1.410E-01,  7.150E-01, -6.847E-01         F               0         Blade 1 Z orientation angle, node 9, rad
        229    9.892E-01,  7.431E-02, -1.262E-01         F               0         Blade 1 X orientation angle, node 10, rad
        230   -3.933E-02, -6.952E-01, -7.178E-01         F               0         Blade 1 Y orientation angle, node 10, rad
        231   -1.410E-01,  7.150E-01, -6.847E-01         F               0         Blade 1 Z orientation angle, node 10, rad
        232    9.887E-01,  6.642E-02, -1.343E-01         F               0         Blade 1 X orientation angle, node 11, rad
        233   -5.055E-02, -6.960E-01, -7.163E-01         F               0         Blade 1 Y orientation angle, node 11, rad
        234   -1.410E-01,  7.150E-01, -6.847E-01         F               0         Blade 1 Z orientation angle, node 11, rad
        235    9.882E-01,  5.949E-02, -1.414E-01         F               0         Blade 1 X orientation angle, node 12, rad
        236   -6.038E-02, -6.966E-01, -7.149E-01         F               0         Blade 1 Y orientation angle, node 12, rad
        237   -1.410E-01,  7.150E-01, -6.847E-01         F               0         Blade 1 Z orientation angle, node 12, rad
        238    9.876E-01,  5.341E-02, -1.477E-01         F               0         Blade 1 X orientation angle, node 13, rad
        239   -6.900E-02, -6.971E-01, -7.137E-01         F               0         Blade 1 Y orientation angle, node 13, rad
        240   -1.410E-01,  7.150E-01, -6.847E-01         F               0         Blade 1 Z orientation angle, node 13, rad
        241    9.870E-01,  4.793E-02, -1.533E-01         F               0         Blade 1 X orientation angle, node 14, rad
        242   -7.676E-02, -6.975E-01, -7.125E-01         F               0         Blade 1 Y orientation angle, node 14, rad
        243   -1.410E-01,  7.150E-01, -6.847E-01         F               0         Blade 1 Z orientation angle, node 14, rad
        244    9.865E-01,  4.306E-02, -1.582E-01         F               0         Blade 1 X orientation angle, node 15, rad
        245   -8.364E-02, -6.978E-01, -7.114E-01         F               0         Blade 1 Y orientation angle, node 15, rad
        246   -1.410E-01,  7.150E-01, -6.847E-01         F               0         Blade 1 Z orientation angle, node 15, rad
        247    9.859E-01,  3.868E-02, -1.627E-01         F               0         Blade 1 X orientation angle, node 16, rad
        248   -8.984E-02, -6.980E-01, -7.104E-01         F               0         Blade 1 Y orientation angle, node 16, rad
        249   -1.410E-01,  7.150E-01, -6.847E-01         F               0         Blade 1 Z orientation angle, node 16, rad
        250    9.854E-01,  3.478E-02, -1.667E-01         F               0         Blade 1 X orientation angle, node 17, rad
        251   -9.535E-02, -6.983E-01, -7.095E-01         F               0         Blade 1 Y orientation angle, node 17, rad
        252   -1.410E-01,  7.150E-01, -6.847E-01         F               0         Blade 1 Z orientation angle, node 17, rad
        253    9.849E-01,  3.112E-02, -1.704E-01         F               0         Blade 1 X orientation angle, node 18, rad
        254   -1.005E-01, -6.984E-01, -7.086E-01         F               0         Blade 1 Y orientation angle, node 18, rad
        255   -1.410E-01,  7.150E-01, -6.847E-01         F               0         Blade 1 Z orientation angle, node 18, rad
        256    9.844E-01,  2.783E-02, -1.737E-01         F               0         Blade 1 X orientation angle, node 19, rad
        257   -1.051E-01, -6.986E-01, -7.078E-01         F               0         Blade 1 Y orientation angle, node 19, rad
        258   -1.410E-01,  7.150E-01, -6.847E-01         F               0         Blade 1 Z orientation angle, node 19, rad
        259    9.840E-01,  2.490E-02, -1.767E-01         F               0         Blade 1 X orientation angle, node 20, rad
        260   -1.093E-01, -6.987E-01, -7.070E-01         F               0         Blade 1 Y orientation angle, node 20, rad
        261   -1.410E-01,  7.150E-01, -6.847E-01         F               0         Blade 1 Z orientation angle, node 20, rad
        262    9.835E-01,  2.210E-02, -1.795E-01         F               0         Blade 1 X orientation angle, node 21, rad
        263   -1.132E-01, -6.988E-01, -7.063E-01         F               0         Blade 1 Y orientation angle, node 21, rad
        264   -1.410E-01,  7.150E-01, -6.847E-01         F               0         Blade 1 Z orientation angle, node 21, rad
        265    9.831E-01,  1.954E-02, -1.821E-01         F               0         Blade 1 X orientation angle, node 22, rad
        266   -1.168E-01, -6.988E-01, -7.057E-01         F               0         Blade 1 Y orientation angle, node 22, rad
        267   -1.410E-01,  7.150E-01, -6.847E-01         F               0         Blade 1 Z orientation angle, node 22, rad
        268    9.827E-01,  1.722E-02, -1.844E-01         F               0         Blade 1 X orientation angle, node 23, rad
        269   -1.201E-01, -6.989E-01, -7.051E-01         F               0         Blade 1 Y orientation angle, node 23, rad
        270   -1.410E-01,  7.150E-01, -6.847E-01         F               0         Blade 1 Z orientation angle, node 23, rad
        271    9.823E-01,  1.502E-02, -1.866E-01         F               0         Blade 1 X orientation angle, node 24, rad
        272   -1.232E-01, -6.990E-01, -7.045E-01         F               0         Blade 1 Y orientation angle, node 24, rad
        273   -1.410E-01,  7.150E-01, -6.847E-01         F               0         Blade 1 Z orientation angle, node 24, rad
        274    9.819E-01,  1.295E-02, -1.887E-01         F               0         Blade 1 X orientation angle, node 25, rad
        275   -1.261E-01, -6.990E-01, -7.039E-01         F               0         Blade 1 Y orientation angle, node 25, rad
        276   -1.410E-01,  7.150E-01, -6.847E-01         F               0         Blade 1 Z orientation angle, node 25, rad
        277    9.816E-01,  1.112E-02, -1.906E-01         F               0         Blade 1 X orientation angle, node 26, rad
        278   -1.286E-01, -6.990E-01, -7.034E-01         F               0         Blade 1 Y orientation angle, node 26, rad
        279   -1.410E-01,  7.150E-01, -6.847E-01         F               0         Blade 1 Z orientation angle, node 26, rad
        280    9.813E-01,  9.288E-03, -1.924E-01         F               0         Blade 1 X orientation angle, node 27, rad
        281   -1.312E-01, -6.991E-01, -7.029E-01         F               0         Blade 1 Y orientation angle, node 27, rad
        282   -1.410E-01,  7.150E-01, -6.847E-01         F               0         Blade 1 Z orientation angle, node 27, rad
        283    9.811E-01,  8.312E-03, -1.934E-01         F               0         Blade 1 X orientation angle, node 28, rad
        284   -1.326E-01, -6.991E-01, -7.027E-01         F               0         Blade 1 Y orientation angle, node 28, rad
        285   -1.410E-01,  7.150E-01, -6.847E-01         F               0         Blade 1 Z orientation angle, node 28, rad
        286    5.127E-01                                 F               0         Blade 1 X translation velocity, node 1, m/s
        287    2.753E+00                                 F               0         Blade 1 Y translation velocity, node 1, m/s
        288    2.757E+00                                 F               0         Blade 1 Z translation velocity, node 1, m/s
        289    6.368E-01                                 F               0         Blade 1 X translation velocity, node 2, m/s
        290    3.413E+00                                 F               0         Blade 1 Y translation velocity, node 2, m/s
        291    3.421E+00                                 F               0         Blade 1 Z translation velocity, node 2, m/s
        292    2.324E+00                                 F               0         Blade 1 X translation velocity, node 3, m/s
        293    1.239E+01                                 F               0         Blade 1 Y translation velocity, node 3, m/s
        294    1.245E+01                                 F               0         Blade 1 Z translation velocity, node 3, m/s
        295    2.684E+00                                 F               0         Blade 1 X translation velocity, node 4, m/s
        296    1.431E+01                                 F               0         Blade 1 Y translation velocity, node 4, m/s
        297    1.437E+01                                 F               0         Blade 1 Z translation velocity, node 4, m/s
        298    3.044E+00                                 F               0         Blade 1 X translation velocity, node 5, m/s
        299    1.622E+01                                 F               0         Blade 1 Y translation velocity, node 5, m/s
        300    1.630E+01                                 F               0         Blade 1 Z translation velocity, node 5, m/s
        301    3.403E+00                                 F               0         Blade 1 X translation velocity, node 6, m/s
        302    1.813E+01                                 F               0         Blade 1 Y translation velocity, node 6, m/s
        303    1.822E+01                                 F               0         Blade 1 Z translation velocity, node 6, m/s
        304    3.763E+00                                 F               0         Blade 1 X translation velocity, node 7, m/s
        305    2.005E+01                                 F               0         Blade 1 Y translation velocity, node 7, m/s
        306    2.014E+01                                 F               0         Blade 1 Z translation velocity, node 7, m/s
        307    4.122E+00                                 F               0         Blade 1 X translation velocity, node 8, m/s
