
Linearized model: Predictions were generated on 11-Jan-2024 at 12:32:35 using OpenFAST, compiled as a 64-bit application using single precision at commit v3.5.1
 linked with  NWTC Subroutine Library; ElastoDyn; InflowWind; AeroDyn; ServoDyn; HydroDyn; MoorDyn (v2.0.0, 2023-09-18)

Description from the FAST input file: CCT-9 Campign 4 model. Input files to be run with OpenFAST 3.5.0. GitHub branch from Lu Wang (https://github.com/luwang00/openfast/tree/dev) compiled on March 7, 2023.

Simulation information:
   Simulation time:                   500.0000 s
   Rotor Speed:                         0.7077 rad/s
   Azimuth:                             3.5400 rad
   Wind Speed:                          8.0000 m/s
   Number of continuous states:         0
   Number of discrete states:           0
   Number of constraint states:         0
   Number of inputs:                 1746
   Number of outputs:                   4
   Jacobians included in this file?    No

Order of inputs:
     Column   Operating Point                     Rotating Frame? Derivative Order Description
   ---------- ---------------                     --------------- ---------------- -----------
          1    7.309E+00                                 F               0         Tower X translation displacement, node 1, m
          2   -1.243E+00                                 F               0         Tower Y translation displacement, node 1, m
          3   -1.697E-01                                 F               0         Tower Z translation displacement, node 1, m
          4    8.351E+00                                 F               0         Tower X translation displacement, node 2, m
          5   -1.778E+00                                 F               0         Tower Y translation displacement, node 2, m
          6   -2.254E-01                                 F               0         Tower Z translation displacement, node 2, m
          7    9.410E+00                                 F               0         Tower X translation displacement, node 3, m
          8   -2.318E+00                                 F               0         Tower Y translation displacement, node 3, m
          9   -2.827E-01                                 F               0         Tower Z translation displacement, node 3, m
         10    1.048E+01                                 F               0         Tower X translation displacement, node 4, m
         11   -2.862E+00                                 F               0         Tower Y translation displacement, node 4, m
         12   -3.412E-01                                 F               0         Tower Z translation displacement, node 4, m
         13    1.156E+01                                 F               0         Tower X translation displacement, node 5, m
         14   -3.410E+00                                 F               0         Tower Y translation displacement, node 5, m
         15   -4.006E-01                                 F               0         Tower Z translation displacement, node 5, m
         16    1.265E+01                                 F               0         Tower X translation displacement, node 6, m
         17   -3.960E+00                                 F               0         Tower Y translation displacement, node 6, m
         18   -4.609E-01                                 F               0         Tower Z translation displacement, node 6, m
         19    1.374E+01                                 F               0         Tower X translation displacement, node 7, m
         20   -4.513E+00                                 F               0         Tower Y translation displacement, node 7, m
         21   -5.217E-01                                 F               0         Tower Z translation displacement, node 7, m
         22    1.484E+01                                 F               0         Tower X translation displacement, node 8, m
         23   -5.068E+00                                 F               0         Tower Y translation displacement, node 8, m
         24   -5.829E-01                                 F               0         Tower Z translation displacement, node 8, m
         25    1.593E+01                                 F               0         Tower X translation displacement, node 9, m
         26   -5.624E+00                                 F               0         Tower Y translation displacement, node 9, m
         27   -6.444E-01                                 F               0         Tower Z translation displacement, node 9, m
         28    1.703E+01                                 F               0         Tower X translation displacement, node 10, m
         29   -6.182E+00                                 F               0         Tower Y translation displacement, node 10, m
         30   -7.062E-01                                 F               0         Tower Z translation displacement, node 10, m
         31    1.814E+01                                 F               0         Tower X translation displacement, node 11, m
         32   -6.739E+00                                 F               0         Tower Y translation displacement, node 11, m
         33   -7.680E-01                                 F               0         Tower Z translation displacement, node 11, m
         34    9.965E-01,  4.236E-03, -8.379E-02         F               0         Tower X orientation angle, node 1, rad
         35   -6.021E-04,  9.991E-01,  4.335E-02         F               0         Tower Y orientation angle, node 1, rad
         36    8.389E-02, -4.314E-02,  9.955E-01         F               0         Tower Z orientation angle, node 1, rad
         37    9.964E-01,  4.288E-03, -8.500E-02         F               0         Tower X orientation angle, node 2, rad
         38   -5.691E-04,  9.990E-01,  4.374E-02         F               0         Tower Y orientation angle, node 2, rad
         39    8.510E-02, -4.353E-02,  9.954E-01         F               0         Tower Z orientation angle, node 2, rad
         40    9.963E-01,  4.334E-03, -8.604E-02         F               0         Tower X orientation angle, node 3, rad
         41   -5.390E-04,  9.990E-01,  4.409E-02         F               0         Tower Y orientation angle, node 3, rad
         42    8.614E-02, -4.388E-02,  9.953E-01         F               0         Tower Z orientation angle, node 3, rad
         43    9.962E-01,  4.372E-03, -8.689E-02         F               0         Tower X orientation angle, node 4, rad
         44   -5.125E-04,  9.990E-01,  4.439E-02         F               0         Tower Y orientation angle, node 4, rad
         45    8.700E-02, -4.418E-02,  9.952E-01         F               0         Tower Z orientation angle, node 4, rad
         46    9.961E-01,  4.403E-03, -8.758E-02         F               0         Tower X orientation angle, node 5, rad
         47   -4.895E-04,  9.990E-01,  4.465E-02         F               0         Tower Y orientation angle, node 5, rad
         48    8.768E-02, -4.444E-02,  9.952E-01         F               0         Tower Z orientation angle, node 5, rad
         49    9.961E-01,  4.426E-03, -8.810E-02         F               0         Tower X orientation angle, node 6, rad
         50   -4.702E-04,  9.990E-01,  4.487E-02         F               0         Tower Y orientation angle, node 6, rad
         51    8.821E-02, -4.466E-02,  9.951E-01         F               0         Tower Z orientation angle, node 6, rad
         52    9.961E-01,  4.443E-03, -8.847E-02         F               0         Tower X orientation angle, node 7, rad
         53   -4.547E-04,  9.990E-01,  4.505E-02         F               0         Tower Y orientation angle, node 7, rad
         54    8.858E-02, -4.483E-02,  9.951E-01         F               0         Tower Z orientation angle, node 7, rad
         55    9.960E-01,  4.455E-03, -8.873E-02         F               0         Tower X orientation angle, node 8, rad
         56   -4.426E-04,  9.990E-01,  4.518E-02         F               0         Tower Y orientation angle, node 8, rad
         57    8.884E-02, -4.497E-02,  9.950E-01         F               0         Tower Z orientation angle, node 8, rad
         58    9.960E-01,  4.462E-03, -8.889E-02         F               0         Tower X orientation angle, node 9, rad
         59   -4.338E-04,  9.990E-01,  4.528E-02         F               0         Tower Y orientation angle, node 9, rad
         60    8.900E-02, -4.507E-02,  9.950E-01         F               0         Tower Z orientation angle, node 9, rad
         61    9.960E-01,  4.466E-03, -8.898E-02         F               0         Tower X orientation angle, node 10, rad
         62   -4.280E-04,  9.990E-01,  4.535E-02         F               0         Tower Y orientation angle, node 10, rad
         63    8.909E-02, -4.513E-02,  9.950E-01         F               0         Tower Z orientation angle, node 10, rad
         64    9.960E-01,  4.468E-03, -8.902E-02         F               0         Tower X orientation angle, node 11, rad
         65   -4.249E-04,  9.990E-01,  4.539E-02         F               0         Tower Y orientation angle, node 11, rad
         66    8.913E-02, -4.517E-02,  9.950E-01         F               0         Tower Z orientation angle, node 11, rad
         67   -3.580E-03                                 F               0         Tower X translation velocity, node 1, m/s
         68    3.306E-03                                 F               0         Tower Y translation velocity, node 1, m/s
         69    1.989E-04                                 F               0         Tower Z translation velocity, node 1, m/s
         70   -3.452E-03                                 F               0         Tower X translation velocity, node 2, m/s
         71    4.349E-03                                 F               0         Tower Y translation velocity, node 2, m/s
         72    2.335E-04                                 F               0         Tower Z translation velocity, node 2, m/s
         73   -3.312E-03                                 F               0         Tower X translation velocity, node 3, m/s
         74    5.418E-03                                 F               0         Tower Y translation velocity, node 3, m/s
         75    2.683E-04                                 F               0         Tower Z translation velocity, node 3, m/s
         76   -3.161E-03                                 F               0         Tower X translation velocity, node 4, m/s
         77    6.507E-03                                 F               0         Tower Y translation velocity, node 4, m/s
         78    3.034E-04                                 F               0         Tower Z translation velocity, node 4, m/s
         79   -3.002E-03                                 F               0         Tower X translation velocity, node 5, m/s
         80    7.614E-03                                 F               0         Tower Y translation velocity, node 5, m/s
         81    3.387E-04                                 F               0         Tower Z translation velocity, node 5, m/s
         82   -2.833E-03                                 F               0         Tower X translation velocity, node 6, m/s
         83    8.736E-03                                 F               0         Tower Y translation velocity, node 6, m/s
         84    3.741E-04                                 F               0         Tower Z translation velocity, node 6, m/s
         85   -2.658E-03                                 F               0         Tower X translation velocity, node 7, m/s
         86    9.871E-03                                 F               0         Tower Y translation velocity, node 7, m/s
         87    4.096E-04                                 F               0         Tower Z translation velocity, node 7, m/s
         88   -2.477E-03                                 F               0         Tower X translation velocity, node 8, m/s
         89    1.102E-02                                 F               0         Tower Y translation velocity, node 8, m/s
         90    4.451E-04                                 F               0         Tower Z translation velocity, node 8, m/s
         91   -2.291E-03                                 F               0         Tower X translation velocity, node 9, m/s
         92    1.217E-02                                 F               0         Tower Y translation velocity, node 9, m/s
         93    4.807E-04                                 F               0         Tower Z translation velocity, node 9, m/s
         94   -2.101E-03                                 F               0         Tower X translation velocity, node 10, m/s
         95    1.333E-02                                 F               0         Tower Y translation velocity, node 10, m/s
         96    5.163E-04                                 F               0         Tower Z translation velocity, node 10, m/s
         97   -1.909E-03                                 F               0         Tower X translation velocity, node 11, m/s
         98    1.449E-02                                 F               0         Tower Y translation velocity, node 11, m/s
         99    5.519E-04                                 F               0         Tower Z translation velocity, node 11, m/s
        100    1.888E+01                                 F               0         Hub X translation displacement, node 1, m
        101   -7.142E+00                                 F               0         Hub Y translation displacement, node 1, m
        102    1.542E-01                                 F               0         Hub Z translation displacement, node 1, m
        103    9.812E-01,  9.165E-03, -1.925E-01         F               0         Hub X orientation angle, node 1, rad
        104   -7.438E-02, -9.035E-01, -4.221E-01         F               0         Hub Y orientation angle, node 1, rad
        105   -1.778E-01,  4.285E-01, -8.859E-01         F               0         Hub Z orientation angle, node 1, rad
        106    6.943E-01                                 F               0         Hub X rotation velocity, node 1, rad/s
        107    6.501E-03                                 F               0         Hub Y rotation velocity, node 1, rad/s
        108   -1.362E-01                                 F               0         Hub Z rotation velocity, node 1, rad/s
        109    9.830E-01,  3.596E-02, -1.799E-01         F               0         Blade root 1 X orientation angle, node 1, rad
        110   -4.524E-02, -9.028E-01, -4.276E-01         F               0         Blade root 1 Y orientation angle, node 1, rad
        111   -1.778E-01,  4.285E-01, -8.859E-01         F               0         Blade root 1 Z orientation angle, node 1, rad
        112    9.843E-01, -1.525E-02, -1.760E-01         F               0         Blade root 2 X orientation angle, node 1, rad
        113   -8.764E-02,  8.228E-01, -5.616E-01         F               0         Blade root 2 Y orientation angle, node 1, rad
        114    1.533E-01,  5.682E-01,  8.085E-01         F               0         Blade root 2 Z orientation angle, node 1, rad
        115    9.751E-01,  6.768E-03, -2.215E-01         F               0         Blade root 3 X orientation angle, node 1, rad
        116    2.202E-01,  8.088E-02,  9.721E-01         F               0         Blade root 3 Y orientation angle, node 1, rad
        117    2.449E-02, -9.967E-01,  7.738E-02         F               0         Blade root 3 Z orientation angle, node 1, rad
        118    1.731E+01                                 F               0         Blade 1 X translation displacement, node 1, m
        119   -4.768E+00                                 F               0         Blade 1 Y translation displacement, node 1, m
        120   -1.026E+01                                 F               0         Blade 1 Z translation displacement, node 1, m
        121    1.694E+01                                 F               0         Blade 1 X translation displacement, node 2, m
        122   -4.196E+00                                 F               0         Blade 1 Y translation displacement, node 2, m
        123   -1.277E+01                                 F               0         Blade 1 Z translation displacement, node 2, m
        124    1.181E+01                                 F               0         Blade 1 X translation displacement, node 3, m
        125    3.582E+00                                 F               0         Blade 1 Y translation displacement, node 3, m
        126   -4.691E+01                                 F               0         Blade 1 Z translation displacement, node 3, m
        127    1.072E+01                                 F               0         Blade 1 X translation displacement, node 4, m
        128    5.239E+00                                 F               0         Blade 1 Y translation displacement, node 4, m
        129   -5.418E+01                                 F               0         Blade 1 Z translation displacement, node 4, m
        130    9.628E+00                                 F               0         Blade 1 X translation displacement, node 5, m
        131    6.897E+00                                 F               0         Blade 1 Y translation displacement, node 5, m
        132   -6.145E+01                                 F               0         Blade 1 Z translation displacement, node 5, m
        133    8.536E+00                                 F               0         Blade 1 X translation displacement, node 6, m
        134    8.554E+00                                 F               0         Blade 1 Y translation displacement, node 6, m
        135   -6.873E+01                                 F               0         Blade 1 Z translation displacement, node 6, m
        136    7.444E+00                                 F               0         Blade 1 X translation displacement, node 7, m
        137    1.021E+01                                 F               0         Blade 1 Y translation displacement, node 7, m
        138   -7.600E+01                                 F               0         Blade 1 Z translation displacement, node 7, m
        139    6.352E+00                                 F               0         Blade 1 X translation displacement, node 8, m
        140    1.187E+01                                 F               0         Blade 1 Y translation displacement, node 8, m
        141   -8.327E+01                                 F               0         Blade 1 Z translation displacement, node 8, m
        142    5.260E+00                                 F               0         Blade 1 X translation displacement, node 9, m
        143    1.353E+01                                 F               0         Blade 1 Y translation displacement, node 9, m
        144   -9.054E+01                                 F               0         Blade 1 Z translation displacement, node 9, m
        145    4.168E+00                                 F               0         Blade 1 X translation displacement, node 10, m
        146    1.518E+01                                 F               0         Blade 1 Y translation displacement, node 10, m
        147   -9.782E+01                                 F               0         Blade 1 Z translation displacement, node 10, m
        148    3.076E+00                                 F               0         Blade 1 X translation displacement, node 11, m
        149    1.684E+01                                 F               0         Blade 1 Y translation displacement, node 11, m
        150   -1.051E+02                                 F               0         Blade 1 Z translation displacement, node 11, m
        151    1.983E+00                                 F               0         Blade 1 X translation displacement, node 12, m
        152    1.850E+01                                 F               0         Blade 1 Y translation displacement, node 12, m
        153   -1.124E+02                                 F               0         Blade 1 Z translation displacement, node 12, m
        154    8.915E-01                                 F               0         Blade 1 X translation displacement, node 13, m
        155    2.016E+01                                 F               0         Blade 1 Y translation displacement, node 13, m
        156   -1.196E+02                                 F               0         Blade 1 Z translation displacement, node 13, m
        157   -2.005E-01                                 F               0         Blade 1 X translation displacement, node 14, m
        158    2.181E+01                                 F               0         Blade 1 Y translation displacement, node 14, m
        159   -1.269E+02                                 F               0         Blade 1 Z translation displacement, node 14, m
        160   -1.293E+00                                 F               0         Blade 1 X translation displacement, node 15, m
        161    2.347E+01                                 F               0         Blade 1 Y translation displacement, node 15, m
        162   -1.342E+02                                 F               0         Blade 1 Z translation displacement, node 15, m
        163   -2.385E+00                                 F               0         Blade 1 X translation displacement, node 16, m
        164    2.513E+01                                 F               0         Blade 1 Y translation displacement, node 16, m
        165   -1.415E+02                                 F               0         Blade 1 Z translation displacement, node 16, m
        166   -3.477E+00                                 F               0         Blade 1 X translation displacement, node 17, m
        167    2.679E+01                                 F               0         Blade 1 Y translation displacement, node 17, m
        168   -1.487E+02                                 F               0         Blade 1 Z translation displacement, node 17, m
        169   -4.569E+00                                 F               0         Blade 1 X translation displacement, node 18, m
        170    2.844E+01                                 F               0         Blade 1 Y translation displacement, node 18, m
        171   -1.560E+02                                 F               0         Blade 1 Z translation displacement, node 18, m
        172   -5.661E+00                                 F               0         Blade 1 X translation displacement, node 19, m
        173    3.010E+01                                 F               0         Blade 1 Y translation displacement, node 19, m
        174   -1.633E+02                                 F               0         Blade 1 Z translation displacement, node 19, m
        175   -6.753E+00                                 F               0         Blade 1 X translation displacement, node 20, m
        176    3.176E+01                                 F               0         Blade 1 Y translation displacement, node 20, m
        177   -1.705E+02                                 F               0         Blade 1 Z translation displacement, node 20, m
        178   -7.845E+00                                 F               0         Blade 1 X translation displacement, node 21, m
        179    3.341E+01                                 F               0         Blade 1 Y translation displacement, node 21, m
        180   -1.778E+02                                 F               0         Blade 1 Z translation displacement, node 21, m
        181   -8.937E+00                                 F               0         Blade 1 X translation displacement, node 22, m
        182    3.507E+01                                 F               0         Blade 1 Y translation displacement, node 22, m
        183   -1.851E+02                                 F               0         Blade 1 Z translation displacement, node 22, m
        184   -1.003E+01                                 F               0         Blade 1 X translation displacement, node 23, m
        185    3.673E+01                                 F               0         Blade 1 Y translation displacement, node 23, m
        186   -1.924E+02                                 F               0         Blade 1 Z translation displacement, node 23, m
        187   -1.112E+01                                 F               0         Blade 1 X translation displacement, node 24, m
        188    3.839E+01                                 F               0         Blade 1 Y translation displacement, node 24, m
        189   -1.996E+02                                 F               0         Blade 1 Z translation displacement, node 24, m
        190   -1.221E+01                                 F               0         Blade 1 X translation displacement, node 25, m
        191    4.004E+01                                 F               0         Blade 1 Y translation displacement, node 25, m
        192   -2.069E+02                                 F               0         Blade 1 Z translation displacement, node 25, m
        193   -1.331E+01                                 F               0         Blade 1 X translation displacement, node 26, m
        194    4.170E+01                                 F               0         Blade 1 Y translation displacement, node 26, m
        195   -2.142E+02                                 F               0         Blade 1 Z translation displacement, node 26, m
        196   -1.440E+01                                 F               0         Blade 1 X translation displacement, node 27, m
        197    4.336E+01                                 F               0         Blade 1 Y translation displacement, node 27, m
        198   -2.215E+02                                 F               0         Blade 1 Z translation displacement, node 27, m
        199   -1.532E+01                                 F               0         Blade 1 X translation displacement, node 28, m
        200    4.476E+01                                 F               0         Blade 1 Y translation displacement, node 28, m
        201   -2.276E+02                                 F               0         Blade 1 Z translation displacement, node 28, m
        202    8.955E-01,  4.437E-01,  3.487E-02         F               0         Blade 1 X orientation angle, node 1, rad
        203    4.080E-01, -7.871E-01, -4.626E-01         F               0         Blade 1 Y orientation angle, node 1, rad
        204   -1.778E-01,  4.285E-01, -8.859E-01         F               0         Blade 1 Z orientation angle, node 1, rad
        205    8.955E-01,  4.437E-01,  3.487E-02         F               0         Blade 1 X orientation angle, node 2, rad
        206    4.080E-01, -7.871E-01, -4.626E-01         F               0         Blade 1 Y orientation angle, node 2, rad
        207   -1.778E-01,  4.285E-01, -8.859E-01         F               0         Blade 1 Z orientation angle, node 2, rad
        208    9.667E-01,  2.445E-01, -7.577E-02         F               0         Blade 1 X orientation angle, node 3, rad
        209    1.841E-01, -8.698E-01, -4.577E-01         F               0         Blade 1 Y orientation angle, node 3, rad
        210   -1.778E-01,  4.285E-01, -8.859E-01         F               0         Blade 1 Z orientation angle, node 3, rad
        211    9.736E-01,  2.076E-01, -9.503E-02         F               0         Blade 1 X orientation angle, node 4, rad
        212    1.432E-01, -8.794E-01, -4.541E-01         F               0         Blade 1 Y orientation angle, node 4, rad
        213   -1.778E-01,  4.285E-01, -8.859E-01         F               0         Blade 1 Z orientation angle, node 4, rad
        214    9.778E-01,  1.783E-01, -1.100E-01         F               0         Blade 1 X orientation angle, node 5, rad
        215    1.108E-01, -8.858E-01, -4.507E-01         F               0         Blade 1 Y orientation angle, node 5, rad
        216   -1.778E-01,  4.285E-01, -8.859E-01         F               0         Blade 1 Z orientation angle, node 5, rad
        217    9.804E-01,  1.547E-01, -1.219E-01         F               0         Blade 1 X orientation angle, node 6, rad
        218    8.482E-02, -8.902E-01, -4.476E-01         F               0         Blade 1 Y orientation angle, node 6, rad
        219   -1.778E-01,  4.285E-01, -8.859E-01         F               0         Blade 1 Z orientation angle, node 6, rad
        220    9.820E-01,  1.353E-01, -1.317E-01         F               0         Blade 1 X orientation angle, node 7, rad
        221    6.342E-02, -8.934E-01, -4.449E-01         F               0         Blade 1 Y orientation angle, node 7, rad
        222   -1.778E-01,  4.285E-01, -8.859E-01         F               0         Blade 1 Z orientation angle, node 7, rad
        223    9.830E-01,  1.190E-01, -1.397E-01         F               0         Blade 1 X orientation angle, node 8, rad
        224    4.558E-02, -8.957E-01, -4.424E-01         F               0         Blade 1 Y orientation angle, node 8, rad
        225   -1.778E-01,  4.285E-01, -8.859E-01         F               0         Blade 1 Z orientation angle, node 8, rad
        226    9.836E-01,  1.053E-01, -1.465E-01         F               0         Blade 1 X orientation angle, node 9, rad
        227    3.048E-02, -8.974E-01, -4.402E-01         F               0         Blade 1 Y orientation angle, node 9, rad
        228   -1.778E-01,  4.285E-01, -8.859E-01         F               0         Blade 1 Z orientation angle, node 9, rad
        229    9.839E-01,  9.337E-02, -1.523E-01         F               0         Blade 1 X orientation angle, node 10, rad
        230    1.743E-02, -8.987E-01, -4.382E-01         F               0         Blade 1 Y orientation angle, node 10, rad
        231   -1.778E-01,  4.285E-01, -8.859E-01         F               0         Blade 1 Z orientation angle, node 10, rad
        232    9.840E-01,  8.316E-02, -1.573E-01         F               0         Blade 1 X orientation angle, node 11, rad
        233    6.268E-03, -8.997E-01, -4.365E-01         F               0         Blade 1 Y orientation angle, node 11, rad
        234   -1.778E-01,  4.285E-01, -8.859E-01         F               0         Blade 1 Z orientation angle, node 11, rad
        235    9.841E-01,  7.421E-02, -1.616E-01         F               0         Blade 1 X orientation angle, node 12, rad
        236   -3.522E-03, -9.005E-01, -4.349E-01         F               0         Blade 1 Y orientation angle, node 12, rad
        237   -1.778E-01,  4.285E-01, -8.859E-01         F               0         Blade 1 Z orientation angle, node 12, rad
        238    9.840E-01,  6.635E-02, -1.654E-01         F               0         Blade 1 X orientation angle, node 13, rad
        239   -1.211E-02, -9.011E-01, -4.334E-01         F               0         Blade 1 Y orientation angle, node 13, rad
        240   -1.778E-01,  4.285E-01, -8.859E-01         F               0         Blade 1 Z orientation angle, node 13, rad
        241    9.839E-01,  5.927E-02, -1.688E-01         F               0         Blade 1 X orientation angle, node 14, rad
        242   -1.984E-02, -9.016E-01, -4.321E-01         F               0         Blade 1 Y orientation angle, node 14, rad
        243   -1.778E-01,  4.285E-01, -8.859E-01         F               0         Blade 1 Z orientation angle, node 14, rad
        244    9.837E-01,  5.297E-02, -1.718E-01         F               0         Blade 1 X orientation angle, node 15, rad
        245   -2.671E-02, -9.020E-01, -4.309E-01         F               0         Blade 1 Y orientation angle, node 15, rad
        246   -1.778E-01,  4.285E-01, -8.859E-01         F               0         Blade 1 Z orientation angle, node 15, rad
        247    9.835E-01,  4.731E-02, -1.745E-01         F               0         Blade 1 X orientation angle, node 16, rad
        248   -3.289E-02, -9.023E-01, -4.299E-01         F               0         Blade 1 Y orientation angle, node 16, rad
        249   -1.778E-01,  4.285E-01, -8.859E-01         F               0         Blade 1 Z orientation angle, node 16, rad
        250    9.833E-01,  4.227E-02, -1.769E-01         F               0         Blade 1 X orientation angle, node 17, rad
        251   -3.838E-02, -9.025E-01, -4.289E-01         F               0         Blade 1 Y orientation angle, node 17, rad
        252   -1.778E-01,  4.285E-01, -8.859E-01         F               0         Blade 1 Z orientation angle, node 17, rad
        253    9.831E-01,  3.754E-02, -1.792E-01         F               0         Blade 1 X orientation angle, node 18, rad
        254   -4.353E-02, -9.028E-01, -4.279E-01         F               0         Blade 1 Y orientation angle, node 18, rad
        255   -1.778E-01,  4.285E-01, -8.859E-01         F               0         Blade 1 Z orientation angle, node 18, rad
        256    9.829E-01,  3.328E-02, -1.812E-01         F               0         Blade 1 X orientation angle, node 19, rad
        257   -4.816E-02, -9.029E-01, -4.271E-01         F               0         Blade 1 Y orientation angle, node 19, rad
        258   -1.778E-01,  4.285E-01, -8.859E-01         F               0         Blade 1 Z orientation angle, node 19, rad
        259    9.827E-01,  2.950E-02, -1.830E-01         F               0         Blade 1 X orientation angle, node 20, rad
        260   -5.227E-02, -9.031E-01, -4.263E-01         F               0         Blade 1 Y orientation angle, node 20, rad
        261   -1.778E-01,  4.285E-01, -8.859E-01         F               0         Blade 1 Z orientation angle, node 20, rad
        262    9.825E-01,  2.588E-02, -1.847E-01         F               0         Blade 1 X orientation angle, node 21, rad
        263   -5.622E-02, -9.032E-01, -4.256E-01         F               0         Blade 1 Y orientation angle, node 21, rad
        264   -1.778E-01,  4.285E-01, -8.859E-01         F               0         Blade 1 Z orientation angle, node 21, rad
        265    9.822E-01,  2.257E-02, -1.863E-01         F               0         Blade 1 X orientation angle, node 22, rad
        266   -5.982E-02, -9.033E-01, -4.249E-01         F               0         Blade 1 Y orientation angle, node 22, rad
        267   -1.778E-01,  4.285E-01, -8.859E-01         F               0         Blade 1 Z orientation angle, node 22, rad
        268    9.820E-01,  1.957E-02, -1.877E-01         F               0         Blade 1 X orientation angle, node 23, rad
        269   -6.308E-02, -9.033E-01, -4.243E-01         F               0         Blade 1 Y orientation angle, node 23, rad
        270   -1.778E-01,  4.285E-01, -8.859E-01         F               0         Blade 1 Z orientation angle, node 23, rad
        271    9.818E-01,  1.673E-02, -1.890E-01         F               0         Blade 1 X orientation angle, node 24, rad
        272   -6.616E-02, -9.034E-01, -4.237E-01         F               0         Blade 1 Y orientation angle, node 24, rad
        273   -1.778E-01,  4.285E-01, -8.859E-01         F               0         Blade 1 Z orientation angle, node 24, rad
        274    9.816E-01,  1.405E-02, -1.902E-01         F               0         Blade 1 X orientation angle, node 25, rad
        275   -6.907E-02, -9.034E-01, -4.231E-01         F               0         Blade 1 Y orientation angle, node 25, rad
        276   -1.778E-01,  4.285E-01, -8.859E-01         F               0         Blade 1 Z orientation angle, node 25, rad
        277    9.815E-01,  1.169E-02, -1.914E-01         F               0         Blade 1 X orientation angle, node 26, rad
        278   -7.164E-02, -9.035E-01, -4.226E-01         F               0         Blade 1 Y orientation angle, node 26, rad
        279   -1.778E-01,  4.285E-01, -8.859E-01         F               0         Blade 1 Z orientation angle, node 26, rad
        280    9.813E-01,  9.322E-03, -1.925E-01         F               0         Blade 1 X orientation angle, node 27, rad
        281   -7.421E-02, -9.035E-01, -4.221E-01         F               0         Blade 1 Y orientation angle, node 27, rad
        282   -1.778E-01,  4.285E-01, -8.859E-01         F               0         Blade 1 Z orientation angle, node 27, rad
        283    9.812E-01,  8.061E-03, -1.930E-01         F               0         Blade 1 X orientation angle, node 28, rad
        284   -7.558E-02, -9.035E-01, -4.219E-01         F               0         Blade 1 Y orientation angle, node 28, rad
        285   -1.778E-01,  4.285E-01, -8.859E-01         F               0         Blade 1 Z orientation angle, node 28, rad
        286    2.897E-01                                 F               0         Blade 1 X translation velocity, node 1, m/s
        287    3.557E+00                                 F               0         Blade 1 Y translation velocity, node 1, m/s
        288    1.655E+00                                 F               0         Blade 1 Z translation velocity, node 1, m/s
        289    3.600E-01                                 F               0         Blade 1 X translation velocity, node 2, m/s
        290    4.410E+00                                 F               0         Blade 1 Y translation velocity, node 2, m/s
        291    2.054E+00                                 F               0         Blade 1 Z translation velocity, node 2, m/s
        292    1.315E+00                                 F               0         Blade 1 X translation velocity, node 3, m/s
        293    1.602E+01                                 F               0         Blade 1 Y translation velocity, node 3, m/s
        294    7.476E+00                                 F               0         Blade 1 Z translation velocity, node 3, m/s
        295    1.519E+00                                 F               0         Blade 1 X translation velocity, node 4, m/s
        296    1.849E+01                                 F               0         Blade 1 Y translation velocity, node 4, m/s
        297    8.631E+00                                 F               0         Blade 1 Z translation velocity, node 4, m/s
        298    1.722E+00                                 F               0         Blade 1 X translation velocity, node 5, m/s
        299    2.096E+01                                 F               0         Blade 1 Y translation velocity, node 5, m/s
        300    9.786E+00                                 F               0         Blade 1 Z translation velocity, node 5, m/s
        301    1.926E+00                                 F               0         Blade 1 X translation velocity, node 6, m/s
        302    2.343E+01                                 F               0         Blade 1 Y translation velocity, node 6, m/s
        303    1.094E+01                                 F               0         Blade 1 Z translation velocity, node 6, m/s
        304    2.129E+00                                 F               0         Blade 1 X translation velocity, node 7, m/s
        305    2.591E+01                                 F               0         Blade 1 Y translation velocity, node 7, m/s
        306    1.210E+01                                 F               0         Blade 1 Z translation velocity, node 7, m/s
        307    2.333E+00                                 F               0         Blade 1 X translation velocity, node 8, m/s
