
Linearized model: Predictions were generated on 11-Jan-2024 at 12:32:35 using OpenFAST, compiled as a 64-bit application using single precision at commit v3.5.1
 linked with  NWTC Subroutine Library; ElastoDyn; InflowWind; AeroDyn; ServoDyn; HydroDyn; MoorDyn (v2.0.0, 2023-09-18)

Description from the FAST input file: CCT-9 Campign 4 model. Input files to be run with OpenFAST 3.5.0. GitHub branch from Lu Wang (https://github.com/luwang00/openfast/tree/dev) compiled on March 7, 2023.

Simulation information:
   Simulation time:                   506.9250 s
   Rotor Speed:                         0.7074 rad/s
   Azimuth:                             2.1560 rad
   Wind Speed:                          8.0000 m/s
   Number of continuous states:         0
   Number of discrete states:           0
   Number of constraint states:         0
   Number of inputs:                 1746
   Number of outputs:                   4
   Jacobians included in this file?    No

Order of inputs:
     Column   Operating Point                     Rotating Frame? Derivative Order Description
   ---------- ---------------                     --------------- ---------------- -----------
          1    7.277E+00                                 F               0         Tower X translation displacement, node 1, m
          2   -1.235E+00                                 F               0         Tower Y translation displacement, node 1, m
          3   -1.476E-01                                 F               0         Tower Z translation displacement, node 1, m
          4    8.320E+00                                 F               0         Tower X translation displacement, node 2, m
          5   -1.769E+00                                 F               0         Tower Y translation displacement, node 2, m
          6   -2.034E-01                                 F               0         Tower Z translation displacement, node 2, m
          7    9.380E+00                                 F               0         Tower X translation displacement, node 3, m
          8   -2.308E+00                                 F               0         Tower Y translation displacement, node 3, m
          9   -2.607E-01                                 F               0         Tower Z translation displacement, node 3, m
         10    1.045E+01                                 F               0         Tower X translation displacement, node 4, m
         11   -2.852E+00                                 F               0         Tower Y translation displacement, node 4, m
         12   -3.192E-01                                 F               0         Tower Z translation displacement, node 4, m
         13    1.153E+01                                 F               0         Tower X translation displacement, node 5, m
         14   -3.398E+00                                 F               0         Tower Y translation displacement, node 5, m
         15   -3.787E-01                                 F               0         Tower Z translation displacement, node 5, m
         16    1.262E+01                                 F               0         Tower X translation displacement, node 6, m
         17   -3.948E+00                                 F               0         Tower Y translation displacement, node 6, m
         18   -4.390E-01                                 F               0         Tower Z translation displacement, node 6, m
         19    1.371E+01                                 F               0         Tower X translation displacement, node 7, m
         20   -4.500E+00                                 F               0         Tower Y translation displacement, node 7, m
         21   -4.998E-01                                 F               0         Tower Z translation displacement, node 7, m
         22    1.481E+01                                 F               0         Tower X translation displacement, node 8, m
         23   -5.054E+00                                 F               0         Tower Y translation displacement, node 8, m
         24   -5.611E-01                                 F               0         Tower Z translation displacement, node 8, m
         25    1.591E+01                                 F               0         Tower X translation displacement, node 9, m
         26   -5.609E+00                                 F               0         Tower Y translation displacement, node 9, m
         27   -6.226E-01                                 F               0         Tower Z translation displacement, node 9, m
         28    1.701E+01                                 F               0         Tower X translation displacement, node 10, m
         29   -6.166E+00                                 F               0         Tower Y translation displacement, node 10, m
         30   -6.844E-01                                 F               0         Tower Z translation displacement, node 10, m
         31    1.811E+01                                 F               0         Tower X translation displacement, node 11, m
         32   -6.723E+00                                 F               0         Tower Y translation displacement, node 11, m
         33   -7.462E-01                                 F               0         Tower Z translation displacement, node 11, m
         34    9.965E-01,  4.221E-03, -8.385E-02         F               0         Tower X orientation angle, node 1, rad
         35   -5.907E-04,  9.991E-01,  4.328E-02         F               0         Tower Y orientation angle, node 1, rad
         36    8.395E-02, -4.308E-02,  9.955E-01         F               0         Tower Z orientation angle, node 1, rad
         37    9.964E-01,  4.274E-03, -8.506E-02         F               0         Tower X orientation angle, node 2, rad
         38   -5.576E-04,  9.990E-01,  4.367E-02         F               0         Tower Y orientation angle, node 2, rad
         39    8.516E-02, -4.346E-02,  9.954E-01         F               0         Tower Z orientation angle, node 2, rad
         40    9.963E-01,  4.319E-03, -8.610E-02         F               0         Tower X orientation angle, node 3, rad
         41   -5.276E-04,  9.990E-01,  4.402E-02         F               0         Tower Y orientation angle, node 3, rad
         42    8.620E-02, -4.381E-02,  9.953E-01         F               0         Tower Z orientation angle, node 3, rad
         43    9.962E-01,  4.357E-03, -8.696E-02         F               0         Tower X orientation angle, node 4, rad
         44   -5.011E-04,  9.990E-01,  4.432E-02         F               0         Tower Y orientation angle, node 4, rad
         45    8.706E-02, -4.411E-02,  9.952E-01         F               0         Tower Z orientation angle, node 4, rad
         46    9.961E-01,  4.388E-03, -8.764E-02         F               0         Tower X orientation angle, node 5, rad
         47   -4.781E-04,  9.990E-01,  4.458E-02         F               0         Tower Y orientation angle, node 5, rad
         48    8.775E-02, -4.437E-02,  9.952E-01         F               0         Tower Z orientation angle, node 5, rad
         49    9.961E-01,  4.411E-03, -8.816E-02         F               0         Tower X orientation angle, node 6, rad
         50   -4.588E-04,  9.990E-01,  4.480E-02         F               0         Tower Y orientation angle, node 6, rad
         51    8.827E-02, -4.459E-02,  9.951E-01         F               0         Tower Z orientation angle, node 6, rad
         52    9.961E-01,  4.428E-03, -8.854E-02         F               0         Tower X orientation angle, node 7, rad
         53   -4.433E-04,  9.990E-01,  4.498E-02         F               0         Tower Y orientation angle, node 7, rad
         54    8.865E-02, -4.476E-02,  9.951E-01         F               0         Tower Z orientation angle, node 7, rad
         55    9.960E-01,  4.440E-03, -8.879E-02         F               0         Tower X orientation angle, node 8, rad
         56   -4.313E-04,  9.990E-01,  4.511E-02         F               0         Tower Y orientation angle, node 8, rad
         57    8.890E-02, -4.490E-02,  9.950E-01         F               0         Tower Z orientation angle, node 8, rad
         58    9.960E-01,  4.447E-03, -8.896E-02         F               0         Tower X orientation angle, node 9, rad
         59   -4.224E-04,  9.990E-01,  4.521E-02         F               0         Tower Y orientation angle, node 9, rad
         60    8.907E-02, -4.500E-02,  9.950E-01         F               0         Tower Z orientation angle, node 9, rad
         61    9.960E-01,  4.451E-03, -8.905E-02         F               0         Tower X orientation angle, node 10, rad
         62   -4.167E-04,  9.990E-01,  4.528E-02         F               0         Tower Y orientation angle, node 10, rad
         63    8.916E-02, -4.506E-02,  9.950E-01         F               0         Tower Z orientation angle, node 10, rad
         64    9.960E-01,  4.453E-03, -8.909E-02         F               0         Tower X orientation angle, node 11, rad
         65   -4.135E-04,  9.990E-01,  4.531E-02         F               0         Tower Y orientation angle, node 11, rad
         66    8.920E-02, -4.510E-02,  9.950E-01         F               0         Tower Z orientation angle, node 11, rad
         67   -5.020E-03                                 F               0         Tower X translation velocity, node 1, m/s
         68   -1.338E-03                                 F               0         Tower Y translation velocity, node 1, m/s
         69    3.824E-03                                 F               0         Tower Z translation velocity, node 1, m/s
         70   -4.837E-03                                 F               0         Tower X translation velocity, node 2, m/s
         71   -2.258E-03                                 F               0         Tower Y translation velocity, node 2, m/s
         72    3.769E-03                                 F               0         Tower Z translation velocity, node 2, m/s
         73   -4.669E-03                                 F               0         Tower X translation velocity, node 3, m/s
         74   -3.202E-03                                 F               0         Tower Y translation velocity, node 3, m/s
         75    3.713E-03                                 F               0         Tower Z translation velocity, node 3, m/s
         76   -4.514E-03                                 F               0         Tower X translation velocity, node 4, m/s
         77   -4.164E-03                                 F               0         Tower Y translation velocity, node 4, m/s
         78    3.657E-03                                 F               0         Tower Z translation velocity, node 4, m/s
         79   -4.372E-03                                 F               0         Tower X translation velocity, node 5, m/s
         80   -5.143E-03                                 F               0         Tower Y translation velocity, node 5, m/s
         81    3.601E-03                                 F               0         Tower Z translation velocity, node 5, m/s
         82   -4.245E-03                                 F               0         Tower X translation velocity, node 6, m/s
         83   -6.137E-03                                 F               0         Tower Y translation velocity, node 6, m/s
         84    3.545E-03                                 F               0         Tower Z translation velocity, node 6, m/s
         85   -4.129E-03                                 F               0         Tower X translation velocity, node 7, m/s
         86   -7.142E-03                                 F               0         Tower Y translation velocity, node 7, m/s
         87    3.490E-03                                 F               0         Tower Z translation velocity, node 7, m/s
         88   -4.026E-03                                 F               0         Tower X translation velocity, node 8, m/s
         89   -8.157E-03                                 F               0         Tower Y translation velocity, node 8, m/s
         90    3.435E-03                                 F               0         Tower Z translation velocity, node 8, m/s
         91   -3.933E-03                                 F               0         Tower X translation velocity, node 9, m/s
         92   -9.180E-03                                 F               0         Tower Y translation velocity, node 9, m/s
         93    3.380E-03                                 F               0         Tower Z translation velocity, node 9, m/s
         94   -3.849E-03                                 F               0         Tower X translation velocity, node 10, m/s
         95   -1.021E-02                                 F               0         Tower Y translation velocity, node 10, m/s
         96    3.326E-03                                 F               0         Tower Z translation velocity, node 10, m/s
         97   -3.770E-03                                 F               0         Tower X translation velocity, node 11, m/s
         98   -1.124E-02                                 F               0         Tower Y translation velocity, node 11, m/s
         99    3.272E-03                                 F               0         Tower Z translation velocity, node 11, m/s
        100    1.886E+01                                 F               0         Hub X translation displacement, node 1, m
        101   -7.125E+00                                 F               0         Hub Y translation displacement, node 1, m
        102    1.766E-01                                 F               0         Hub Z translation displacement, node 1, m
        103    9.812E-01,  9.143E-03, -1.926E-01         F               0         Hub X orientation angle, node 1, rad
        104    1.610E-01, -5.888E-01,  7.921E-01         F               0         Hub Y orientation angle, node 1, rad
        105   -1.062E-01, -8.082E-01, -5.792E-01         F               0         Hub Z orientation angle, node 1, rad
        106    6.942E-01                                 F               0         Hub X rotation velocity, node 1, rad/s
        107    6.475E-03                                 F               0         Hub Y rotation velocity, node 1, rad/s
        108   -1.363E-01                                 F               0         Hub Z rotation velocity, node 1, rad/s
        109    9.760E-01,  2.661E-02, -2.160E-01         F               0         Blade root 1 X orientation angle, node 1, rad
        110    1.900E-01, -5.883E-01,  7.860E-01         F               0         Blade root 1 Y orientation angle, node 1, rad
        111   -1.062E-01, -8.082E-01, -5.792E-01         F               0         Blade root 1 Z orientation angle, node 1, rad
        112    9.859E-01,  2.117E-02, -1.659E-01         F               0         Blade root 2 X orientation angle, node 1, rad
        113   -1.432E-01, -4.051E-01, -9.030E-01         F               0         Blade root 2 Y orientation angle, node 1, rad
        114   -8.632E-02,  9.140E-01, -3.964E-01         F               0         Blade root 2 Z orientation angle, node 1, rad
        115    9.805E-01, -2.036E-02, -1.956E-01         F               0         Blade root 3 X orientation angle, node 1, rad
        116    4.056E-02,  9.942E-01,  9.981E-02         F               0         Blade root 3 Y orientation angle, node 1, rad
        117    1.925E-01, -1.058E-01,  9.756E-01         F               0         Blade root 3 Z orientation angle, node 1, rad
        118    1.769E+01                                 F               0         Blade 1 X translation displacement, node 1, m
        119   -1.160E+01                                 F               0         Blade 1 Y translation displacement, node 1, m
        120   -8.542E+00                                 F               0         Blade 1 Z translation displacement, node 1, m
        121    1.741E+01                                 F               0         Blade 1 X translation displacement, node 2, m
        122   -1.268E+01                                 F               0         Blade 1 Y translation displacement, node 2, m
        123   -1.064E+01                                 F               0         Blade 1 Z translation displacement, node 2, m
        124    1.358E+01                                 F               0         Blade 1 X translation displacement, node 3, m
        125   -2.735E+01                                 F               0         Blade 1 Y translation displacement, node 3, m
        126   -3.921E+01                                 F               0         Blade 1 Z translation displacement, node 3, m
        127    1.277E+01                                 F               0         Blade 1 X translation displacement, node 4, m
        128   -3.048E+01                                 F               0         Blade 1 Y translation displacement, node 4, m
        129   -4.530E+01                                 F               0         Blade 1 Z translation displacement, node 4, m
        130    1.195E+01                                 F               0         Blade 1 X translation displacement, node 5, m
        131   -3.360E+01                                 F               0         Blade 1 Y translation displacement, node 5, m
        132   -5.138E+01                                 F               0         Blade 1 Z translation displacement, node 5, m
        133    1.114E+01                                 F               0         Blade 1 X translation displacement, node 6, m
        134   -3.673E+01                                 F               0         Blade 1 Y translation displacement, node 6, m
        135   -5.747E+01                                 F               0         Blade 1 Z translation displacement, node 6, m
        136    1.032E+01                                 F               0         Blade 1 X translation displacement, node 7, m
        137   -3.986E+01                                 F               0         Blade 1 Y translation displacement, node 7, m
        138   -6.356E+01                                 F               0         Blade 1 Z translation displacement, node 7, m
        139    9.508E+00                                 F               0         Blade 1 X translation displacement, node 8, m
        140   -4.298E+01                                 F               0         Blade 1 Y translation displacement, node 8, m
        141   -6.964E+01                                 F               0         Blade 1 Z translation displacement, node 8, m
        142    8.693E+00                                 F               0         Blade 1 X translation displacement, node 9, m
        143   -4.611E+01                                 F               0         Blade 1 Y translation displacement, node 9, m
        144   -7.573E+01                                 F               0         Blade 1 Z translation displacement, node 9, m
        145    7.878E+00                                 F               0         Blade 1 X translation displacement, node 10, m
        146   -4.923E+01                                 F               0         Blade 1 Y translation displacement, node 10, m
        147   -8.182E+01                                 F               0         Blade 1 Z translation displacement, node 10, m
        148    7.063E+00                                 F               0         Blade 1 X translation displacement, node 11, m
        149   -5.236E+01                                 F               0         Blade 1 Y translation displacement, node 11, m
        150   -8.790E+01                                 F               0         Blade 1 Z translation displacement, node 11, m
        151    6.248E+00                                 F               0         Blade 1 X translation displacement, node 12, m
        152   -5.549E+01                                 F               0         Blade 1 Y translation displacement, node 12, m
        153   -9.399E+01                                 F               0         Blade 1 Z translation displacement, node 12, m
        154    5.433E+00                                 F               0         Blade 1 X translation displacement, node 13, m
        155   -5.861E+01                                 F               0         Blade 1 Y translation displacement, node 13, m
        156   -1.001E+02                                 F               0         Blade 1 Z translation displacement, node 13, m
        157    4.618E+00                                 F               0         Blade 1 X translation displacement, node 14, m
        158   -6.174E+01                                 F               0         Blade 1 Y translation displacement, node 14, m
        159   -1.062E+02                                 F               0         Blade 1 Z translation displacement, node 14, m
        160    3.803E+00                                 F               0         Blade 1 X translation displacement, node 15, m
        161   -6.486E+01                                 F               0         Blade 1 Y translation displacement, node 15, m
        162   -1.123E+02                                 F               0         Blade 1 Z translation displacement, node 15, m
        163    2.989E+00                                 F               0         Blade 1 X translation displacement, node 16, m
        164   -6.799E+01                                 F               0         Blade 1 Y translation displacement, node 16, m
        165   -1.183E+02                                 F               0         Blade 1 Z translation displacement, node 16, m
        166    2.174E+00                                 F               0         Blade 1 X translation displacement, node 17, m
        167   -7.112E+01                                 F               0         Blade 1 Y translation displacement, node 17, m
        168   -1.244E+02                                 F               0         Blade 1 Z translation displacement, node 17, m
        169    1.359E+00                                 F               0         Blade 1 X translation displacement, node 18, m
        170   -7.424E+01                                 F               0         Blade 1 Y translation displacement, node 18, m
        171   -1.305E+02                                 F               0         Blade 1 Z translation displacement, node 18, m
        172    5.439E-01                                 F               0         Blade 1 X translation displacement, node 19, m
        173   -7.737E+01                                 F               0         Blade 1 Y translation displacement, node 19, m
        174   -1.366E+02                                 F               0         Blade 1 Z translation displacement, node 19, m
        175   -2.710E-01                                 F               0         Blade 1 X translation displacement, node 20, m
        176   -8.049E+01                                 F               0         Blade 1 Y translation displacement, node 20, m
        177   -1.427E+02                                 F               0         Blade 1 Z translation displacement, node 20, m
        178   -1.086E+00                                 F               0         Blade 1 X translation displacement, node 21, m
        179   -8.362E+01                                 F               0         Blade 1 Y translation displacement, node 21, m
        180   -1.488E+02                                 F               0         Blade 1 Z translation displacement, node 21, m
        181   -1.901E+00                                 F               0         Blade 1 X translation displacement, node 22, m
        182   -8.675E+01                                 F               0         Blade 1 Y translation displacement, node 22, m
        183   -1.549E+02                                 F               0         Blade 1 Z translation displacement, node 22, m
        184   -2.716E+00                                 F               0         Blade 1 X translation displacement, node 23, m
        185   -8.987E+01                                 F               0         Blade 1 Y translation displacement, node 23, m
        186   -1.609E+02                                 F               0         Blade 1 Z translation displacement, node 23, m
        187   -3.530E+00                                 F               0         Blade 1 X translation displacement, node 24, m
        188   -9.300E+01                                 F               0         Blade 1 Y translation displacement, node 24, m
        189   -1.670E+02                                 F               0         Blade 1 Z translation displacement, node 24, m
        190   -4.345E+00                                 F               0         Blade 1 X translation displacement, node 25, m
        191   -9.612E+01                                 F               0         Blade 1 Y translation displacement, node 25, m
        192   -1.731E+02                                 F               0         Blade 1 Z translation displacement, node 25, m
        193   -5.160E+00                                 F               0         Blade 1 X translation displacement, node 26, m
        194   -9.925E+01                                 F               0         Blade 1 Y translation displacement, node 26, m
        195   -1.792E+02                                 F               0         Blade 1 Z translation displacement, node 26, m
        196   -5.975E+00                                 F               0         Blade 1 X translation displacement, node 27, m
        197   -1.024E+02                                 F               0         Blade 1 Y translation displacement, node 27, m
        198   -1.853E+02                                 F               0         Blade 1 Z translation displacement, node 27, m
        199   -6.666E+00                                 F               0         Blade 1 X translation displacement, node 28, m
        200   -1.050E+02                                 F               0         Blade 1 Y translation displacement, node 28, m
        201   -1.905E+02                                 F               0         Blade 1 Z translation displacement, node 28, m
        202    7.820E-01,  2.919E-01, -5.507E-01         F               0         Blade 1 X orientation angle, node 1, rad
        203    6.142E-01, -5.114E-01,  6.010E-01         F               0         Blade 1 Y orientation angle, node 1, rad
        204   -1.062E-01, -8.082E-01, -5.792E-01         F               0         Blade 1 Z orientation angle, node 1, rad
        205    7.820E-01,  2.919E-01, -5.507E-01         F               0         Blade 1 X orientation angle, node 2, rad
        206    6.142E-01, -5.114E-01,  6.010E-01         F               0         Blade 1 Y orientation angle, node 2, rad
        207   -1.062E-01, -8.082E-01, -5.792E-01         F               0         Blade 1 Z orientation angle, node 2, rad
        208    9.053E-01,  1.624E-01, -3.925E-01         F               0         Blade 1 X orientation angle, node 3, rad
        209    4.113E-01, -5.660E-01,  7.144E-01         F               0         Blade 1 Y orientation angle, node 3, rad
        210   -1.062E-01, -8.082E-01, -5.792E-01         F               0         Blade 1 Z orientation angle, node 3, rad
        211    9.218E-01,  1.384E-01, -3.620E-01         F               0         Blade 1 X orientation angle, node 4, rad
        212    3.727E-01, -5.724E-01,  7.304E-01         F               0         Blade 1 Y orientation angle, node 4, rad
        213   -1.062E-01, -8.082E-01, -5.792E-01         F               0         Blade 1 Z orientation angle, node 4, rad
        214    9.337E-01,  1.193E-01, -3.376E-01         F               0         Blade 1 X orientation angle, node 5, rad
        215    3.420E-01, -5.767E-01,  7.420E-01         F               0         Blade 1 Y orientation angle, node 5, rad
        216   -1.062E-01, -8.082E-01, -5.792E-01         F               0         Blade 1 Z orientation angle, node 5, rad
        217    9.424E-01,  1.040E-01, -3.178E-01         F               0         Blade 1 X orientation angle, node 6, rad
        218    3.171E-01, -5.796E-01,  7.507E-01         F               0         Blade 1 Y orientation angle, node 6, rad
        219   -1.062E-01, -8.082E-01, -5.792E-01         F               0         Blade 1 Z orientation angle, node 6, rad
        220    9.491E-01,  9.130E-02, -3.014E-01         F               0         Blade 1 X orientation angle, node 7, rad
        221    2.965E-01, -5.817E-01,  7.574E-01         F               0         Blade 1 Y orientation angle, node 7, rad
        222   -1.062E-01, -8.082E-01, -5.792E-01         F               0         Blade 1 Z orientation angle, node 7, rad
        223    9.544E-01,  8.073E-02, -2.876E-01         F               0         Blade 1 X orientation angle, node 8, rad
        224    2.792E-01, -5.833E-01,  7.628E-01         F               0         Blade 1 Y orientation angle, node 8, rad
        225   -1.062E-01, -8.082E-01, -5.792E-01         F               0         Blade 1 Z orientation angle, node 8, rad
        226    9.585E-01,  7.176E-02, -2.758E-01         F               0         Blade 1 X orientation angle, node 9, rad
        227    2.645E-01, -5.845E-01,  7.671E-01         F               0         Blade 1 Y orientation angle, node 9, rad
        228   -1.062E-01, -8.082E-01, -5.792E-01         F               0         Blade 1 Z orientation angle, node 9, rad
        229    9.620E-01,  6.400E-02, -2.656E-01         F               0         Blade 1 X orientation angle, node 10, rad
        230    2.518E-01, -5.854E-01,  7.707E-01         F               0         Blade 1 Y orientation angle, node 10, rad
        231   -1.062E-01, -8.082E-01, -5.792E-01         F               0         Blade 1 Z orientation angle, node 10, rad
        232    9.647E-01,  5.736E-02, -2.569E-01         F               0         Blade 1 X orientation angle, node 11, rad
        233    2.408E-01, -5.861E-01,  7.736E-01         F               0         Blade 1 Y orientation angle, node 11, rad
        234   -1.062E-01, -8.082E-01, -5.792E-01         F               0         Blade 1 Z orientation angle, node 11, rad
        235    9.671E-01,  5.152E-02, -2.491E-01         F               0         Blade 1 X orientation angle, node 12, rad
        236    2.312E-01, -5.866E-01,  7.762E-01         F               0         Blade 1 Y orientation angle, node 12, rad
        237   -1.062E-01, -8.082E-01, -5.792E-01         F               0         Blade 1 Z orientation angle, node 12, rad
        238    9.691E-01,  4.640E-02, -2.424E-01         F               0         Blade 1 X orientation angle, node 13, rad
        239    2.228E-01, -5.870E-01,  7.783E-01         F               0         Blade 1 Y orientation angle, node 13, rad
        240   -1.062E-01, -8.082E-01, -5.792E-01         F               0         Blade 1 Z orientation angle, node 13, rad
        241    9.708E-01,  4.179E-02, -2.362E-01         F               0         Blade 1 X orientation angle, node 14, rad
        242    2.151E-01, -5.874E-01,  7.802E-01         F               0         Blade 1 Y orientation angle, node 14, rad
        243   -1.062E-01, -8.082E-01, -5.792E-01         F               0         Blade 1 Z orientation angle, node 14, rad
        244    9.723E-01,  3.769E-02, -2.308E-01         F               0         Blade 1 X orientation angle, node 15, rad
        245    2.084E-01, -5.877E-01,  7.818E-01         F               0         Blade 1 Y orientation angle, node 15, rad
        246   -1.062E-01, -8.082E-01, -5.792E-01         F               0         Blade 1 Z orientation angle, node 15, rad
        247    9.736E-01,  3.400E-02, -2.259E-01         F               0         Blade 1 X orientation angle, node 16, rad
        248    2.023E-01, -5.879E-01,  7.833E-01         F               0         Blade 1 Y orientation angle, node 16, rad
        249   -1.062E-01, -8.082E-01, -5.792E-01         F               0         Blade 1 Z orientation angle, node 16, rad
        250    9.747E-01,  3.071E-02, -2.215E-01         F               0         Blade 1 X orientation angle, node 17, rad
        251    1.968E-01, -5.881E-01,  7.845E-01         F               0         Blade 1 Y orientation angle, node 17, rad
        252   -1.062E-01, -8.082E-01, -5.792E-01         F               0         Blade 1 Z orientation angle, node 17, rad
        253    9.757E-01,  2.763E-02, -2.174E-01         F               0         Blade 1 X orientation angle, node 18, rad
        254    1.917E-01, -5.882E-01,  7.857E-01         F               0         Blade 1 Y orientation angle, node 18, rad
        255   -1.062E-01, -8.082E-01, -5.792E-01         F               0         Blade 1 Z orientation angle, node 18, rad
        256    9.766E-01,  2.486E-02, -2.137E-01         F               0         Blade 1 X orientation angle, node 19, rad
        257    1.871E-01, -5.883E-01,  7.867E-01         F               0         Blade 1 Y orientation angle, node 19, rad
        258   -1.062E-01, -8.082E-01, -5.792E-01         F               0         Blade 1 Z orientation angle, node 19, rad
        259    9.774E-01,  2.240E-02, -2.104E-01         F               0         Blade 1 X orientation angle, node 20, rad
        260    1.830E-01, -5.884E-01,  7.876E-01         F               0         Blade 1 Y orientation angle, node 20, rad
        261   -1.062E-01, -8.082E-01, -5.792E-01         F               0         Blade 1 Z orientation angle, node 20, rad
        262    9.781E-01,  2.003E-02, -2.072E-01         F               0         Blade 1 X orientation angle, node 21, rad
        263    1.791E-01, -5.885E-01,  7.884E-01         F               0         Blade 1 Y orientation angle, node 21, rad
        264   -1.062E-01, -8.082E-01, -5.792E-01         F               0         Blade 1 Z orientation angle, node 21, rad
        265    9.787E-01,  1.788E-02, -2.043E-01         F               0         Blade 1 X orientation angle, node 22, rad
        266    1.755E-01, -5.886E-01,  7.891E-01         F               0         Blade 1 Y orientation angle, node 22, rad
        267   -1.062E-01, -8.082E-01, -5.792E-01         F               0         Blade 1 Z orientation angle, node 22, rad
        268    9.793E-01,  1.592E-02, -2.017E-01         F               0         Blade 1 X orientation angle, node 23, rad
        269    1.723E-01, -5.886E-01,  7.898E-01         F               0         Blade 1 Y orientation angle, node 23, rad
        270   -1.062E-01, -8.082E-01, -5.792E-01         F               0         Blade 1 Z orientation angle, node 23, rad
        271    9.799E-01,  1.408E-02, -1.992E-01         F               0         Blade 1 X orientation angle, node 24, rad
        272    1.692E-01, -5.887E-01,  7.905E-01         F               0         Blade 1 Y orientation angle, node 24, rad
        273   -1.062E-01, -8.082E-01, -5.792E-01         F               0         Blade 1 Z orientation angle, node 24, rad
        274    9.803E-01,  1.233E-02, -1.969E-01         F               0         Blade 1 X orientation angle, node 25, rad
        275    1.663E-01, -5.887E-01,  7.910E-01         F               0         Blade 1 Y orientation angle, node 25, rad
        276   -1.062E-01, -8.082E-01, -5.792E-01         F               0         Blade 1 Z orientation angle, node 25, rad
        277    9.808E-01,  1.079E-02, -1.948E-01         F               0         Blade 1 X orientation angle, node 26, rad
        278    1.637E-01, -5.888E-01,  7.916E-01         F               0         Blade 1 Y orientation angle, node 26, rad
        279   -1.062E-01, -8.082E-01, -5.792E-01         F               0         Blade 1 Z orientation angle, node 26, rad
        280    9.812E-01,  9.246E-03, -1.927E-01         F               0         Blade 1 X orientation angle, node 27, rad
        281    1.611E-01, -5.888E-01,  7.921E-01         F               0         Blade 1 Y orientation angle, node 27, rad
        282   -1.062E-01, -8.082E-01, -5.792E-01         F               0         Blade 1 Z orientation angle, node 27, rad
        283    9.814E-01,  8.423E-03, -1.916E-01         F               0         Blade 1 X orientation angle, node 28, rad
        284    1.598E-01, -5.888E-01,  7.923E-01         F               0         Blade 1 Y orientation angle, node 28, rad
        285   -1.062E-01, -8.082E-01, -5.792E-01         F               0         Blade 1 Z orientation angle, node 28, rad
        286   -6.346E-01                                 F               0         Blade 1 X translation velocity, node 1, m/s
        287    2.296E+00                                 F               0         Blade 1 Y translation velocity, node 1, m/s
        288   -3.101E+00                                 F               0         Blade 1 Z translation velocity, node 1, m/s
        289   -7.866E-01                                 F               0         Blade 1 X translation velocity, node 2, m/s
        290    2.852E+00                                 F               0         Blade 1 Y translation velocity, node 2, m/s
        291   -3.849E+00                                 F               0         Blade 1 Z translation velocity, node 2, m/s
        292   -2.854E+00                                 F               0         Blade 1 X translation velocity, node 3, m/s
        293    1.041E+01                                 F               0         Blade 1 Y translation velocity, node 3, m/s
        294   -1.402E+01                                 F               0         Blade 1 Z translation velocity, node 3, m/s
        295   -3.294E+00                                 F               0         Blade 1 X translation velocity, node 4, m/s
        296    1.202E+01                                 F               0         Blade 1 Y translation velocity, node 4, m/s
        297   -1.619E+01                                 F               0         Blade 1 Z translation velocity, node 4, m/s
        298   -3.735E+00                                 F               0         Blade 1 X translation velocity, node 5, m/s
        299    1.364E+01                                 F               0         Blade 1 Y translation velocity, node 5, m/s
        300   -1.836E+01                                 F               0         Blade 1 Z translation velocity, node 5, m/s
        301   -4.175E+00                                 F               0         Blade 1 X translation velocity, node 6, m/s
        302    1.525E+01                                 F               0         Blade 1 Y translation velocity, node 6, m/s
        303   -2.052E+01                                 F               0         Blade 1 Z translation velocity, node 6, m/s
        304   -4.616E+00                                 F               0         Blade 1 X translation velocity, node 7, m/s
        305    1.686E+01                                 F               0         Blade 1 Y translation velocity, node 7, m/s
        306   -2.269E+01                                 F               0         Blade 1 Z translation velocity, node 7, m/s
        307   -5.056E+00                                 F               0         Blade 1 X translation velocity, node 8, m/s
