
Linearized model: Predictions were generated on 11-Jan-2024 at 12:32:35 using OpenFAST, compiled as a 64-bit application using single precision at commit v3.5.1
 linked with  NWTC Subroutine Library; ElastoDyn; InflowWind; AeroDyn; ServoDyn; HydroDyn; MoorDyn (v2.0.0, 2023-09-18)

Description from the FAST input file: CCT-9 Campign 4 model. Input files to be run with OpenFAST 3.5.0. GitHub branch from Lu Wang (https://github.com/luwang00/openfast/tree/dev) compiled on March 7, 2023.

Simulation information:
   Simulation time:                   502.4750 s
   Rotor Speed:                         0.7076 rad/s
   Azimuth:                             5.2915 rad
   Wind Speed:                          8.0000 m/s
   Number of continuous states:         0
   Number of discrete states:           0
   Number of constraint states:         0
   Number of inputs:                 1746
   Number of outputs:                   4
   Jacobians included in this file?    No

Order of inputs:
     Column   Operating Point                     Rotating Frame? Derivative Order Description
   ---------- ---------------                     --------------- ---------------- -----------
          1    7.299E+00                                 F               0         Tower X translation displacement, node 1, m
          2   -1.237E+00                                 F               0         Tower Y translation displacement, node 1, m
          3   -1.656E-01                                 F               0         Tower Z translation displacement, node 1, m
          4    8.342E+00                                 F               0         Tower X translation displacement, node 2, m
          5   -1.771E+00                                 F               0         Tower Y translation displacement, node 2, m
          6   -2.213E-01                                 F               0         Tower Z translation displacement, node 2, m
          7    9.401E+00                                 F               0         Tower X translation displacement, node 3, m
          8   -2.309E+00                                 F               0         Tower Y translation displacement, node 3, m
          9   -2.785E-01                                 F               0         Tower Z translation displacement, node 3, m
         10    1.047E+01                                 F               0         Tower X translation displacement, node 4, m
         11   -2.852E+00                                 F               0         Tower Y translation displacement, node 4, m
         12   -3.370E-01                                 F               0         Tower Z translation displacement, node 4, m
         13    1.155E+01                                 F               0         Tower X translation displacement, node 5, m
         14   -3.398E+00                                 F               0         Tower Y translation displacement, node 5, m
         15   -3.964E-01                                 F               0         Tower Z translation displacement, node 5, m
         16    1.264E+01                                 F               0         Tower X translation displacement, node 6, m
         17   -3.947E+00                                 F               0         Tower Y translation displacement, node 6, m
         18   -4.566E-01                                 F               0         Tower Z translation displacement, node 6, m
         19    1.373E+01                                 F               0         Tower X translation displacement, node 7, m
         20   -4.498E+00                                 F               0         Tower Y translation displacement, node 7, m
         21   -5.173E-01                                 F               0         Tower Z translation displacement, node 7, m
         22    1.483E+01                                 F               0         Tower X translation displacement, node 8, m
         23   -5.051E+00                                 F               0         Tower Y translation displacement, node 8, m
         24   -5.785E-01                                 F               0         Tower Z translation displacement, node 8, m
         25    1.593E+01                                 F               0         Tower X translation displacement, node 9, m
         26   -5.606E+00                                 F               0         Tower Y translation displacement, node 9, m
         27   -6.399E-01                                 F               0         Tower Z translation displacement, node 9, m
         28    1.703E+01                                 F               0         Tower X translation displacement, node 10, m
         29   -6.161E+00                                 F               0         Tower Y translation displacement, node 10, m
         30   -7.016E-01                                 F               0         Tower Z translation displacement, node 10, m
         31    1.813E+01                                 F               0         Tower X translation displacement, node 11, m
         32   -6.717E+00                                 F               0         Tower Y translation displacement, node 11, m
         33   -7.634E-01                                 F               0         Tower Z translation displacement, node 11, m
         34    9.965E-01,  4.258E-03, -8.381E-02         F               0         Tower X orientation angle, node 1, rad
         35   -6.331E-04,  9.991E-01,  4.323E-02         F               0         Tower Y orientation angle, node 1, rad
         36    8.391E-02, -4.302E-02,  9.955E-01         F               0         Tower Z orientation angle, node 1, rad
         37    9.964E-01,  4.310E-03, -8.502E-02         F               0         Tower X orientation angle, node 2, rad
         38   -6.004E-04,  9.990E-01,  4.362E-02         F               0         Tower Y orientation angle, node 2, rad
         39    8.512E-02, -4.341E-02,  9.954E-01         F               0         Tower Z orientation angle, node 2, rad
         40    9.963E-01,  4.356E-03, -8.606E-02         F               0         Tower X orientation angle, node 3, rad
         41   -5.707E-04,  9.990E-01,  4.396E-02         F               0         Tower Y orientation angle, node 3, rad
         42    8.616E-02, -4.375E-02,  9.953E-01         F               0         Tower Z orientation angle, node 3, rad
         43    9.962E-01,  4.394E-03, -8.691E-02         F               0         Tower X orientation angle, node 4, rad
         44   -5.444E-04,  9.990E-01,  4.426E-02         F               0         Tower Y orientation angle, node 4, rad
         45    8.702E-02, -4.405E-02,  9.952E-01         F               0         Tower Z orientation angle, node 4, rad
         46    9.961E-01,  4.424E-03, -8.760E-02         F               0         Tower X orientation angle, node 5, rad
         47   -5.217E-04,  9.990E-01,  4.452E-02         F               0         Tower Y orientation angle, node 5, rad
         48    8.771E-02, -4.430E-02,  9.952E-01         F               0         Tower Z orientation angle, node 5, rad
         49    9.961E-01,  4.447E-03, -8.812E-02         F               0         Tower X orientation angle, node 6, rad
         50   -5.026E-04,  9.990E-01,  4.474E-02         F               0         Tower Y orientation angle, node 6, rad
         51    8.823E-02, -4.452E-02,  9.951E-01         F               0         Tower Z orientation angle, node 6, rad
         52    9.961E-01,  4.464E-03, -8.849E-02         F               0         Tower X orientation angle, node 7, rad
         53   -4.873E-04,  9.990E-01,  4.491E-02         F               0         Tower Y orientation angle, node 7, rad
         54    8.860E-02, -4.469E-02,  9.951E-01         F               0         Tower Z orientation angle, node 7, rad
         55    9.960E-01,  4.476E-03, -8.875E-02         F               0         Tower X orientation angle, node 8, rad
         56   -4.754E-04,  9.990E-01,  4.505E-02         F               0         Tower Y orientation angle, node 8, rad
         57    8.886E-02, -4.483E-02,  9.950E-01         F               0         Tower Z orientation angle, node 8, rad
         58    9.960E-01,  4.483E-03, -8.891E-02         F               0         Tower X orientation angle, node 9, rad
         59   -4.667E-04,  9.990E-01,  4.515E-02         F               0         Tower Y orientation angle, node 9, rad
         60    8.902E-02, -4.492E-02,  9.950E-01         F               0         Tower Z orientation angle, node 9, rad
         61    9.960E-01,  4.487E-03, -8.900E-02         F               0         Tower X orientation angle, node 10, rad
         62   -4.610E-04,  9.990E-01,  4.521E-02         F               0         Tower Y orientation angle, node 10, rad
         63    8.911E-02, -4.499E-02,  9.950E-01         F               0         Tower Z orientation angle, node 10, rad
         64    9.960E-01,  4.489E-03, -8.904E-02         F               0         Tower X orientation angle, node 11, rad
         65   -4.579E-04,  9.990E-01,  4.525E-02         F               0         Tower Y orientation angle, node 11, rad
         66    8.915E-02, -4.502E-02,  9.950E-01         F               0         Tower Z orientation angle, node 11, rad
         67   -4.620E-03                                 F               0         Tower X translation velocity, node 1, m/s
         68    1.542E-03                                 F               0         Tower Y translation velocity, node 1, m/s
         69    2.975E-03                                 F               0         Tower Z translation velocity, node 1, m/s
         70   -4.578E-03                                 F               0         Tower X translation velocity, node 2, m/s
         71    1.845E-03                                 F               0         Tower Y translation velocity, node 2, m/s
         72    2.985E-03                                 F               0         Tower Z translation velocity, node 2, m/s
         73   -4.519E-03                                 F               0         Tower X translation velocity, node 3, m/s
         74    2.161E-03                                 F               0         Tower Y translation velocity, node 3, m/s
         75    2.993E-03                                 F               0         Tower Z translation velocity, node 3, m/s
         76   -4.442E-03                                 F               0         Tower X translation velocity, node 4, m/s
         77    2.488E-03                                 F               0         Tower Y translation velocity, node 4, m/s
         78    3.001E-03                                 F               0         Tower Z translation velocity, node 4, m/s
         79   -4.350E-03                                 F               0         Tower X translation velocity, node 5, m/s
         80    2.825E-03                                 F               0         Tower Y translation velocity, node 5, m/s
         81    3.008E-03                                 F               0         Tower Z translation velocity, node 5, m/s
         82   -4.241E-03                                 F               0         Tower X translation velocity, node 6, m/s
         83    3.171E-03                                 F               0         Tower Y translation velocity, node 6, m/s
         84    3.014E-03                                 F               0         Tower Z translation velocity, node 6, m/s
         85   -4.118E-03                                 F               0         Tower X translation velocity, node 7, m/s
         86    3.523E-03                                 F               0         Tower Y translation velocity, node 7, m/s
         87    3.019E-03                                 F               0         Tower Z translation velocity, node 7, m/s
         88   -3.981E-03                                 F               0         Tower X translation velocity, node 8, m/s
         89    3.882E-03                                 F               0         Tower Y translation velocity, node 8, m/s
         90    3.023E-03                                 F               0         Tower Z translation velocity, node 8, m/s
         91   -3.831E-03                                 F               0         Tower X translation velocity, node 9, m/s
         92    4.245E-03                                 F               0         Tower Y translation velocity, node 9, m/s
         93    3.026E-03                                 F               0         Tower Z translation velocity, node 9, m/s
         94   -3.673E-03                                 F               0         Tower X translation velocity, node 10, m/s
         95    4.612E-03                                 F               0         Tower Y translation velocity, node 10, m/s
         96    3.028E-03                                 F               0         Tower Z translation velocity, node 10, m/s
         97   -3.508E-03                                 F               0         Tower X translation velocity, node 11, m/s
         98    4.980E-03                                 F               0         Tower Y translation velocity, node 11, m/s
         99    3.030E-03                                 F               0         Tower Z translation velocity, node 11, m/s
        100    1.887E+01                                 F               0         Hub X translation displacement, node 1, m
        101   -7.119E+00                                 F               0         Hub Y translation displacement, node 1, m
        102    1.590E-01                                 F               0         Hub Z translation displacement, node 1, m
        103    9.812E-01,  9.171E-03, -1.926E-01         F               0         Hub X orientation angle, node 1, rad
        104   -1.616E-01,  5.838E-01, -7.956E-01         F               0         Hub Y orientation angle, node 1, rad
        105    1.051E-01,  8.118E-01,  5.743E-01         F               0         Hub Z orientation angle, node 1, rad
        106    6.943E-01                                 F               0         Hub X rotation velocity, node 1, rad/s
        107    6.502E-03                                 F               0         Hub Y rotation velocity, node 1, rad/s
        108   -1.362E-01                                 F               0         Hub Z rotation velocity, node 1, rad/s
        109    9.856E-01, -8.152E-03, -1.689E-01         F               0         Blade root 1 X orientation angle, node 1, rad
        110   -1.324E-01,  5.838E-01, -8.010E-01         F               0         Blade root 1 Y orientation angle, node 1, rad
        111    1.051E-01,  8.118E-01,  5.743E-01         F               0         Blade root 1 Z orientation angle, node 1, rad
        112    9.757E-01, -3.031E-03, -2.190E-01         F               0         Blade root 2 X orientation angle, node 1, rad
        113    2.009E-01,  4.113E-01,  8.891E-01         F               0         Blade root 2 Y orientation angle, node 1, rad
        114    8.738E-02, -9.115E-01,  4.019E-01         F               0         Blade root 2 Z orientation angle, node 1, rad
        115    9.811E-01,  3.868E-02, -1.895E-01         F               0         Blade root 3 X orientation angle, node 1, rad
        116    1.888E-02, -9.943E-01, -1.052E-01         F               0         Blade root 3 Y orientation angle, node 1, rad
        117   -1.925E-01,  9.967E-02, -9.762E-01         F               0         Blade root 3 Z orientation angle, node 1, rad
        118    1.887E+01                                 F               0         Blade 1 X translation displacement, node 1, m
        119   -2.622E+00                                 F               0         Blade 1 Y translation displacement, node 1, m
        120   -2.169E+00                                 F               0         Blade 1 Z translation displacement, node 1, m
        121    1.888E+01                                 F               0         Blade 1 X translation displacement, node 2, m
        122   -1.538E+00                                 F               0         Blade 1 Y translation displacement, node 2, m
        123   -2.730E+00                                 F               0         Blade 1 Z translation displacement, node 2, m
        124    1.889E+01                                 F               0         Blade 1 X translation displacement, node 3, m
        125    1.320E+01                                 F               0         Blade 1 Y translation displacement, node 3, m
        126   -1.036E+01                                 F               0         Blade 1 Z translation displacement, node 3, m
        127    1.889E+01                                 F               0         Blade 1 X translation displacement, node 4, m
        128    1.634E+01                                 F               0         Blade 1 Y translation displacement, node 4, m
        129   -1.198E+01                                 F               0         Blade 1 Z translation displacement, node 4, m
        130    1.889E+01                                 F               0         Blade 1 X translation displacement, node 5, m
        131    1.948E+01                                 F               0         Blade 1 Y translation displacement, node 5, m
        132   -1.361E+01                                 F               0         Blade 1 Z translation displacement, node 5, m
        133    1.889E+01                                 F               0         Blade 1 X translation displacement, node 6, m
        134    2.262E+01                                 F               0         Blade 1 Y translation displacement, node 6, m
        135   -1.523E+01                                 F               0         Blade 1 Z translation displacement, node 6, m
        136    1.890E+01                                 F               0         Blade 1 X translation displacement, node 7, m
        137    2.576E+01                                 F               0         Blade 1 Y translation displacement, node 7, m
        138   -1.686E+01                                 F               0         Blade 1 Z translation displacement, node 7, m
        139    1.890E+01                                 F               0         Blade 1 X translation displacement, node 8, m
        140    2.890E+01                                 F               0         Blade 1 Y translation displacement, node 8, m
        141   -1.848E+01                                 F               0         Blade 1 Z translation displacement, node 8, m
        142    1.890E+01                                 F               0         Blade 1 X translation displacement, node 9, m
        143    3.204E+01                                 F               0         Blade 1 Y translation displacement, node 9, m
        144   -2.011E+01                                 F               0         Blade 1 Z translation displacement, node 9, m
        145    1.890E+01                                 F               0         Blade 1 X translation displacement, node 10, m
        146    3.518E+01                                 F               0         Blade 1 Y translation displacement, node 10, m
        147   -2.173E+01                                 F               0         Blade 1 Z translation displacement, node 10, m
        148    1.890E+01                                 F               0         Blade 1 X translation displacement, node 11, m
        149    3.832E+01                                 F               0         Blade 1 Y translation displacement, node 11, m
        150   -2.336E+01                                 F               0         Blade 1 Z translation displacement, node 11, m
        151    1.891E+01                                 F               0         Blade 1 X translation displacement, node 12, m
        152    4.146E+01                                 F               0         Blade 1 Y translation displacement, node 12, m
        153   -2.498E+01                                 F               0         Blade 1 Z translation displacement, node 12, m
        154    1.891E+01                                 F               0         Blade 1 X translation displacement, node 13, m
        155    4.460E+01                                 F               0         Blade 1 Y translation displacement, node 13, m
        156   -2.661E+01                                 F               0         Blade 1 Z translation displacement, node 13, m
        157    1.891E+01                                 F               0         Blade 1 X translation displacement, node 14, m
        158    4.774E+01                                 F               0         Blade 1 Y translation displacement, node 14, m
        159   -2.823E+01                                 F               0         Blade 1 Z translation displacement, node 14, m
        160    1.891E+01                                 F               0         Blade 1 X translation displacement, node 15, m
        161    5.088E+01                                 F               0         Blade 1 Y translation displacement, node 15, m
        162   -2.986E+01                                 F               0         Blade 1 Z translation displacement, node 15, m
        163    1.892E+01                                 F               0         Blade 1 X translation displacement, node 16, m
        164    5.402E+01                                 F               0         Blade 1 Y translation displacement, node 16, m
        165   -3.148E+01                                 F               0         Blade 1 Z translation displacement, node 16, m
        166    1.892E+01                                 F               0         Blade 1 X translation displacement, node 17, m
        167    5.716E+01                                 F               0         Blade 1 Y translation displacement, node 17, m
        168   -3.311E+01                                 F               0         Blade 1 Z translation displacement, node 17, m
        169    1.892E+01                                 F               0         Blade 1 X translation displacement, node 18, m
        170    6.030E+01                                 F               0         Blade 1 Y translation displacement, node 18, m
        171   -3.473E+01                                 F               0         Blade 1 Z translation displacement, node 18, m
        172    1.892E+01                                 F               0         Blade 1 X translation displacement, node 19, m
        173    6.344E+01                                 F               0         Blade 1 Y translation displacement, node 19, m
        174   -3.636E+01                                 F               0         Blade 1 Z translation displacement, node 19, m
        175    1.892E+01                                 F               0         Blade 1 X translation displacement, node 20, m
        176    6.658E+01                                 F               0         Blade 1 Y translation displacement, node 20, m
        177   -3.798E+01                                 F               0         Blade 1 Z translation displacement, node 20, m
        178    1.893E+01                                 F               0         Blade 1 X translation displacement, node 21, m
        179    6.972E+01                                 F               0         Blade 1 Y translation displacement, node 21, m
        180   -3.961E+01                                 F               0         Blade 1 Z translation displacement, node 21, m
        181    1.893E+01                                 F               0         Blade 1 X translation displacement, node 22, m
        182    7.286E+01                                 F               0         Blade 1 Y translation displacement, node 22, m
        183   -4.123E+01                                 F               0         Blade 1 Z translation displacement, node 22, m
        184    1.893E+01                                 F               0         Blade 1 X translation displacement, node 23, m
        185    7.600E+01                                 F               0         Blade 1 Y translation displacement, node 23, m
        186   -4.286E+01                                 F               0         Blade 1 Z translation displacement, node 23, m
        187    1.893E+01                                 F               0         Blade 1 X translation displacement, node 24, m
        188    7.914E+01                                 F               0         Blade 1 Y translation displacement, node 24, m
        189   -4.449E+01                                 F               0         Blade 1 Z translation displacement, node 24, m
        190    1.894E+01                                 F               0         Blade 1 X translation displacement, node 25, m
        191    8.228E+01                                 F               0         Blade 1 Y translation displacement, node 25, m
        192   -4.611E+01                                 F               0         Blade 1 Z translation displacement, node 25, m
        193    1.894E+01                                 F               0         Blade 1 X translation displacement, node 26, m
        194    8.542E+01                                 F               0         Blade 1 Y translation displacement, node 26, m
        195   -4.774E+01                                 F               0         Blade 1 Z translation displacement, node 26, m
        196    1.894E+01                                 F               0         Blade 1 X translation displacement, node 27, m
        197    8.856E+01                                 F               0         Blade 1 Y translation displacement, node 27, m
        198   -4.936E+01                                 F               0         Blade 1 Z translation displacement, node 27, m
        199    1.894E+01                                 F               0         Blade 1 X translation displacement, node 28, m
        200    9.122E+01                                 F               0         Blade 1 Y translation displacement, node 28, m
        201   -5.074E+01                                 F               0         Blade 1 Z translation displacement, node 28, m
        202    9.375E-01, -2.735E-01,  2.150E-01         F               0         Blade 1 X orientation angle, node 1, rad
        203    3.316E-01,  5.159E-01, -7.899E-01         F               0         Blade 1 Y orientation angle, node 1, rad
        204    1.051E-01,  8.118E-01,  5.743E-01         F               0         Blade 1 Z orientation angle, node 1, rad
        205    9.375E-01, -2.735E-01,  2.150E-01         F               0         Blade 1 X orientation angle, node 2, rad
        206    3.316E-01,  5.159E-01, -7.899E-01         F               0         Blade 1 Y orientation angle, node 2, rad
        207    1.051E-01,  8.118E-01,  5.743E-01         F               0         Blade 1 Z orientation angle, node 2, rad
        208    9.894E-01, -1.434E-01,  2.165E-02         F               0         Blade 1 X orientation angle, node 3, rad
        209    9.995E-02,  5.660E-01, -8.183E-01         F               0         Blade 1 Y orientation angle, node 3, rad
        210    1.051E-01,  8.118E-01,  5.743E-01         F               0         Blade 1 Z orientation angle, node 3, rad
        211    9.928E-01, -1.194E-01, -1.292E-02         F               0         Blade 1 X orientation angle, node 4, rad
        212    5.808E-02,  5.715E-01, -8.185E-01         F               0         Blade 1 Y orientation angle, node 4, rad
        213    1.051E-01,  8.118E-01,  5.743E-01         F               0         Blade 1 Z orientation angle, node 4, rad
        214    9.941E-01, -1.004E-01, -4.005E-02         F               0         Blade 1 X orientation angle, node 5, rad
        215    2.514E-02,  5.752E-01, -8.176E-01         F               0         Blade 1 Y orientation angle, node 5, rad
        216    1.051E-01,  8.118E-01,  5.743E-01         F               0         Blade 1 Z orientation angle, node 5, rad
        217    9.945E-01, -8.509E-02, -6.173E-02         F               0         Blade 1 X orientation angle, node 6, rad
        218   -1.242E-03,  5.776E-01, -8.163E-01         F               0         Blade 1 Y orientation angle, node 6, rad
        219    1.051E-01,  8.118E-01,  5.743E-01         F               0         Blade 1 Z orientation angle, node 6, rad
        220    9.942E-01, -7.247E-02, -7.952E-02         F               0         Blade 1 X orientation angle, node 7, rad
        221   -2.294E-02,  5.794E-01, -8.147E-01         F               0         Blade 1 Y orientation angle, node 7, rad
        222    1.051E-01,  8.118E-01,  5.743E-01         F               0         Blade 1 Z orientation angle, node 7, rad
        223    9.936E-01, -6.194E-02, -9.430E-02         F               0         Blade 1 X orientation angle, node 8, rad
        224   -4.098E-02,  5.806E-01, -8.132E-01         F               0         Blade 1 Y orientation angle, node 8, rad
        225    1.051E-01,  8.118E-01,  5.743E-01         F               0         Blade 1 Z orientation angle, node 8, rad
        226    9.929E-01, -5.302E-02, -1.068E-01         F               0         Blade 1 X orientation angle, node 9, rad
        227   -5.623E-02,  5.815E-01, -8.116E-01         F               0         Blade 1 Y orientation angle, node 9, rad
        228    1.051E-01,  8.118E-01,  5.743E-01         F               0         Blade 1 Z orientation angle, node 9, rad
        229    9.920E-01, -4.530E-02, -1.175E-01         F               0         Blade 1 X orientation angle, node 10, rad
        230   -6.940E-02,  5.821E-01, -8.101E-01         F               0         Blade 1 Y orientation angle, node 10, rad
        231    1.051E-01,  8.118E-01,  5.743E-01         F               0         Blade 1 Z orientation angle, node 10, rad
        232    9.912E-01, -3.870E-02, -1.267E-01         F               0         Blade 1 X orientation angle, node 11, rad
        233   -8.065E-02,  5.826E-01, -8.088E-01         F               0         Blade 1 Y orientation angle, node 11, rad
        234    1.051E-01,  8.118E-01,  5.743E-01         F               0         Blade 1 Z orientation angle, node 11, rad
        235    9.903E-01, -3.290E-02, -1.348E-01         F               0         Blade 1 X orientation angle, node 12, rad
        236   -9.050E-02,  5.830E-01, -8.075E-01         F               0         Blade 1 Y orientation angle, node 12, rad
        237    1.051E-01,  8.118E-01,  5.743E-01         F               0         Blade 1 Z orientation angle, node 12, rad
        238    9.895E-01, -2.781E-02, -1.418E-01         F               0         Blade 1 X orientation angle, node 13, rad
        239   -9.914E-02,  5.832E-01, -8.062E-01         F               0         Blade 1 Y orientation angle, node 13, rad
        240    1.051E-01,  8.118E-01,  5.743E-01         F               0         Blade 1 Z orientation angle, node 13, rad
        241    9.887E-01, -2.323E-02, -1.481E-01         F               0         Blade 1 X orientation angle, node 14, rad
        242   -1.069E-01,  5.834E-01, -8.051E-01         F               0         Blade 1 Y orientation angle, node 14, rad
        243    1.051E-01,  8.118E-01,  5.743E-01         F               0         Blade 1 Z orientation angle, node 14, rad
        244    9.879E-01, -1.916E-02, -1.537E-01         F               0         Blade 1 X orientation angle, node 15, rad
        245   -1.138E-01,  5.836E-01, -8.041E-01         F               0         Blade 1 Y orientation angle, node 15, rad
        246    1.051E-01,  8.118E-01,  5.743E-01         F               0         Blade 1 Z orientation angle, node 15, rad
        247    9.872E-01, -1.549E-02, -1.588E-01         F               0         Blade 1 X orientation angle, node 16, rad
        248   -1.200E-01,  5.837E-01, -8.031E-01         F               0         Blade 1 Y orientation angle, node 16, rad
        249    1.051E-01,  8.118E-01,  5.743E-01         F               0         Blade 1 Z orientation angle, node 16, rad
        250    9.865E-01, -1.223E-02, -1.633E-01         F               0         Blade 1 X orientation angle, node 17, rad
        251   -1.255E-01,  5.838E-01, -8.022E-01         F               0         Blade 1 Y orientation angle, node 17, rad
        252    1.051E-01,  8.118E-01,  5.743E-01         F               0         Blade 1 Z orientation angle, node 17, rad
        253    9.858E-01, -9.171E-03, -1.675E-01         F               0         Blade 1 X orientation angle, node 18, rad
        254   -1.307E-01,  5.838E-01, -8.013E-01         F               0         Blade 1 Y orientation angle, node 18, rad
        255    1.051E-01,  8.118E-01,  5.743E-01         F               0         Blade 1 Z orientation angle, node 18, rad
        256    9.852E-01, -6.420E-03, -1.712E-01         F               0         Blade 1 X orientation angle, node 19, rad
        257   -1.353E-01,  5.838E-01, -8.005E-01         F               0         Blade 1 Y orientation angle, node 19, rad
        258    1.051E-01,  8.118E-01,  5.743E-01         F               0         Blade 1 Z orientation angle, node 19, rad
        259    9.846E-01, -3.975E-03, -1.746E-01         F               0         Blade 1 X orientation angle, node 20, rad
        260   -1.395E-01,  5.839E-01, -7.998E-01         F               0         Blade 1 Y orientation angle, node 20, rad
        261    1.051E-01,  8.118E-01,  5.743E-01         F               0         Blade 1 Z orientation angle, node 20, rad
        262    9.841E-01, -1.631E-03, -1.778E-01         F               0         Blade 1 X orientation angle, node 21, rad
        263   -1.434E-01,  5.839E-01, -7.991E-01         F               0         Blade 1 Y orientation angle, node 21, rad
        264    1.051E-01,  8.118E-01,  5.743E-01         F               0         Blade 1 Z orientation angle, node 21, rad
        265    9.835E-01,  5.093E-04, -1.807E-01         F               0         Blade 1 X orientation angle, node 22, rad
        266   -1.470E-01,  5.839E-01, -7.984E-01         F               0         Blade 1 Y orientation angle, node 22, rad
        267    1.051E-01,  8.118E-01,  5.743E-01         F               0         Blade 1 Z orientation angle, node 22, rad
        268    9.830E-01,  2.446E-03, -1.834E-01         F               0         Blade 1 X orientation angle, node 23, rad
        269   -1.503E-01,  5.839E-01, -7.978E-01         F               0         Blade 1 Y orientation angle, node 23, rad
        270    1.051E-01,  8.118E-01,  5.743E-01         F               0         Blade 1 Z orientation angle, node 23, rad
        271    9.826E-01,  4.280E-03, -1.859E-01         F               0         Blade 1 X orientation angle, node 24, rad
        272   -1.534E-01,  5.839E-01, -7.972E-01         F               0         Blade 1 Y orientation angle, node 24, rad
        273    1.051E-01,  8.118E-01,  5.743E-01         F               0         Blade 1 Z orientation angle, node 24, rad
        274    9.821E-01,  6.012E-03, -1.882E-01         F               0         Blade 1 X orientation angle, node 25, rad
        275   -1.563E-01,  5.838E-01, -7.967E-01         F               0         Blade 1 Y orientation angle, node 25, rad
        276    1.051E-01,  8.118E-01,  5.743E-01         F               0         Blade 1 Z orientation angle, node 25, rad
        277    9.817E-01,  7.541E-03, -1.903E-01         F               0         Blade 1 X orientation angle, node 26, rad
        278   -1.589E-01,  5.838E-01, -7.962E-01         F               0         Blade 1 Y orientation angle, node 26, rad
        279    1.051E-01,  8.118E-01,  5.743E-01         F               0         Blade 1 Z orientation angle, node 26, rad
        280    9.813E-01,  9.069E-03, -1.924E-01         F               0         Blade 1 X orientation angle, node 27, rad
        281   -1.614E-01,  5.838E-01, -7.957E-01         F               0         Blade 1 Y orientation angle, node 27, rad
        282    1.051E-01,  8.118E-01,  5.743E-01         F               0         Blade 1 Z orientation angle, node 27, rad
        283    9.810E-01,  9.884E-03, -1.935E-01         F               0         Blade 1 X orientation angle, node 28, rad
        284   -1.628E-01,  5.838E-01, -7.954E-01         F               0         Blade 1 Y orientation angle, node 28, rad
        285    1.051E-01,  8.118E-01,  5.743E-01         F               0         Blade 1 Z orientation angle, node 28, rad
        286    6.301E-01                                 F               0         Blade 1 X translation velocity, node 1, m/s
        287   -2.283E+00                                 F               0         Blade 1 Y translation velocity, node 1, m/s
        288    3.122E+00                                 F               0         Blade 1 Z translation velocity, node 1, m/s
        289    7.827E-01                                 F               0         Blade 1 X translation velocity, node 2, m/s
        290   -2.835E+00                                 F               0         Blade 1 Y translation velocity, node 2, m/s
        291    3.873E+00                                 F               0         Blade 1 Z translation velocity, node 2, m/s
        292    2.858E+00                                 F               0         Blade 1 X translation velocity, node 3, m/s
        293   -1.033E+01                                 F               0         Blade 1 Y translation velocity, node 3, m/s
        294    1.409E+01                                 F               0         Blade 1 Z translation velocity, node 3, m/s
        295    3.301E+00                                 F               0         Blade 1 X translation velocity, node 4, m/s
        296   -1.193E+01                                 F               0         Blade 1 Y translation velocity, node 4, m/s
        297    1.627E+01                                 F               0         Blade 1 Z translation velocity, node 4, m/s
        298    3.743E+00                                 F               0         Blade 1 X translation velocity, node 5, m/s
        299   -1.353E+01                                 F               0         Blade 1 Y translation velocity, node 5, m/s
        300    1.845E+01                                 F               0         Blade 1 Z translation velocity, node 5, m/s
        301    4.185E+00                                 F               0         Blade 1 X translation velocity, node 6, m/s
        302   -1.513E+01                                 F               0         Blade 1 Y translation velocity, node 6, m/s
        303    2.062E+01                                 F               0         Blade 1 Z translation velocity, node 6, m/s
        304    4.627E+00                                 F               0         Blade 1 X translation velocity, node 7, m/s
        305   -1.672E+01                                 F               0         Blade 1 Y translation velocity, node 7, m/s
        306    2.280E+01                                 F               0         Blade 1 Z translation velocity, node 7, m/s
        307    5.070E+00                                 F               0         Blade 1 X translation velocity, node 8, m/s
