
Linearized model: Predictions were generated on 11-Jan-2024 at 12:32:35 using OpenFAST, compiled as a 64-bit application using single precision at commit v3.5.1
 linked with  NWTC Subroutine Library; ElastoDyn; InflowWind; AeroDyn; ServoDyn; HydroDyn; MoorDyn (v2.0.0, 2023-09-18)

Description from the FAST input file: CCT-9 Campign 4 model. Input files to be run with OpenFAST 3.5.0. GitHub branch from Lu Wang (https://github.com/luwang00/openfast/tree/dev) compiled on March 7, 2023.

Simulation information:
   Simulation time:                   507.1750 s
   Rotor Speed:                         0.7074 rad/s
   Azimuth:                             2.3328 rad
   Wind Speed:                          8.0000 m/s
   Number of continuous states:         0
   Number of discrete states:           0
   Number of constraint states:         0
   Number of inputs:                 1746
   Number of outputs:                   4
   Jacobians included in this file?    No

Order of inputs:
     Column   Operating Point                     Rotating Frame? Derivative Order Description
   ---------- ---------------                     --------------- ---------------- -----------
          1    7.276E+00                                 F               0         Tower X translation displacement, node 1, m
          2   -1.235E+00                                 F               0         Tower Y translation displacement, node 1, m
          3   -1.467E-01                                 F               0         Tower Z translation displacement, node 1, m
          4    8.319E+00                                 F               0         Tower X translation displacement, node 2, m
          5   -1.770E+00                                 F               0         Tower Y translation displacement, node 2, m
          6   -2.025E-01                                 F               0         Tower Z translation displacement, node 2, m
          7    9.379E+00                                 F               0         Tower X translation displacement, node 3, m
          8   -2.309E+00                                 F               0         Tower Y translation displacement, node 3, m
          9   -2.598E-01                                 F               0         Tower Z translation displacement, node 3, m
         10    1.045E+01                                 F               0         Tower X translation displacement, node 4, m
         11   -2.853E+00                                 F               0         Tower Y translation displacement, node 4, m
         12   -3.183E-01                                 F               0         Tower Z translation displacement, node 4, m
         13    1.153E+01                                 F               0         Tower X translation displacement, node 5, m
         14   -3.400E+00                                 F               0         Tower Y translation displacement, node 5, m
         15   -3.778E-01                                 F               0         Tower Z translation displacement, node 5, m
         16    1.262E+01                                 F               0         Tower X translation displacement, node 6, m
         17   -3.950E+00                                 F               0         Tower Y translation displacement, node 6, m
         18   -4.381E-01                                 F               0         Tower Z translation displacement, node 6, m
         19    1.371E+01                                 F               0         Tower X translation displacement, node 7, m
         20   -4.502E+00                                 F               0         Tower Y translation displacement, node 7, m
         21   -4.990E-01                                 F               0         Tower Z translation displacement, node 7, m
         22    1.481E+01                                 F               0         Tower X translation displacement, node 8, m
         23   -5.056E+00                                 F               0         Tower Y translation displacement, node 8, m
         24   -5.602E-01                                 F               0         Tower Z translation displacement, node 8, m
         25    1.591E+01                                 F               0         Tower X translation displacement, node 9, m
         26   -5.612E+00                                 F               0         Tower Y translation displacement, node 9, m
         27   -6.218E-01                                 F               0         Tower Z translation displacement, node 9, m
         28    1.701E+01                                 F               0         Tower X translation displacement, node 10, m
         29   -6.168E+00                                 F               0         Tower Y translation displacement, node 10, m
         30   -6.836E-01                                 F               0         Tower Z translation displacement, node 10, m
         31    1.811E+01                                 F               0         Tower X translation displacement, node 11, m
         32   -6.726E+00                                 F               0         Tower Y translation displacement, node 11, m
         33   -7.455E-01                                 F               0         Tower Z translation displacement, node 11, m
         34    9.965E-01,  4.218E-03, -8.385E-02         F               0         Tower X orientation angle, node 1, rad
         35   -5.855E-04,  9.991E-01,  4.330E-02         F               0         Tower Y orientation angle, node 1, rad
         36    8.396E-02, -4.309E-02,  9.955E-01         F               0         Tower Z orientation angle, node 1, rad
         37    9.964E-01,  4.270E-03, -8.506E-02         F               0         Tower X orientation angle, node 2, rad
         38   -5.525E-04,  9.990E-01,  4.369E-02         F               0         Tower Y orientation angle, node 2, rad
         39    8.517E-02, -4.348E-02,  9.954E-01         F               0         Tower Z orientation angle, node 2, rad
         40    9.963E-01,  4.316E-03, -8.610E-02         F               0         Tower X orientation angle, node 3, rad
         41   -5.224E-04,  9.990E-01,  4.404E-02         F               0         Tower Y orientation angle, node 3, rad
         42    8.621E-02, -4.383E-02,  9.953E-01         F               0         Tower Z orientation angle, node 3, rad
         43    9.962E-01,  4.354E-03, -8.696E-02         F               0         Tower X orientation angle, node 4, rad
         44   -4.958E-04,  9.990E-01,  4.434E-02         F               0         Tower Y orientation angle, node 4, rad
         45    8.707E-02, -4.413E-02,  9.952E-01         F               0         Tower Z orientation angle, node 4, rad
         46    9.961E-01,  4.385E-03, -8.764E-02         F               0         Tower X orientation angle, node 5, rad
         47   -4.729E-04,  9.990E-01,  4.460E-02         F               0         Tower Y orientation angle, node 5, rad
         48    8.775E-02, -4.439E-02,  9.952E-01         F               0         Tower Z orientation angle, node 5, rad
         49    9.961E-01,  4.408E-03, -8.817E-02         F               0         Tower X orientation angle, node 6, rad
         50   -4.535E-04,  9.990E-01,  4.482E-02         F               0         Tower Y orientation angle, node 6, rad
         51    8.828E-02, -4.461E-02,  9.951E-01         F               0         Tower Z orientation angle, node 6, rad
         52    9.961E-01,  4.425E-03, -8.854E-02         F               0         Tower X orientation angle, node 7, rad
         53   -4.380E-04,  9.990E-01,  4.500E-02         F               0         Tower Y orientation angle, node 7, rad
         54    8.865E-02, -4.478E-02,  9.951E-01         F               0         Tower Z orientation angle, node 7, rad
         55    9.960E-01,  4.436E-03, -8.880E-02         F               0         Tower X orientation angle, node 8, rad
         56   -4.259E-04,  9.990E-01,  4.513E-02         F               0         Tower Y orientation angle, node 8, rad
         57    8.891E-02, -4.492E-02,  9.950E-01         F               0         Tower Z orientation angle, node 8, rad
         58    9.960E-01,  4.444E-03, -8.896E-02         F               0         Tower X orientation angle, node 9, rad
         59   -4.171E-04,  9.990E-01,  4.523E-02         F               0         Tower Y orientation angle, node 9, rad
         60    8.907E-02, -4.502E-02,  9.950E-01         F               0         Tower Z orientation angle, node 9, rad
         61    9.960E-01,  4.448E-03, -8.905E-02         F               0         Tower X orientation angle, node 10, rad
         62   -4.113E-04,  9.990E-01,  4.530E-02         F               0         Tower Y orientation angle, node 10, rad
         63    8.916E-02, -4.508E-02,  9.950E-01         F               0         Tower Z orientation angle, node 10, rad
         64    9.960E-01,  4.450E-03, -8.909E-02         F               0         Tower X orientation angle, node 11, rad
         65   -4.081E-04,  9.990E-01,  4.534E-02         F               0         Tower Y orientation angle, node 11, rad
         66    8.920E-02, -4.512E-02,  9.950E-01         F               0         Tower Z orientation angle, node 11, rad
         67   -5.043E-03                                 F               0         Tower X translation velocity, node 1, m/s
         68   -1.685E-03                                 F               0         Tower Y translation velocity, node 1, m/s
         69    3.619E-03                                 F               0         Tower Z translation velocity, node 1, m/s
         70   -4.861E-03                                 F               0         Tower X translation velocity, node 2, m/s
         71   -2.732E-03                                 F               0         Tower Y translation velocity, node 2, m/s
         72    3.558E-03                                 F               0         Tower Z translation velocity, node 2, m/s
         73   -4.695E-03                                 F               0         Tower X translation velocity, node 3, m/s
         74   -3.801E-03                                 F               0         Tower Y translation velocity, node 3, m/s
         75    3.497E-03                                 F               0         Tower Z translation velocity, node 3, m/s
         76   -4.543E-03                                 F               0         Tower X translation velocity, node 4, m/s
         77   -4.888E-03                                 F               0         Tower Y translation velocity, node 4, m/s
         78    3.436E-03                                 F               0         Tower Z translation velocity, node 4, m/s
         79   -4.405E-03                                 F               0         Tower X translation velocity, node 5, m/s
         80   -5.989E-03                                 F               0         Tower Y translation velocity, node 5, m/s
         81    3.375E-03                                 F               0         Tower Z translation velocity, node 5, m/s
         82   -4.281E-03                                 F               0         Tower X translation velocity, node 6, m/s
         83   -7.104E-03                                 F               0         Tower Y translation velocity, node 6, m/s
         84    3.314E-03                                 F               0         Tower Z translation velocity, node 6, m/s
         85   -4.171E-03                                 F               0         Tower X translation velocity, node 7, m/s
         86   -8.229E-03                                 F               0         Tower Y translation velocity, node 7, m/s
         87    3.254E-03                                 F               0         Tower Z translation velocity, node 7, m/s
         88   -4.073E-03                                 F               0         Tower X translation velocity, node 8, m/s
         89   -9.363E-03                                 F               0         Tower Y translation velocity, node 8, m/s
         90    3.194E-03                                 F               0         Tower Z translation velocity, node 8, m/s
         91   -3.986E-03                                 F               0         Tower X translation velocity, node 9, m/s
         92   -1.050E-02                                 F               0         Tower Y translation velocity, node 9, m/s
         93    3.134E-03                                 F               0         Tower Z translation velocity, node 9, m/s
         94   -3.908E-03                                 F               0         Tower X translation velocity, node 10, m/s
         95   -1.165E-02                                 F               0         Tower Y translation velocity, node 10, m/s
         96    3.075E-03                                 F               0         Tower Z translation velocity, node 10, m/s
         97   -3.836E-03                                 F               0         Tower X translation velocity, node 11, m/s
         98   -1.280E-02                                 F               0         Tower Y translation velocity, node 11, m/s
         99    3.017E-03                                 F               0         Tower Z translation velocity, node 11, m/s
        100    1.885E+01                                 F               0         Hub X translation displacement, node 1, m
        101   -7.128E+00                                 F               0         Hub Y translation displacement, node 1, m
        102    1.774E-01                                 F               0         Hub Z translation displacement, node 1, m
        103    9.812E-01,  9.142E-03, -1.926E-01         F               0         Hub X orientation angle, node 1, rad
        104    1.398E-01, -7.218E-01,  6.778E-01         F               0         Hub Y orientation angle, node 1, rad
        105   -1.328E-01, -6.920E-01, -7.095E-01         F               0         Hub Z orientation angle, node 1, rad
        106    6.942E-01                                 F               0         Hub X rotation velocity, node 1, rad/s
        107    6.474E-03                                 F               0         Hub Y rotation velocity, node 1, rad/s
        108   -1.363E-01                                 F               0         Hub Z rotation velocity, node 1, rad/s
        109    9.767E-01,  3.055E-02, -2.126E-01         F               0         Blade root 1 X orientation angle, node 1, rad
        110    1.688E-01, -7.212E-01,  6.718E-01         F               0         Blade root 1 Y orientation angle, node 1, rad
        111   -1.328E-01, -6.920E-01, -7.095E-01         F               0         Blade root 1 Z orientation angle, node 1, rad
        112    9.863E-01,  1.621E-02, -1.642E-01         F               0         Blade root 2 X orientation angle, node 1, rad
        113   -1.557E-01, -2.380E-01, -9.587E-01         F               0         Blade root 2 Y orientation angle, node 1, rad
        114   -5.463E-02,  9.711E-01, -2.322E-01         F               0         Blade root 2 Z orientation angle, node 1, rad
        115    9.795E-01, -1.935E-02, -2.007E-01         F               0         Blade root 3 X orientation angle, node 1, rad
        116    7.424E-02,  9.601E-01,  2.697E-01         F               0         Blade root 3 Y orientation angle, node 1, rad
        117    1.875E-01, -2.791E-01,  9.418E-01         F               0         Blade root 3 Z orientation angle, node 1, rad
        118    1.754E+01                                 F               0         Blade 1 X translation displacement, node 1, m
        119   -1.096E+01                                 F               0         Blade 1 Y translation displacement, node 1, m
        120   -9.263E+00                                 F               0         Blade 1 Z translation displacement, node 1, m
        121    1.722E+01                                 F               0         Blade 1 X translation displacement, node 2, m
        122   -1.189E+01                                 F               0         Blade 1 Y translation displacement, node 2, m
        123   -1.154E+01                                 F               0         Blade 1 Z translation displacement, node 2, m
        124    1.291E+01                                 F               0         Blade 1 X translation displacement, node 3, m
        125   -2.445E+01                                 F               0         Blade 1 Y translation displacement, node 3, m
        126   -4.247E+01                                 F               0         Blade 1 Z translation displacement, node 3, m
        127    1.200E+01                                 F               0         Blade 1 X translation displacement, node 4, m
        128   -2.712E+01                                 F               0         Blade 1 Y translation displacement, node 4, m
        129   -4.906E+01                                 F               0         Blade 1 Z translation displacement, node 4, m
        130    1.108E+01                                 F               0         Blade 1 X translation displacement, node 5, m
        131   -2.980E+01                                 F               0         Blade 1 Y translation displacement, node 5, m
        132   -5.565E+01                                 F               0         Blade 1 Z translation displacement, node 5, m
        133    1.016E+01                                 F               0         Blade 1 X translation displacement, node 6, m
        134   -3.248E+01                                 F               0         Blade 1 Y translation displacement, node 6, m
        135   -6.224E+01                                 F               0         Blade 1 Z translation displacement, node 6, m
        136    9.242E+00                                 F               0         Blade 1 X translation displacement, node 7, m
        137   -3.515E+01                                 F               0         Blade 1 Y translation displacement, node 7, m
        138   -6.883E+01                                 F               0         Blade 1 Z translation displacement, node 7, m
        139    8.324E+00                                 F               0         Blade 1 X translation displacement, node 8, m
        140   -3.783E+01                                 F               0         Blade 1 Y translation displacement, node 8, m
        141   -7.543E+01                                 F               0         Blade 1 Z translation displacement, node 8, m
        142    7.406E+00                                 F               0         Blade 1 X translation displacement, node 9, m
        143   -4.051E+01                                 F               0         Blade 1 Y translation displacement, node 9, m
        144   -8.202E+01                                 F               0         Blade 1 Z translation displacement, node 9, m
        145    6.488E+00                                 F               0         Blade 1 X translation displacement, node 10, m
        146   -4.318E+01                                 F               0         Blade 1 Y translation displacement, node 10, m
        147   -8.861E+01                                 F               0         Blade 1 Z translation displacement, node 10, m
        148    5.570E+00                                 F               0         Blade 1 X translation displacement, node 11, m
        149   -4.586E+01                                 F               0         Blade 1 Y translation displacement, node 11, m
        150   -9.520E+01                                 F               0         Blade 1 Z translation displacement, node 11, m
        151    4.651E+00                                 F               0         Blade 1 X translation displacement, node 12, m
        152   -4.854E+01                                 F               0         Blade 1 Y translation displacement, node 12, m
        153   -1.018E+02                                 F               0         Blade 1 Z translation displacement, node 12, m
        154    3.733E+00                                 F               0         Blade 1 X translation displacement, node 13, m
        155   -5.121E+01                                 F               0         Blade 1 Y translation displacement, node 13, m
        156   -1.084E+02                                 F               0         Blade 1 Z translation displacement, node 13, m
        157    2.816E+00                                 F               0         Blade 1 X translation displacement, node 14, m
        158   -5.389E+01                                 F               0         Blade 1 Y translation displacement, node 14, m
        159   -1.150E+02                                 F               0         Blade 1 Z translation displacement, node 14, m
        160    1.897E+00                                 F               0         Blade 1 X translation displacement, node 15, m
        161   -5.657E+01                                 F               0         Blade 1 Y translation displacement, node 15, m
        162   -1.216E+02                                 F               0         Blade 1 Z translation displacement, node 15, m
        163    9.794E-01                                 F               0         Blade 1 X translation displacement, node 16, m
        164   -5.924E+01                                 F               0         Blade 1 Y translation displacement, node 16, m
        165   -1.282E+02                                 F               0         Blade 1 Z translation displacement, node 16, m
        166    6.140E-02                                 F               0         Blade 1 X translation displacement, node 17, m
        167   -6.192E+01                                 F               0         Blade 1 Y translation displacement, node 17, m
        168   -1.347E+02                                 F               0         Blade 1 Z translation displacement, node 17, m
        169   -8.566E-01                                 F               0         Blade 1 X translation displacement, node 18, m
        170   -6.460E+01                                 F               0         Blade 1 Y translation displacement, node 18, m
        171   -1.413E+02                                 F               0         Blade 1 Z translation displacement, node 18, m
        172   -1.775E+00                                 F               0         Blade 1 X translation displacement, node 19, m
        173   -6.727E+01                                 F               0         Blade 1 Y translation displacement, node 19, m
        174   -1.479E+02                                 F               0         Blade 1 Z translation displacement, node 19, m
        175   -2.693E+00                                 F               0         Blade 1 X translation displacement, node 20, m
        176   -6.995E+01                                 F               0         Blade 1 Y translation displacement, node 20, m
        177   -1.545E+02                                 F               0         Blade 1 Z translation displacement, node 20, m
        178   -3.611E+00                                 F               0         Blade 1 X translation displacement, node 21, m
        179   -7.263E+01                                 F               0         Blade 1 Y translation displacement, node 21, m
        180   -1.611E+02                                 F               0         Blade 1 Z translation displacement, node 21, m
        181   -4.529E+00                                 F               0         Blade 1 X translation displacement, node 22, m
        182   -7.530E+01                                 F               0         Blade 1 Y translation displacement, node 22, m
        183   -1.677E+02                                 F               0         Blade 1 Z translation displacement, node 22, m
        184   -5.447E+00                                 F               0         Blade 1 X translation displacement, node 23, m
        185   -7.798E+01                                 F               0         Blade 1 Y translation displacement, node 23, m
        186   -1.743E+02                                 F               0         Blade 1 Z translation displacement, node 23, m
        187   -6.365E+00                                 F               0         Blade 1 X translation displacement, node 24, m
        188   -8.065E+01                                 F               0         Blade 1 Y translation displacement, node 24, m
        189   -1.809E+02                                 F               0         Blade 1 Z translation displacement, node 24, m
        190   -7.283E+00                                 F               0         Blade 1 X translation displacement, node 25, m
        191   -8.333E+01                                 F               0         Blade 1 Y translation displacement, node 25, m
        192   -1.875E+02                                 F               0         Blade 1 Z translation displacement, node 25, m
        193   -8.201E+00                                 F               0         Blade 1 X translation displacement, node 26, m
        194   -8.601E+01                                 F               0         Blade 1 Y translation displacement, node 26, m
        195   -1.941E+02                                 F               0         Blade 1 Z translation displacement, node 26, m
        196   -9.119E+00                                 F               0         Blade 1 X translation displacement, node 27, m
        197   -8.868E+01                                 F               0         Blade 1 Y translation displacement, node 27, m
        198   -2.007E+02                                 F               0         Blade 1 Z translation displacement, node 27, m
        199   -9.897E+00                                 F               0         Blade 1 X translation displacement, node 28, m
        200   -9.095E+01                                 F               0         Blade 1 Y translation displacement, node 28, m
        201   -2.062E+02                                 F               0         Blade 1 Z translation displacement, node 28, m
        202    7.922E-01,  3.561E-01, -4.956E-01         F               0         Blade 1 X orientation angle, node 1, rad
        203    5.956E-01, -6.279E-01,  5.009E-01         F               0         Blade 1 Y orientation angle, node 1, rad
        204   -1.328E-01, -6.920E-01, -7.095E-01         F               0         Blade 1 Z orientation angle, node 1, rad
        205    7.922E-01,  3.561E-01, -4.956E-01         F               0         Blade 1 X orientation angle, node 2, rad
        206    5.956E-01, -6.279E-01,  5.009E-01         F               0         Blade 1 Y orientation angle, node 2, rad
        207   -1.328E-01, -6.920E-01, -7.095E-01         F               0         Blade 1 Z orientation angle, node 2, rad
        208    9.108E-01,  1.971E-01, -3.627E-01         F               0         Blade 1 X orientation angle, node 3, rad
        209    3.909E-01, -6.944E-01,  6.041E-01         F               0         Blade 1 Y orientation angle, node 3, rad
        210   -1.328E-01, -6.920E-01, -7.095E-01         F               0         Blade 1 Z orientation angle, node 3, rad
        211    9.265E-01,  1.676E-01, -3.369E-01         F               0         Blade 1 X orientation angle, node 4, rad
        212    3.521E-01, -7.021E-01,  6.189E-01         F               0         Blade 1 Y orientation angle, node 4, rad
        213   -1.328E-01, -6.920E-01, -7.095E-01         F               0         Blade 1 Z orientation angle, node 4, rad
        214    9.377E-01,  1.442E-01, -3.162E-01         F               0         Blade 1 X orientation angle, node 5, rad
        215    3.212E-01, -7.073E-01,  6.297E-01         F               0         Blade 1 Y orientation angle, node 5, rad
        216   -1.328E-01, -6.920E-01, -7.095E-01         F               0         Blade 1 Z orientation angle, node 5, rad
        217    9.459E-01,  1.254E-01, -2.994E-01         F               0         Blade 1 X orientation angle, node 6, rad
        218    2.962E-01, -7.109E-01,  6.379E-01         F               0         Blade 1 Y orientation angle, node 6, rad
        219   -1.328E-01, -6.920E-01, -7.095E-01         F               0         Blade 1 Z orientation angle, node 6, rad
        220    9.521E-01,  1.099E-01, -2.854E-01         F               0         Blade 1 X orientation angle, node 7, rad
        221    2.755E-01, -7.135E-01,  6.443E-01         F               0         Blade 1 Y orientation angle, node 7, rad
        222   -1.328E-01, -6.920E-01, -7.095E-01         F               0         Blade 1 Z orientation angle, node 7, rad
        223    9.569E-01,  9.692E-02, -2.737E-01         F               0         Blade 1 X orientation angle, node 8, rad
        224    2.581E-01, -7.153E-01,  6.493E-01         F               0         Blade 1 Y orientation angle, node 8, rad
        225   -1.328E-01, -6.920E-01, -7.095E-01         F               0         Blade 1 Z orientation angle, node 8, rad
        226    9.608E-01,  8.592E-02, -2.637E-01         F               0         Blade 1 X orientation angle, node 9, rad
        227    2.434E-01, -7.167E-01,  6.535E-01         F               0         Blade 1 Y orientation angle, node 9, rad
        228   -1.328E-01, -6.920E-01, -7.095E-01         F               0         Blade 1 Z orientation angle, node 9, rad
        229    9.639E-01,  7.640E-02, -2.550E-01         F               0         Blade 1 X orientation angle, node 10, rad
        230    2.307E-01, -7.178E-01,  6.569E-01         F               0         Blade 1 Y orientation angle, node 10, rad
        231   -1.328E-01, -6.920E-01, -7.095E-01         F               0         Blade 1 Z orientation angle, node 10, rad
        232    9.665E-01,  6.826E-02, -2.475E-01         F               0         Blade 1 X orientation angle, node 11, rad
        233    2.197E-01, -7.186E-01,  6.598E-01         F               0         Blade 1 Y orientation angle, node 11, rad
        234   -1.328E-01, -6.920E-01, -7.095E-01         F               0         Blade 1 Z orientation angle, node 11, rad
        235    9.686E-01,  6.110E-02, -2.409E-01         F               0         Blade 1 X orientation angle, node 12, rad
        236    2.101E-01, -7.193E-01,  6.622E-01         F               0         Blade 1 Y orientation angle, node 12, rad
        237   -1.328E-01, -6.920E-01, -7.095E-01         F               0         Blade 1 Z orientation angle, node 12, rad
        238    9.704E-01,  5.482E-02, -2.351E-01         F               0         Blade 1 X orientation angle, node 13, rad
        239    2.016E-01, -7.198E-01,  6.643E-01         F               0         Blade 1 Y orientation angle, node 13, rad
        240   -1.328E-01, -6.920E-01, -7.095E-01         F               0         Blade 1 Z orientation angle, node 13, rad
        241    9.720E-01,  4.917E-02, -2.299E-01         F               0         Blade 1 X orientation angle, node 14, rad
        242    1.940E-01, -7.202E-01,  6.661E-01         F               0         Blade 1 Y orientation angle, node 14, rad
        243   -1.328E-01, -6.920E-01, -7.095E-01         F               0         Blade 1 Z orientation angle, node 14, rad
        244    9.733E-01,  4.414E-02, -2.253E-01         F               0         Blade 1 X orientation angle, node 15, rad
        245    1.872E-01, -7.205E-01,  6.677E-01         F               0         Blade 1 Y orientation angle, node 15, rad
        246   -1.328E-01, -6.920E-01, -7.095E-01         F               0         Blade 1 Z orientation angle, node 15, rad
        247    9.745E-01,  3.961E-02, -2.211E-01         F               0         Blade 1 X orientation angle, node 16, rad
        248    1.811E-01, -7.208E-01,  6.691E-01         F               0         Blade 1 Y orientation angle, node 16, rad
        249   -1.328E-01, -6.920E-01, -7.095E-01         F               0         Blade 1 Z orientation angle, node 16, rad
        250    9.755E-01,  3.559E-02, -2.173E-01         F               0         Blade 1 X orientation angle, node 17, rad
        251    1.756E-01, -7.210E-01,  6.703E-01         F               0         Blade 1 Y orientation angle, node 17, rad
        252   -1.328E-01, -6.920E-01, -7.095E-01         F               0         Blade 1 Z orientation angle, node 17, rad
        253    9.764E-01,  3.181E-02, -2.138E-01         F               0         Blade 1 X orientation angle, node 18, rad
        254    1.705E-01, -7.212E-01,  6.714E-01         F               0         Blade 1 Y orientation angle, node 18, rad
        255   -1.328E-01, -6.920E-01, -7.095E-01         F               0         Blade 1 Z orientation angle, node 18, rad
        256    9.772E-01,  2.841E-02, -2.106E-01         F               0         Blade 1 X orientation angle, node 19, rad
        257    1.659E-01, -7.213E-01,  6.724E-01         F               0         Blade 1 Y orientation angle, node 19, rad
        258   -1.328E-01, -6.920E-01, -7.095E-01         F               0         Blade 1 Z orientation angle, node 19, rad
        259    9.778E-01,  2.539E-02, -2.078E-01         F               0         Blade 1 X orientation angle, node 20, rad
        260    1.618E-01, -7.214E-01,  6.733E-01         F               0         Blade 1 Y orientation angle, node 20, rad
        261   -1.328E-01, -6.920E-01, -7.095E-01         F               0         Blade 1 Z orientation angle, node 20, rad
        262    9.785E-01,  2.249E-02, -2.051E-01         F               0         Blade 1 X orientation angle, node 21, rad
        263    1.579E-01, -7.215E-01,  6.741E-01         F               0         Blade 1 Y orientation angle, node 21, rad
        264   -1.328E-01, -6.920E-01, -7.095E-01         F               0         Blade 1 Z orientation angle, node 21, rad
        265    9.791E-01,  1.985E-02, -2.026E-01         F               0         Blade 1 X orientation angle, node 22, rad
        266    1.543E-01, -7.216E-01,  6.749E-01         F               0         Blade 1 Y orientation angle, node 22, rad
        267   -1.328E-01, -6.920E-01, -7.095E-01         F               0         Blade 1 Z orientation angle, node 22, rad
        268    9.796E-01,  1.746E-02, -2.004E-01         F               0         Blade 1 X orientation angle, node 23, rad
        269    1.511E-01, -7.217E-01,  6.756E-01         F               0         Blade 1 Y orientation angle, node 23, rad
        270   -1.328E-01, -6.920E-01, -7.095E-01         F               0         Blade 1 Z orientation angle, node 23, rad
        271    9.800E-01,  1.519E-02, -1.983E-01         F               0         Blade 1 X orientation angle, node 24, rad
        272    1.480E-01, -7.217E-01,  6.762E-01         F               0         Blade 1 Y orientation angle, node 24, rad
        273   -1.328E-01, -6.920E-01, -7.095E-01         F               0         Blade 1 Z orientation angle, node 24, rad
        274    9.805E-01,  1.305E-02, -1.963E-01         F               0         Blade 1 X orientation angle, node 25, rad
        275    1.451E-01, -7.218E-01,  6.768E-01         F               0         Blade 1 Y orientation angle, node 25, rad
        276   -1.328E-01, -6.920E-01, -7.095E-01         F               0         Blade 1 Z orientation angle, node 25, rad
        277    9.808E-01,  1.116E-02, -1.945E-01         F               0         Blade 1 X orientation angle, node 26, rad
        278    1.425E-01, -7.218E-01,  6.773E-01         F               0         Blade 1 Y orientation angle, node 26, rad
        279   -1.328E-01, -6.920E-01, -7.095E-01         F               0         Blade 1 Z orientation angle, node 26, rad
        280    9.812E-01,  9.268E-03, -1.927E-01         F               0         Blade 1 X orientation angle, node 27, rad
        281    1.399E-01, -7.218E-01,  6.778E-01         F               0         Blade 1 Y orientation angle, node 27, rad
        282   -1.328E-01, -6.920E-01, -7.095E-01         F               0         Blade 1 Z orientation angle, node 27, rad
        283    9.814E-01,  8.260E-03, -1.918E-01         F               0         Blade 1 X orientation angle, node 28, rad
        284    1.386E-01, -7.218E-01,  6.781E-01         F               0         Blade 1 Y orientation angle, node 28, rad
        285   -1.328E-01, -6.920E-01, -7.095E-01         F               0         Blade 1 Z orientation angle, node 28, rad
        286   -5.517E-01                                 F               0         Blade 1 X translation velocity, node 1, m/s
        287    2.816E+00                                 F               0         Blade 1 Y translation velocity, node 1, m/s
        288   -2.654E+00                                 F               0         Blade 1 Z translation velocity, node 1, m/s
        289   -6.837E-01                                 F               0         Blade 1 X translation velocity, node 2, m/s
        290    3.498E+00                                 F               0         Blade 1 Y translation velocity, node 2, m/s
        291   -3.294E+00                                 F               0         Blade 1 Z translation velocity, node 2, m/s
        292   -2.479E+00                                 F               0         Blade 1 X translation velocity, node 3, m/s
        293    1.277E+01                                 F               0         Blade 1 Y translation velocity, node 3, m/s
        294   -1.200E+01                                 F               0         Blade 1 Z translation velocity, node 3, m/s
        295   -2.861E+00                                 F               0         Blade 1 X translation velocity, node 4, m/s
        296    1.474E+01                                 F               0         Blade 1 Y translation velocity, node 4, m/s
        297   -1.385E+01                                 F               0         Blade 1 Z translation velocity, node 4, m/s
        298   -3.244E+00                                 F               0         Blade 1 X translation velocity, node 5, m/s
        299    1.672E+01                                 F               0         Blade 1 Y translation velocity, node 5, m/s
        300   -1.571E+01                                 F               0         Blade 1 Z translation velocity, node 5, m/s
        301   -3.626E+00                                 F               0         Blade 1 X translation velocity, node 6, m/s
        302    1.869E+01                                 F               0         Blade 1 Y translation velocity, node 6, m/s
        303   -1.756E+01                                 F               0         Blade 1 Z translation velocity, node 6, m/s
        304   -4.009E+00                                 F               0         Blade 1 X translation velocity, node 7, m/s
        305    2.067E+01                                 F               0         Blade 1 Y translation velocity, node 7, m/s
        306   -1.942E+01                                 F               0         Blade 1 Z translation velocity, node 7, m/s
        307   -4.391E+00                                 F               0         Blade 1 X translation velocity, node 8, m/s
