
Linearized model: Predictions were generated on 11-Jan-2024 at 12:32:35 using OpenFAST, compiled as a 64-bit application using single precision at commit v3.5.1
 linked with  NWTC Subroutine Library; ElastoDyn; InflowWind; AeroDyn; ServoDyn; HydroDyn; MoorDyn (v2.0.0, 2023-09-18)

Description from the FAST input file: CCT-9 Campign 4 model. Input files to be run with OpenFAST 3.5.0. GitHub branch from Lu Wang (https://github.com/luwang00/openfast/tree/dev) compiled on March 7, 2023.

Simulation information:
   Simulation time:                   504.2000 s
   Rotor Speed:                         0.7073 rad/s
   Azimuth:                             0.2286 rad
   Wind Speed:                          8.0000 m/s
   Number of continuous states:         0
   Number of discrete states:           0
   Number of constraint states:         0
   Number of inputs:                 1746
   Number of outputs:                   4
   Jacobians included in this file?    No

Order of inputs:
     Column   Operating Point                     Rotating Frame? Derivative Order Description
   ---------- ---------------                     --------------- ---------------- -----------
          1    7.290E+00                                 F               0         Tower X translation displacement, node 1, m
          2   -1.235E+00                                 F               0         Tower Y translation displacement, node 1, m
          3   -1.593E-01                                 F               0         Tower Z translation displacement, node 1, m
          4    8.334E+00                                 F               0         Tower X translation displacement, node 2, m
          5   -1.768E+00                                 F               0         Tower Y translation displacement, node 2, m
          6   -2.150E-01                                 F               0         Tower Z translation displacement, node 2, m
          7    9.393E+00                                 F               0         Tower X translation displacement, node 3, m
          8   -2.307E+00                                 F               0         Tower Y translation displacement, node 3, m
          9   -2.722E-01                                 F               0         Tower Z translation displacement, node 3, m
         10    1.046E+01                                 F               0         Tower X translation displacement, node 4, m
         11   -2.849E+00                                 F               0         Tower Y translation displacement, node 4, m
         12   -3.307E-01                                 F               0         Tower Z translation displacement, node 4, m
         13    1.154E+01                                 F               0         Tower X translation displacement, node 5, m
         14   -3.394E+00                                 F               0         Tower Y translation displacement, node 5, m
         15   -3.901E-01                                 F               0         Tower Z translation displacement, node 5, m
         16    1.263E+01                                 F               0         Tower X translation displacement, node 6, m
         17   -3.943E+00                                 F               0         Tower Y translation displacement, node 6, m
         18   -4.503E-01                                 F               0         Tower Z translation displacement, node 6, m
         19    1.372E+01                                 F               0         Tower X translation displacement, node 7, m
         20   -4.494E+00                                 F               0         Tower Y translation displacement, node 7, m
         21   -5.110E-01                                 F               0         Tower Z translation displacement, node 7, m
         22    1.482E+01                                 F               0         Tower X translation displacement, node 8, m
         23   -5.047E+00                                 F               0         Tower Y translation displacement, node 8, m
         24   -5.722E-01                                 F               0         Tower Z translation displacement, node 8, m
         25    1.592E+01                                 F               0         Tower X translation displacement, node 9, m
         26   -5.601E+00                                 F               0         Tower Y translation displacement, node 9, m
         27   -6.337E-01                                 F               0         Tower Z translation displacement, node 9, m
         28    1.702E+01                                 F               0         Tower X translation displacement, node 10, m
         29   -6.156E+00                                 F               0         Tower Y translation displacement, node 10, m
         30   -6.953E-01                                 F               0         Tower Z translation displacement, node 10, m
         31    1.812E+01                                 F               0         Tower X translation displacement, node 11, m
         32   -6.712E+00                                 F               0         Tower Y translation displacement, node 11, m
         33   -7.571E-01                                 F               0         Tower Z translation displacement, node 11, m
         34    9.965E-01,  4.253E-03, -8.382E-02         F               0         Tower X orientation angle, node 1, rad
         35   -6.303E-04,  9.991E-01,  4.320E-02         F               0         Tower Y orientation angle, node 1, rad
         36    8.392E-02, -4.300E-02,  9.955E-01         F               0         Tower Z orientation angle, node 1, rad
         37    9.964E-01,  4.306E-03, -8.503E-02         F               0         Tower X orientation angle, node 2, rad
         38   -5.975E-04,  9.990E-01,  4.359E-02         F               0         Tower Y orientation angle, node 2, rad
         39    8.513E-02, -4.338E-02,  9.954E-01         F               0         Tower Z orientation angle, node 2, rad
         40    9.963E-01,  4.351E-03, -8.607E-02         F               0         Tower X orientation angle, node 3, rad
         41   -5.678E-04,  9.990E-01,  4.393E-02         F               0         Tower Y orientation angle, node 3, rad
         42    8.618E-02, -4.372E-02,  9.953E-01         F               0         Tower Z orientation angle, node 3, rad
         43    9.962E-01,  4.389E-03, -8.692E-02         F               0         Tower X orientation angle, node 4, rad
         44   -5.415E-04,  9.990E-01,  4.424E-02         F               0         Tower Y orientation angle, node 4, rad
         45    8.703E-02, -4.402E-02,  9.952E-01         F               0         Tower Z orientation angle, node 4, rad
         46    9.961E-01,  4.419E-03, -8.761E-02         F               0         Tower X orientation angle, node 5, rad
         47   -5.189E-04,  9.990E-01,  4.450E-02         F               0         Tower Y orientation angle, node 5, rad
         48    8.772E-02, -4.428E-02,  9.952E-01         F               0         Tower Z orientation angle, node 5, rad
         49    9.961E-01,  4.443E-03, -8.813E-02         F               0         Tower X orientation angle, node 6, rad
         50   -4.998E-04,  9.990E-01,  4.471E-02         F               0         Tower Y orientation angle, node 6, rad
         51    8.824E-02, -4.449E-02,  9.951E-01         F               0         Tower Z orientation angle, node 6, rad
         52    9.961E-01,  4.460E-03, -8.850E-02         F               0         Tower X orientation angle, node 7, rad
         53   -4.845E-04,  9.990E-01,  4.489E-02         F               0         Tower Y orientation angle, node 7, rad
         54    8.862E-02, -4.467E-02,  9.951E-01         F               0         Tower Z orientation angle, node 7, rad
         55    9.960E-01,  4.471E-03, -8.876E-02         F               0         Tower X orientation angle, node 8, rad
         56   -4.725E-04,  9.990E-01,  4.502E-02         F               0         Tower Y orientation angle, node 8, rad
         57    8.887E-02, -4.480E-02,  9.950E-01         F               0         Tower Z orientation angle, node 8, rad
         58    9.960E-01,  4.479E-03, -8.892E-02         F               0         Tower X orientation angle, node 9, rad
         59   -4.638E-04,  9.990E-01,  4.512E-02         F               0         Tower Y orientation angle, node 9, rad
         60    8.903E-02, -4.490E-02,  9.950E-01         F               0         Tower Z orientation angle, node 9, rad
         61    9.960E-01,  4.483E-03, -8.901E-02         F               0         Tower X orientation angle, node 10, rad
         62   -4.581E-04,  9.990E-01,  4.518E-02         F               0         Tower Y orientation angle, node 10, rad
         63    8.912E-02, -4.496E-02,  9.950E-01         F               0         Tower Z orientation angle, node 10, rad
         64    9.960E-01,  4.485E-03, -8.905E-02         F               0         Tower X orientation angle, node 11, rad
         65   -4.550E-04,  9.990E-01,  4.522E-02         F               0         Tower Y orientation angle, node 11, rad
         66    8.916E-02, -4.500E-02,  9.950E-01         F               0         Tower Z orientation angle, node 11, rad
         67   -4.821E-03                                 F               0         Tower X translation velocity, node 1, m/s
         68    1.079E-03                                 F               0         Tower Y translation velocity, node 1, m/s
         69    4.176E-03                                 F               0         Tower Z translation velocity, node 1, m/s
         70   -4.710E-03                                 F               0         Tower X translation velocity, node 2, m/s
         71    1.124E-03                                 F               0         Tower Y translation velocity, node 2, m/s
         72    4.168E-03                                 F               0         Tower Z translation velocity, node 2, m/s
         73   -4.609E-03                                 F               0         Tower X translation velocity, node 3, m/s
         74    1.162E-03                                 F               0         Tower Y translation velocity, node 3, m/s
         75    4.161E-03                                 F               0         Tower Z translation velocity, node 3, m/s
         76   -4.517E-03                                 F               0         Tower X translation velocity, node 4, m/s
         77    1.194E-03                                 F               0         Tower Y translation velocity, node 4, m/s
         78    4.155E-03                                 F               0         Tower Z translation velocity, node 4, m/s
         79   -4.434E-03                                 F               0         Tower X translation velocity, node 5, m/s
         80    1.219E-03                                 F               0         Tower Y translation velocity, node 5, m/s
         81    4.148E-03                                 F               0         Tower Z translation velocity, node 5, m/s
         82   -4.357E-03                                 F               0         Tower X translation velocity, node 6, m/s
         83    1.240E-03                                 F               0         Tower Y translation velocity, node 6, m/s
         84    4.143E-03                                 F               0         Tower Z translation velocity, node 6, m/s
         85   -4.287E-03                                 F               0         Tower X translation velocity, node 7, m/s
         86    1.256E-03                                 F               0         Tower Y translation velocity, node 7, m/s
         87    4.137E-03                                 F               0         Tower Z translation velocity, node 7, m/s
         88   -4.223E-03                                 F               0         Tower X translation velocity, node 8, m/s
         89    1.268E-03                                 F               0         Tower Y translation velocity, node 8, m/s
         90    4.132E-03                                 F               0         Tower Z translation velocity, node 8, m/s
         91   -4.163E-03                                 F               0         Tower X translation velocity, node 9, m/s
         92    1.277E-03                                 F               0         Tower Y translation velocity, node 9, m/s
         93    4.127E-03                                 F               0         Tower Z translation velocity, node 9, m/s
         94   -4.107E-03                                 F               0         Tower X translation velocity, node 10, m/s
         95    1.284E-03                                 F               0         Tower Y translation velocity, node 10, m/s
         96    4.122E-03                                 F               0         Tower Z translation velocity, node 10, m/s
         97   -4.053E-03                                 F               0         Tower X translation velocity, node 11, m/s
         98    1.290E-03                                 F               0         Tower Y translation velocity, node 11, m/s
         99    4.118E-03                                 F               0         Tower Z translation velocity, node 11, m/s
        100    1.886E+01                                 F               0         Hub X translation displacement, node 1, m
        101   -7.113E+00                                 F               0         Hub Y translation displacement, node 1, m
        102    1.655E-01                                 F               0         Hub Z translation displacement, node 1, m
        103    9.812E-01,  9.164E-03, -1.926E-01         F               0         Hub X orientation angle, node 1, rad
        104    4.325E-02,  9.629E-01,  2.662E-01         F               0         Hub Y orientation angle, node 1, rad
        105    1.879E-01, -2.696E-01,  9.445E-01         F               0         Hub Z orientation angle, node 1, rad
        106    6.940E-01                                 F               0         Hub X rotation velocity, node 1, rad/s
        107    6.486E-03                                 F               0         Hub Y rotation velocity, node 1, rad/s
        108   -1.362E-01                                 F               0         Hub Z rotation velocity, node 1, rad/s
        109    9.795E-01, -1.941E-02, -2.004E-01         F               0         Blade root 1 X orientation angle, node 1, rad
        110    7.235E-02,  9.628E-01,  2.604E-01         F               0         Blade root 1 Y orientation angle, node 1, rad
        111    1.879E-01, -2.696E-01,  9.445E-01         F               0         Blade root 1 Z orientation angle, node 1, rad
        112    9.766E-01,  3.037E-02, -2.128E-01         F               0         Blade root 2 X orientation angle, node 1, rad
        113    1.701E-01, -7.143E-01,  6.788E-01         F               0         Blade root 2 Y orientation angle, node 1, rad
        114   -1.314E-01, -6.991E-01, -7.028E-01         F               0         Blade root 2 Z orientation angle, node 1, rad
        115    9.863E-01,  1.652E-02, -1.643E-01         F               0         Blade root 3 X orientation angle, node 1, rad
        116   -1.551E-01, -2.476E-01, -9.563E-01         F               0         Blade root 3 Y orientation angle, node 1, rad
        117   -5.648E-02,  9.687E-01, -2.417E-01         F               0         Blade root 3 Z orientation angle, node 1, rad
        118    1.933E+01                                 F               0         Blade 1 X translation displacement, node 1, m
        119   -8.607E+00                                 F               0         Blade 1 Y translation displacement, node 1, m
        120   -1.118E-01                                 F               0         Blade 1 Z translation displacement, node 1, m
        121    1.944E+01                                 F               0         Blade 1 X translation displacement, node 2, m
        122   -8.967E+00                                 F               0         Blade 1 Y translation displacement, node 2, m
        123   -1.786E-01                                 F               0         Blade 1 Z translation displacement, node 2, m
        124    2.095E+01                                 F               0         Blade 1 X translation displacement, node 3, m
        125   -1.386E+01                                 F               0         Blade 1 Y translation displacement, node 3, m
        126   -1.087E+00                                 F               0         Blade 1 Z translation displacement, node 3, m
        127    2.127E+01                                 F               0         Blade 1 X translation displacement, node 4, m
        128   -1.490E+01                                 F               0         Blade 1 Y translation displacement, node 4, m
        129   -1.281E+00                                 F               0         Blade 1 Z translation displacement, node 4, m
        130    2.160E+01                                 F               0         Blade 1 X translation displacement, node 5, m
        131   -1.595E+01                                 F               0         Blade 1 Y translation displacement, node 5, m
        132   -1.474E+00                                 F               0         Blade 1 Z translation displacement, node 5, m
        133    2.192E+01                                 F               0         Blade 1 X translation displacement, node 6, m
        134   -1.699E+01                                 F               0         Blade 1 Y translation displacement, node 6, m
        135   -1.668E+00                                 F               0         Blade 1 Z translation displacement, node 6, m
        136    2.224E+01                                 F               0         Blade 1 X translation displacement, node 7, m
        137   -1.803E+01                                 F               0         Blade 1 Y translation displacement, node 7, m
        138   -1.861E+00                                 F               0         Blade 1 Z translation displacement, node 7, m
        139    2.256E+01                                 F               0         Blade 1 X translation displacement, node 8, m
        140   -1.907E+01                                 F               0         Blade 1 Y translation displacement, node 8, m
        141   -2.055E+00                                 F               0         Blade 1 Z translation displacement, node 8, m
        142    2.288E+01                                 F               0         Blade 1 X translation displacement, node 9, m
        143   -2.012E+01                                 F               0         Blade 1 Y translation displacement, node 9, m
        144   -2.248E+00                                 F               0         Blade 1 Z translation displacement, node 9, m
        145    2.321E+01                                 F               0         Blade 1 X translation displacement, node 10, m
        146   -2.116E+01                                 F               0         Blade 1 Y translation displacement, node 10, m
        147   -2.442E+00                                 F               0         Blade 1 Z translation displacement, node 10, m
        148    2.353E+01                                 F               0         Blade 1 X translation displacement, node 11, m
        149   -2.220E+01                                 F               0         Blade 1 Y translation displacement, node 11, m
        150   -2.635E+00                                 F               0         Blade 1 Z translation displacement, node 11, m
        151    2.385E+01                                 F               0         Blade 1 X translation displacement, node 12, m
        152   -2.324E+01                                 F               0         Blade 1 Y translation displacement, node 12, m
        153   -2.829E+00                                 F               0         Blade 1 Z translation displacement, node 12, m
        154    2.417E+01                                 F               0         Blade 1 X translation displacement, node 13, m
        155   -2.429E+01                                 F               0         Blade 1 Y translation displacement, node 13, m
        156   -3.022E+00                                 F               0         Blade 1 Z translation displacement, node 13, m
        157    2.450E+01                                 F               0         Blade 1 X translation displacement, node 14, m
        158   -2.533E+01                                 F               0         Blade 1 Y translation displacement, node 14, m
        159   -3.216E+00                                 F               0         Blade 1 Z translation displacement, node 14, m
        160    2.482E+01                                 F               0         Blade 1 X translation displacement, node 15, m
        161   -2.637E+01                                 F               0         Blade 1 Y translation displacement, node 15, m
        162   -3.410E+00                                 F               0         Blade 1 Z translation displacement, node 15, m
        163    2.514E+01                                 F               0         Blade 1 X translation displacement, node 16, m
        164   -2.741E+01                                 F               0         Blade 1 Y translation displacement, node 16, m
        165   -3.603E+00                                 F               0         Blade 1 Z translation displacement, node 16, m
        166    2.546E+01                                 F               0         Blade 1 X translation displacement, node 17, m
        167   -2.846E+01                                 F               0         Blade 1 Y translation displacement, node 17, m
        168   -3.797E+00                                 F               0         Blade 1 Z translation displacement, node 17, m
        169    2.579E+01                                 F               0         Blade 1 X translation displacement, node 18, m
        170   -2.950E+01                                 F               0         Blade 1 Y translation displacement, node 18, m
        171   -3.990E+00                                 F               0         Blade 1 Z translation displacement, node 18, m
        172    2.611E+01                                 F               0         Blade 1 X translation displacement, node 19, m
        173   -3.054E+01                                 F               0         Blade 1 Y translation displacement, node 19, m
        174   -4.184E+00                                 F               0         Blade 1 Z translation displacement, node 19, m
        175    2.643E+01                                 F               0         Blade 1 X translation displacement, node 20, m
        176   -3.158E+01                                 F               0         Blade 1 Y translation displacement, node 20, m
        177   -4.377E+00                                 F               0         Blade 1 Z translation displacement, node 20, m
        178    2.675E+01                                 F               0         Blade 1 X translation displacement, node 21, m
        179   -3.263E+01                                 F               0         Blade 1 Y translation displacement, node 21, m
        180   -4.571E+00                                 F               0         Blade 1 Z translation displacement, node 21, m
        181    2.708E+01                                 F               0         Blade 1 X translation displacement, node 22, m
        182   -3.367E+01                                 F               0         Blade 1 Y translation displacement, node 22, m
        183   -4.764E+00                                 F               0         Blade 1 Z translation displacement, node 22, m
        184    2.740E+01                                 F               0         Blade 1 X translation displacement, node 23, m
        185   -3.471E+01                                 F               0         Blade 1 Y translation displacement, node 23, m
        186   -4.958E+00                                 F               0         Blade 1 Z translation displacement, node 23, m
        187    2.772E+01                                 F               0         Blade 1 X translation displacement, node 24, m
        188   -3.575E+01                                 F               0         Blade 1 Y translation displacement, node 24, m
        189   -5.152E+00                                 F               0         Blade 1 Z translation displacement, node 24, m
        190    2.804E+01                                 F               0         Blade 1 X translation displacement, node 25, m
        191   -3.680E+01                                 F               0         Blade 1 Y translation displacement, node 25, m
        192   -5.345E+00                                 F               0         Blade 1 Z translation displacement, node 25, m
        193    2.836E+01                                 F               0         Blade 1 X translation displacement, node 26, m
        194   -3.784E+01                                 F               0         Blade 1 Y translation displacement, node 26, m
        195   -5.539E+00                                 F               0         Blade 1 Z translation displacement, node 26, m
        196    2.869E+01                                 F               0         Blade 1 X translation displacement, node 27, m
        197   -3.888E+01                                 F               0         Blade 1 Y translation displacement, node 27, m
        198   -5.732E+00                                 F               0         Blade 1 Z translation displacement, node 27, m
        199    2.896E+01                                 F               0         Blade 1 X translation displacement, node 28, m
        200   -3.977E+01                                 F               0         Blade 1 Y translation displacement, node 28, m
        201   -5.896E+00                                 F               0         Blade 1 Z translation displacement, node 28, m
        202    8.388E-01, -4.563E-01, -2.971E-01         F               0         Blade 1 X orientation angle, node 1, rad
        203    5.111E-01,  8.480E-01,  1.404E-01         F               0         Blade 1 Y orientation angle, node 1, rad
        204    1.879E-01, -2.696E-01,  9.445E-01         F               0         Blade 1 Z orientation angle, node 1, rad
        205    8.388E-01, -4.563E-01, -2.971E-01         F               0         Blade 1 X orientation angle, node 2, rad
        206    5.111E-01,  8.480E-01,  1.404E-01         F               0         Blade 1 Y orientation angle, node 2, rad
        207    1.879E-01, -2.696E-01,  9.445E-01         F               0         Blade 1 Z orientation angle, node 2, rad
        208    9.360E-01, -2.423E-01, -2.553E-01         F               0         Blade 1 X orientation angle, node 3, rad
        209    2.977E-01,  9.320E-01,  2.068E-01         F               0         Blade 1 Y orientation angle, node 3, rad
        210    1.879E-01, -2.696E-01,  9.445E-01         F               0         Blade 1 Z orientation angle, node 3, rad
        211    9.477E-01, -2.028E-01, -2.464E-01         F               0         Blade 1 X orientation angle, node 4, rad
        212    2.579E-01,  9.414E-01,  2.174E-01         F               0         Blade 1 Y orientation angle, node 4, rad
        213    1.879E-01, -2.696E-01,  9.445E-01         F               0         Blade 1 Z orientation angle, node 4, rad
        214    9.558E-01, -1.714E-01, -2.390E-01         F               0         Blade 1 X orientation angle, node 5, rad
        215    2.264E-01,  9.476E-01,  2.254E-01         F               0         Blade 1 Y orientation angle, node 5, rad
        216    1.879E-01, -2.696E-01,  9.445E-01         F               0         Blade 1 Z orientation angle, node 5, rad
        217    9.614E-01, -1.462E-01, -2.330E-01         F               0         Blade 1 X orientation angle, node 6, rad
        218    2.009E-01,  9.518E-01,  2.317E-01         F               0         Blade 1 Y orientation angle, node 6, rad
        219    1.879E-01, -2.696E-01,  9.445E-01         F               0         Blade 1 Z orientation angle, node 6, rad
        220    9.656E-01, -1.254E-01, -2.279E-01         F               0         Blade 1 X orientation angle, node 7, rad
        221    1.799E-01,  9.548E-01,  2.367E-01         F               0         Blade 1 Y orientation angle, node 7, rad
        222    1.879E-01, -2.696E-01,  9.445E-01         F               0         Blade 1 Z orientation angle, node 7, rad
        223    9.687E-01, -1.081E-01, -2.235E-01         F               0         Blade 1 X orientation angle, node 8, rad
        224    1.623E-01,  9.569E-01,  2.408E-01         F               0         Blade 1 Y orientation angle, node 8, rad
        225    1.879E-01, -2.696E-01,  9.445E-01         F               0         Blade 1 Z orientation angle, node 8, rad
        226    9.711E-01, -9.338E-02, -2.198E-01         F               0         Blade 1 X orientation angle, node 9, rad
        227    1.474E-01,  9.584E-01,  2.442E-01         F               0         Blade 1 Y orientation angle, node 9, rad
        228    1.879E-01, -2.696E-01,  9.445E-01         F               0         Blade 1 Z orientation angle, node 9, rad
        229    9.729E-01, -8.066E-02, -2.166E-01         F               0         Blade 1 X orientation angle, node 10, rad
        230    1.346E-01,  9.596E-01,  2.471E-01         F               0         Blade 1 Y orientation angle, node 10, rad
        231    1.879E-01, -2.696E-01,  9.445E-01         F               0         Blade 1 Z orientation angle, node 10, rad
        232    9.744E-01, -6.977E-02, -2.137E-01         F               0         Blade 1 X orientation angle, node 11, rad
        233    1.235E-01,  9.605E-01,  2.496E-01         F               0         Blade 1 Y orientation angle, node 11, rad
        234    1.879E-01, -2.696E-01,  9.445E-01         F               0         Blade 1 Z orientation angle, node 11, rad
        235    9.756E-01, -6.021E-02, -2.112E-01         F               0         Blade 1 X orientation angle, node 12, rad
        236    1.138E-01,  9.611E-01,  2.517E-01         F               0         Blade 1 Y orientation angle, node 12, rad
        237    1.879E-01, -2.696E-01,  9.445E-01         F               0         Blade 1 Z orientation angle, node 12, rad
        238    9.765E-01, -5.182E-02, -2.090E-01         F               0         Blade 1 X orientation angle, node 13, rad
        239    1.053E-01,  9.616E-01,  2.535E-01         F               0         Blade 1 Y orientation angle, node 13, rad
        240    1.879E-01, -2.696E-01,  9.445E-01         F               0         Blade 1 Z orientation angle, node 13, rad
        241    9.773E-01, -4.427E-02, -2.070E-01         F               0         Blade 1 X orientation angle, node 14, rad
        242    9.762E-02,  9.620E-01,  2.551E-01         F               0         Blade 1 Y orientation angle, node 14, rad
        243    1.879E-01, -2.696E-01,  9.445E-01         F               0         Blade 1 Z orientation angle, node 14, rad
        244    9.780E-01, -3.755E-02, -2.053E-01         F               0         Blade 1 X orientation angle, node 15, rad
        245    9.079E-02,  9.623E-01,  2.566E-01         F               0         Blade 1 Y orientation angle, node 15, rad
        246    1.879E-01, -2.696E-01,  9.445E-01         F               0         Blade 1 Z orientation angle, node 15, rad
        247    9.785E-01, -3.150E-02, -2.036E-01         F               0         Blade 1 X orientation angle, node 16, rad
        248    8.465E-02,  9.625E-01,  2.579E-01         F               0         Blade 1 Y orientation angle, node 16, rad
        249    1.879E-01, -2.696E-01,  9.445E-01         F               0         Blade 1 Z orientation angle, node 16, rad
        250    9.790E-01, -2.613E-02, -2.022E-01         F               0         Blade 1 X orientation angle, node 17, rad
        251    7.918E-02,  9.626E-01,  2.590E-01         F               0         Blade 1 Y orientation angle, node 17, rad
        252    1.879E-01, -2.696E-01,  9.445E-01         F               0         Blade 1 Z orientation angle, node 17, rad
        253    9.794E-01, -2.109E-02, -2.008E-01         F               0         Blade 1 X orientation angle, node 18, rad
        254    7.405E-02,  9.628E-01,  2.600E-01         F               0         Blade 1 Y orientation angle, node 18, rad
        255    1.879E-01, -2.696E-01,  9.445E-01         F               0         Blade 1 Z orientation angle, node 18, rad
        256    9.797E-01, -1.655E-02, -1.996E-01         F               0         Blade 1 X orientation angle, node 19, rad
        257    6.944E-02,  9.628E-01,  2.610E-01         F               0         Blade 1 Y orientation angle, node 19, rad
        258    1.879E-01, -2.696E-01,  9.445E-01         F               0         Blade 1 Z orientation angle, node 19, rad
        259    9.800E-01, -1.252E-02, -1.985E-01         F               0         Blade 1 X orientation angle, node 20, rad
        260    6.533E-02,  9.629E-01,  2.618E-01         F               0         Blade 1 Y orientation angle, node 20, rad
        261    1.879E-01, -2.696E-01,  9.445E-01         F               0         Blade 1 Z orientation angle, node 20, rad
        262    9.803E-01, -8.652E-03, -1.975E-01         F               0         Blade 1 X orientation angle, node 21, rad
        263    6.140E-02,  9.629E-01,  2.626E-01         F               0         Blade 1 Y orientation angle, node 21, rad
        264    1.879E-01, -2.696E-01,  9.445E-01         F               0         Blade 1 Z orientation angle, node 21, rad
        265    9.805E-01, -5.122E-03, -1.965E-01         F               0         Blade 1 X orientation angle, node 22, rad
        266    5.781E-02,  9.630E-01,  2.633E-01         F               0         Blade 1 Y orientation angle, node 22, rad
        267    1.879E-01, -2.696E-01,  9.445E-01         F               0         Blade 1 Z orientation angle, node 22, rad
        268    9.807E-01, -1.929E-03, -1.956E-01         F               0         Blade 1 X orientation angle, node 23, rad
        269    5.455E-02,  9.630E-01,  2.640E-01         F               0         Blade 1 Y orientation angle, node 23, rad
        270    1.879E-01, -2.696E-01,  9.445E-01         F               0         Blade 1 Z orientation angle, node 23, rad
        271    9.808E-01,  1.096E-03, -1.948E-01         F               0         Blade 1 X orientation angle, node 24, rad
        272    5.147E-02,  9.630E-01,  2.646E-01         F               0         Blade 1 Y orientation angle, node 24, rad
        273    1.879E-01, -2.696E-01,  9.445E-01         F               0         Blade 1 Z orientation angle, node 24, rad
        274    9.810E-01,  3.954E-03, -1.940E-01         F               0         Blade 1 X orientation angle, node 25, rad
        275    4.856E-02,  9.630E-01,  2.652E-01         F               0         Blade 1 Y orientation angle, node 25, rad
        276    1.879E-01, -2.696E-01,  9.445E-01         F               0         Blade 1 Z orientation angle, node 25, rad
        277    9.811E-01,  6.475E-03, -1.933E-01         F               0         Blade 1 X orientation angle, node 26, rad
        278    4.599E-02,  9.630E-01,  2.657E-01         F               0         Blade 1 Y orientation angle, node 26, rad
        279    1.879E-01, -2.696E-01,  9.445E-01         F               0         Blade 1 Z orientation angle, node 26, rad
        280    9.812E-01,  8.996E-03, -1.926E-01         F               0         Blade 1 X orientation angle, node 27, rad
        281    4.343E-02,  9.629E-01,  2.662E-01         F               0         Blade 1 Y orientation angle, node 27, rad
        282    1.879E-01, -2.696E-01,  9.445E-01         F               0         Blade 1 Z orientation angle, node 27, rad
        283    9.813E-01,  1.034E-02, -1.922E-01         F               0         Blade 1 X orientation angle, node 28, rad
        284    4.206E-02,  9.629E-01,  2.665E-01         F               0         Blade 1 Y orientation angle, node 28, rad
        285    1.879E-01, -2.696E-01,  9.445E-01         F               0         Blade 1 Z orientation angle, node 28, rad
        286   -1.735E-01                                 F               0         Blade 1 X translation velocity, node 1, m/s
        287   -3.772E+00                                 F               0         Blade 1 Y translation velocity, node 1, m/s
        288   -1.039E+00                                 F               0         Blade 1 Z translation velocity, node 1, m/s
        289   -2.143E-01                                 F               0         Blade 1 X translation velocity, node 2, m/s
        290   -4.681E+00                                 F               0         Blade 1 Y translation velocity, node 2, m/s
        291   -1.290E+00                                 F               0         Blade 1 Z translation velocity, node 2, m/s
        292   -7.697E-01                                 F               0         Blade 1 X translation velocity, node 3, m/s
        293   -1.704E+01                                 F               0         Blade 1 Y translation velocity, node 3, m/s
        294   -4.709E+00                                 F               0         Blade 1 Z translation velocity, node 3, m/s
        295   -8.880E-01                                 F               0         Blade 1 X translation velocity, node 4, m/s
        296   -1.968E+01                                 F               0         Blade 1 Y translation velocity, node 4, m/s
        297   -5.437E+00                                 F               0         Blade 1 Z translation velocity, node 4, m/s
        298   -1.006E+00                                 F               0         Blade 1 X translation velocity, node 5, m/s
        299   -2.231E+01                                 F               0         Blade 1 Y translation velocity, node 5, m/s
        300   -6.165E+00                                 F               0         Blade 1 Z translation velocity, node 5, m/s
        301   -1.125E+00                                 F               0         Blade 1 X translation velocity, node 6, m/s
        302   -2.495E+01                                 F               0         Blade 1 Y translation velocity, node 6, m/s
        303   -6.894E+00                                 F               0         Blade 1 Z translation velocity, node 6, m/s
        304   -1.243E+00                                 F               0         Blade 1 X translation velocity, node 7, m/s
        305   -2.758E+01                                 F               0         Blade 1 Y translation velocity, node 7, m/s
        306   -7.622E+00                                 F               0         Blade 1 Z translation velocity, node 7, m/s
        307   -1.361E+00                                 F               0         Blade 1 X translation velocity, node 8, m/s
