
Linearized model: Predictions were generated on 11-Jan-2024 at 12:32:35 using OpenFAST, compiled as a 64-bit application using single precision at commit v3.5.1
 linked with  NWTC Subroutine Library; ElastoDyn; InflowWind; AeroDyn; ServoDyn; HydroDyn; MoorDyn (v2.0.0, 2023-09-18)

Description from the FAST input file: CCT-9 Campign 4 model. Input files to be run with OpenFAST 3.5.0. GitHub branch from Lu Wang (https://github.com/luwang00/openfast/tree/dev) compiled on March 7, 2023.

Simulation information:
   Simulation time:                   503.2250 s
   Rotor Speed:                         0.7075 rad/s
   Azimuth:                             5.8221 rad
   Wind Speed:                          8.0000 m/s
   Number of continuous states:         0
   Number of discrete states:           0
   Number of constraint states:         0
   Number of inputs:                 1746
   Number of outputs:                   4
   Jacobians included in this file?    No

Order of inputs:
     Column   Operating Point                     Rotating Frame? Derivative Order Description
   ---------- ---------------                     --------------- ---------------- -----------
          1    7.295E+00                                 F               0         Tower X translation displacement, node 1, m
          2   -1.236E+00                                 F               0         Tower Y translation displacement, node 1, m
          3   -1.631E-01                                 F               0         Tower Z translation displacement, node 1, m
          4    8.338E+00                                 F               0         Tower X translation displacement, node 2, m
          5   -1.770E+00                                 F               0         Tower Y translation displacement, node 2, m
          6   -2.188E-01                                 F               0         Tower Z translation displacement, node 2, m
          7    9.397E+00                                 F               0         Tower X translation displacement, node 3, m
          8   -2.308E+00                                 F               0         Tower Y translation displacement, node 3, m
          9   -2.760E-01                                 F               0         Tower Z translation displacement, node 3, m
         10    1.047E+01                                 F               0         Tower X translation displacement, node 4, m
         11   -2.850E+00                                 F               0         Tower Y translation displacement, node 4, m
         12   -3.345E-01                                 F               0         Tower Z translation displacement, node 4, m
         13    1.155E+01                                 F               0         Tower X translation displacement, node 5, m
         14   -3.396E+00                                 F               0         Tower Y translation displacement, node 5, m
         15   -3.939E-01                                 F               0         Tower Z translation displacement, node 5, m
         16    1.264E+01                                 F               0         Tower X translation displacement, node 6, m
         17   -3.945E+00                                 F               0         Tower Y translation displacement, node 6, m
         18   -4.541E-01                                 F               0         Tower Z translation displacement, node 6, m
         19    1.373E+01                                 F               0         Tower X translation displacement, node 7, m
         20   -4.496E+00                                 F               0         Tower Y translation displacement, node 7, m
         21   -5.148E-01                                 F               0         Tower Z translation displacement, node 7, m
         22    1.482E+01                                 F               0         Tower X translation displacement, node 8, m
         23   -5.049E+00                                 F               0         Tower Y translation displacement, node 8, m
         24   -5.760E-01                                 F               0         Tower Z translation displacement, node 8, m
         25    1.592E+01                                 F               0         Tower X translation displacement, node 9, m
         26   -5.603E+00                                 F               0         Tower Y translation displacement, node 9, m
         27   -6.375E-01                                 F               0         Tower Z translation displacement, node 9, m
         28    1.702E+01                                 F               0         Tower X translation displacement, node 10, m
         29   -6.158E+00                                 F               0         Tower Y translation displacement, node 10, m
         30   -6.991E-01                                 F               0         Tower Z translation displacement, node 10, m
         31    1.813E+01                                 F               0         Tower X translation displacement, node 11, m
         32   -6.714E+00                                 F               0         Tower Y translation displacement, node 11, m
         33   -7.609E-01                                 F               0         Tower Z translation displacement, node 11, m
         34    9.965E-01,  4.258E-03, -8.381E-02         F               0         Tower X orientation angle, node 1, rad
         35   -6.344E-04,  9.991E-01,  4.321E-02         F               0         Tower Y orientation angle, node 1, rad
         36    8.392E-02, -4.301E-02,  9.955E-01         F               0         Tower Z orientation angle, node 1, rad
         37    9.964E-01,  4.310E-03, -8.502E-02         F               0         Tower X orientation angle, node 2, rad
         38   -6.017E-04,  9.990E-01,  4.360E-02         F               0         Tower Y orientation angle, node 2, rad
         39    8.513E-02, -4.339E-02,  9.954E-01         F               0         Tower Z orientation angle, node 2, rad
         40    9.963E-01,  4.356E-03, -8.606E-02         F               0         Tower X orientation angle, node 3, rad
         41   -5.720E-04,  9.990E-01,  4.395E-02         F               0         Tower Y orientation angle, node 3, rad
         42    8.617E-02, -4.373E-02,  9.953E-01         F               0         Tower Z orientation angle, node 3, rad
         43    9.962E-01,  4.394E-03, -8.692E-02         F               0         Tower X orientation angle, node 4, rad
         44   -5.457E-04,  9.990E-01,  4.425E-02         F               0         Tower Y orientation angle, node 4, rad
         45    8.703E-02, -4.403E-02,  9.952E-01         F               0         Tower Z orientation angle, node 4, rad
         46    9.961E-01,  4.424E-03, -8.760E-02         F               0         Tower X orientation angle, node 5, rad
         47   -5.231E-04,  9.990E-01,  4.451E-02         F               0         Tower Y orientation angle, node 5, rad
         48    8.771E-02, -4.429E-02,  9.952E-01         F               0         Tower Z orientation angle, node 5, rad
         49    9.961E-01,  4.448E-03, -8.813E-02         F               0         Tower X orientation angle, node 6, rad
         50   -5.040E-04,  9.990E-01,  4.472E-02         F               0         Tower Y orientation angle, node 6, rad
         51    8.824E-02, -4.450E-02,  9.951E-01         F               0         Tower Z orientation angle, node 6, rad
         52    9.961E-01,  4.464E-03, -8.850E-02         F               0         Tower X orientation angle, node 7, rad
         53   -4.887E-04,  9.990E-01,  4.490E-02         F               0         Tower Y orientation angle, node 7, rad
         54    8.861E-02, -4.468E-02,  9.951E-01         F               0         Tower Z orientation angle, node 7, rad
         55    9.960E-01,  4.476E-03, -8.875E-02         F               0         Tower X orientation angle, node 8, rad
         56   -4.768E-04,  9.990E-01,  4.503E-02         F               0         Tower Y orientation angle, node 8, rad
         57    8.887E-02, -4.481E-02,  9.950E-01         F               0         Tower Z orientation angle, node 8, rad
         58    9.960E-01,  4.483E-03, -8.892E-02         F               0         Tower X orientation angle, node 9, rad
         59   -4.681E-04,  9.990E-01,  4.513E-02         F               0         Tower Y orientation angle, node 9, rad
         60    8.903E-02, -4.491E-02,  9.950E-01         F               0         Tower Z orientation angle, node 9, rad
         61    9.960E-01,  4.488E-03, -8.901E-02         F               0         Tower X orientation angle, node 10, rad
         62   -4.624E-04,  9.990E-01,  4.519E-02         F               0         Tower Y orientation angle, node 10, rad
         63    8.912E-02, -4.497E-02,  9.950E-01         F               0         Tower Z orientation angle, node 10, rad
         64    9.960E-01,  4.489E-03, -8.905E-02         F               0         Tower X orientation angle, node 11, rad
         65   -4.593E-04,  9.990E-01,  4.523E-02         F               0         Tower Y orientation angle, node 11, rad
         66    8.916E-02, -4.501E-02,  9.950E-01         F               0         Tower Z orientation angle, node 11, rad
         67   -4.774E-03                                 F               0         Tower X translation velocity, node 1, m/s
         68    1.380E-03                                 F               0         Tower Y translation velocity, node 1, m/s
         69    3.598E-03                                 F               0         Tower Z translation velocity, node 1, m/s
         70   -4.719E-03                                 F               0         Tower X translation velocity, node 2, m/s
         71    1.582E-03                                 F               0         Tower Y translation velocity, node 2, m/s
         72    3.602E-03                                 F               0         Tower Z translation velocity, node 2, m/s
         73   -4.654E-03                                 F               0         Tower X translation velocity, node 3, m/s
         74    1.786E-03                                 F               0         Tower Y translation velocity, node 3, m/s
         75    3.606E-03                                 F               0         Tower Z translation velocity, node 3, m/s
         76   -4.580E-03                                 F               0         Tower X translation velocity, node 4, m/s
         77    1.990E-03                                 F               0         Tower Y translation velocity, node 4, m/s
         78    3.608E-03                                 F               0         Tower Z translation velocity, node 4, m/s
         79   -4.497E-03                                 F               0         Tower X translation velocity, node 5, m/s
         80    2.194E-03                                 F               0         Tower Y translation velocity, node 5, m/s
         81    3.610E-03                                 F               0         Tower Z translation velocity, node 5, m/s
         82   -4.403E-03                                 F               0         Tower X translation velocity, node 6, m/s
         83    2.398E-03                                 F               0         Tower Y translation velocity, node 6, m/s
         84    3.611E-03                                 F               0         Tower Z translation velocity, node 6, m/s
         85   -4.302E-03                                 F               0         Tower X translation velocity, node 7, m/s
         86    2.603E-03                                 F               0         Tower Y translation velocity, node 7, m/s
         87    3.611E-03                                 F               0         Tower Z translation velocity, node 7, m/s
         88   -4.192E-03                                 F               0         Tower X translation velocity, node 8, m/s
         89    2.807E-03                                 F               0         Tower Y translation velocity, node 8, m/s
         90    3.610E-03                                 F               0         Tower Z translation velocity, node 8, m/s
         91   -4.075E-03                                 F               0         Tower X translation velocity, node 9, m/s
         92    3.012E-03                                 F               0         Tower Y translation velocity, node 9, m/s
         93    3.609E-03                                 F               0         Tower Z translation velocity, node 9, m/s
         94   -3.952E-03                                 F               0         Tower X translation velocity, node 10, m/s
         95    3.217E-03                                 F               0         Tower Y translation velocity, node 10, m/s
         96    3.607E-03                                 F               0         Tower Z translation velocity, node 10, m/s
         97   -3.826E-03                                 F               0         Tower X translation velocity, node 11, m/s
         98    3.421E-03                                 F               0         Tower Y translation velocity, node 11, m/s
         99    3.605E-03                                 F               0         Tower Z translation velocity, node 11, m/s
        100    1.887E+01                                 F               0         Hub X translation displacement, node 1, m
        101   -7.116E+00                                 F               0         Hub Y translation displacement, node 1, m
        102    1.616E-01                                 F               0         Hub Z translation displacement, node 1, m
        103    9.812E-01,  9.169E-03, -1.926E-01         F               0         Hub X orientation angle, node 1, rad
        104   -8.618E-02,  9.144E-01, -3.956E-01         F               0         Hub Y orientation angle, node 1, rad
        105    1.724E-01,  4.048E-01,  8.980E-01         F               0         Hub Z orientation angle, node 1, rad
        106    6.942E-01                                 F               0         Hub X rotation velocity, node 1, rad/s
        107    6.497E-03                                 F               0         Hub Y rotation velocity, node 1, rad/s
        108   -1.362E-01                                 F               0         Hub Z rotation velocity, node 1, rad/s
        109    9.834E-01, -1.796E-02, -1.807E-01         F               0         Blade root 1 X orientation angle, node 1, rad
        110   -5.703E-02,  9.142E-01, -4.011E-01         F               0         Blade root 1 Y orientation angle, node 1, rad
        111    1.724E-01,  4.048E-01,  8.980E-01         F               0         Blade root 1 Z orientation angle, node 1, rad
        112    9.751E-01,  1.233E-02, -2.214E-01         F               0         Blade root 2 X orientation angle, node 1, rad
        113    2.215E-01, -1.063E-01,  9.694E-01         F               0         Blade root 2 Y orientation angle, node 1, rad
        114   -1.159E-02, -9.943E-01, -1.064E-01         F               0         Blade root 2 Z orientation angle, node 1, rad
        115    9.840E-01,  3.313E-02, -1.753E-01         F               0         Blade root 3 X orientation angle, node 1, rad
        116   -7.710E-02, -8.071E-01, -5.854E-01         F               0         Blade root 3 Y orientation angle, node 1, rad
        117   -1.609E-01,  5.895E-01, -7.916E-01         F               0         Blade root 3 Z orientation angle, node 1, rad
        118    1.924E+01                                 F               0         Blade 1 X translation displacement, node 1, m
        119   -4.874E+00                                 F               0         Blade 1 Y translation displacement, node 1, m
        120   -3.730E-01                                 F               0         Blade 1 Z translation displacement, node 1, m
        121    1.934E+01                                 F               0         Blade 1 X translation displacement, node 2, m
        122   -4.333E+00                                 F               0         Blade 1 Y translation displacement, node 2, m
        123   -5.019E-01                                 F               0         Blade 1 Z translation displacement, node 2, m
        124    2.057E+01                                 F               0         Blade 1 X translation displacement, node 3, m
        125    3.014E+00                                 F               0         Blade 1 Y translation displacement, node 3, m
        126   -2.254E+00                                 F               0         Blade 1 Z translation displacement, node 3, m
        127    2.083E+01                                 F               0         Blade 1 X translation displacement, node 4, m
        128    4.580E+00                                 F               0         Blade 1 Y translation displacement, node 4, m
        129   -2.627E+00                                 F               0         Blade 1 Z translation displacement, node 4, m
        130    2.109E+01                                 F               0         Blade 1 X translation displacement, node 5, m
        131    6.145E+00                                 F               0         Blade 1 Y translation displacement, node 5, m
        132   -3.000E+00                                 F               0         Blade 1 Z translation displacement, node 5, m
        133    2.136E+01                                 F               0         Blade 1 X translation displacement, node 6, m
        134    7.711E+00                                 F               0         Blade 1 Y translation displacement, node 6, m
        135   -3.374E+00                                 F               0         Blade 1 Z translation displacement, node 6, m
        136    2.162E+01                                 F               0         Blade 1 X translation displacement, node 7, m
        137    9.276E+00                                 F               0         Blade 1 Y translation displacement, node 7, m
        138   -3.747E+00                                 F               0         Blade 1 Z translation displacement, node 7, m
        139    2.188E+01                                 F               0         Blade 1 X translation displacement, node 8, m
        140    1.084E+01                                 F               0         Blade 1 Y translation displacement, node 8, m
        141   -4.120E+00                                 F               0         Blade 1 Z translation displacement, node 8, m
        142    2.214E+01                                 F               0         Blade 1 X translation displacement, node 9, m
        143    1.241E+01                                 F               0         Blade 1 Y translation displacement, node 9, m
        144   -4.493E+00                                 F               0         Blade 1 Z translation displacement, node 9, m
        145    2.241E+01                                 F               0         Blade 1 X translation displacement, node 10, m
        146    1.397E+01                                 F               0         Blade 1 Y translation displacement, node 10, m
        147   -4.867E+00                                 F               0         Blade 1 Z translation displacement, node 10, m
        148    2.267E+01                                 F               0         Blade 1 X translation displacement, node 11, m
        149    1.554E+01                                 F               0         Blade 1 Y translation displacement, node 11, m
        150   -5.240E+00                                 F               0         Blade 1 Z translation displacement, node 11, m
        151    2.293E+01                                 F               0         Blade 1 X translation displacement, node 12, m
        152    1.710E+01                                 F               0         Blade 1 Y translation displacement, node 12, m
        153   -5.613E+00                                 F               0         Blade 1 Z translation displacement, node 12, m
        154    2.320E+01                                 F               0         Blade 1 X translation displacement, node 13, m
        155    1.867E+01                                 F               0         Blade 1 Y translation displacement, node 13, m
        156   -5.986E+00                                 F               0         Blade 1 Z translation displacement, node 13, m
        157    2.346E+01                                 F               0         Blade 1 X translation displacement, node 14, m
        158    2.023E+01                                 F               0         Blade 1 Y translation displacement, node 14, m
        159   -6.360E+00                                 F               0         Blade 1 Z translation displacement, node 14, m
        160    2.372E+01                                 F               0         Blade 1 X translation displacement, node 15, m
        161    2.180E+01                                 F               0         Blade 1 Y translation displacement, node 15, m
        162   -6.733E+00                                 F               0         Blade 1 Z translation displacement, node 15, m
        163    2.398E+01                                 F               0         Blade 1 X translation displacement, node 16, m
        164    2.337E+01                                 F               0         Blade 1 Y translation displacement, node 16, m
        165   -7.106E+00                                 F               0         Blade 1 Z translation displacement, node 16, m
        166    2.425E+01                                 F               0         Blade 1 X translation displacement, node 17, m
        167    2.493E+01                                 F               0         Blade 1 Y translation displacement, node 17, m
        168   -7.479E+00                                 F               0         Blade 1 Z translation displacement, node 17, m
        169    2.451E+01                                 F               0         Blade 1 X translation displacement, node 18, m
        170    2.650E+01                                 F               0         Blade 1 Y translation displacement, node 18, m
        171   -7.853E+00                                 F               0         Blade 1 Z translation displacement, node 18, m
        172    2.477E+01                                 F               0         Blade 1 X translation displacement, node 19, m
        173    2.806E+01                                 F               0         Blade 1 Y translation displacement, node 19, m
        174   -8.226E+00                                 F               0         Blade 1 Z translation displacement, node 19, m
        175    2.503E+01                                 F               0         Blade 1 X translation displacement, node 20, m
        176    2.963E+01                                 F               0         Blade 1 Y translation displacement, node 20, m
        177   -8.599E+00                                 F               0         Blade 1 Z translation displacement, node 20, m
        178    2.530E+01                                 F               0         Blade 1 X translation displacement, node 21, m
        179    3.119E+01                                 F               0         Blade 1 Y translation displacement, node 21, m
        180   -8.972E+00                                 F               0         Blade 1 Z translation displacement, node 21, m
        181    2.556E+01                                 F               0         Blade 1 X translation displacement, node 22, m
        182    3.276E+01                                 F               0         Blade 1 Y translation displacement, node 22, m
        183   -9.346E+00                                 F               0         Blade 1 Z translation displacement, node 22, m
        184    2.582E+01                                 F               0         Blade 1 X translation displacement, node 23, m
        185    3.432E+01                                 F               0         Blade 1 Y translation displacement, node 23, m
        186   -9.719E+00                                 F               0         Blade 1 Z translation displacement, node 23, m
        187    2.609E+01                                 F               0         Blade 1 X translation displacement, node 24, m
        188    3.589E+01                                 F               0         Blade 1 Y translation displacement, node 24, m
        189   -1.009E+01                                 F               0         Blade 1 Z translation displacement, node 24, m
        190    2.635E+01                                 F               0         Blade 1 X translation displacement, node 25, m
        191    3.746E+01                                 F               0         Blade 1 Y translation displacement, node 25, m
        192   -1.047E+01                                 F               0         Blade 1 Z translation displacement, node 25, m
        193    2.661E+01                                 F               0         Blade 1 X translation displacement, node 26, m
        194    3.902E+01                                 F               0         Blade 1 Y translation displacement, node 26, m
        195   -1.084E+01                                 F               0         Blade 1 Z translation displacement, node 26, m
        196    2.687E+01                                 F               0         Blade 1 X translation displacement, node 27, m
        197    4.059E+01                                 F               0         Blade 1 Y translation displacement, node 27, m
        198   -1.121E+01                                 F               0         Blade 1 Z translation displacement, node 27, m
        199    2.710E+01                                 F               0         Blade 1 X translation displacement, node 28, m
        200    4.191E+01                                 F               0         Blade 1 Y translation displacement, node 28, m
        201   -1.153E+01                                 F               0         Blade 1 Z translation displacement, node 28, m
        202    9.012E-01, -4.329E-01,  2.206E-02         F               0         Blade 1 X orientation angle, node 1, rad
        203    3.977E-01,  8.055E-01, -4.394E-01         F               0         Blade 1 Y orientation angle, node 1, rad
        204    1.724E-01,  4.048E-01,  8.980E-01         F               0         Blade 1 Z orientation angle, node 1, rad
        205    9.012E-01, -4.329E-01,  2.206E-02         F               0         Blade 1 X orientation angle, node 2, rad
        206    3.977E-01,  8.055E-01, -4.394E-01         F               0         Blade 1 Y orientation angle, node 2, rad
        207    1.724E-01,  4.048E-01,  8.980E-01         F               0         Blade 1 Z orientation angle, node 2, rad
        208    9.698E-01, -2.297E-01, -8.271E-02         F               0         Blade 1 X orientation angle, node 3, rad
        209    1.728E-01,  8.851E-01, -4.321E-01         F               0         Blade 1 Y orientation angle, node 3, rad
        210    1.724E-01,  4.048E-01,  8.980E-01         F               0         Blade 1 Z orientation angle, node 3, rad
        211    9.762E-01, -1.921E-01, -1.009E-01         F               0         Blade 1 X orientation angle, node 4, rad
        212    1.317E-01,  8.940E-01, -4.282E-01         F               0         Blade 1 Y orientation angle, node 4, rad
        213    1.724E-01,  4.048E-01,  8.980E-01         F               0         Blade 1 Z orientation angle, node 4, rad
        214    9.800E-01, -1.623E-01, -1.150E-01         F               0         Blade 1 X orientation angle, node 5, rad
        215    9.922E-02,  8.999E-01, -4.247E-01         F               0         Blade 1 Y orientation angle, node 5, rad
        216    1.724E-01,  4.048E-01,  8.980E-01         F               0         Blade 1 Z orientation angle, node 5, rad
        217    9.823E-01, -1.384E-01, -1.263E-01         F               0         Blade 1 X orientation angle, node 6, rad
        218    7.319E-02,  9.039E-01, -4.215E-01         F               0         Blade 1 Y orientation angle, node 6, rad
        219    1.724E-01,  4.048E-01,  8.980E-01         F               0         Blade 1 Z orientation angle, node 6, rad
        220    9.837E-01, -1.187E-01, -1.354E-01         F               0         Blade 1 X orientation angle, node 7, rad
        221    5.174E-02,  9.067E-01, -4.186E-01         F               0         Blade 1 Y orientation angle, node 7, rad
        222    1.724E-01,  4.048E-01,  8.980E-01         F               0         Blade 1 Z orientation angle, node 7, rad
        223    9.844E-01, -1.022E-01, -1.430E-01         F               0         Blade 1 X orientation angle, node 8, rad
        224    3.388E-02,  9.087E-01, -4.161E-01         F               0         Blade 1 Y orientation angle, node 8, rad
        225    1.724E-01,  4.048E-01,  8.980E-01         F               0         Blade 1 Z orientation angle, node 8, rad
        226    9.848E-01, -8.821E-02, -1.494E-01         F               0         Blade 1 X orientation angle, node 9, rad
        227    1.875E-02,  9.102E-01, -4.138E-01         F               0         Blade 1 Y orientation angle, node 9, rad
        228    1.724E-01,  4.048E-01,  8.980E-01         F               0         Blade 1 Z orientation angle, node 9, rad
        229    9.850E-01, -7.613E-02, -1.548E-01         F               0         Blade 1 X orientation angle, node 10, rad
        230    5.689E-03,  9.112E-01, -4.118E-01         F               0         Blade 1 Y orientation angle, node 10, rad
        231    1.724E-01,  4.048E-01,  8.980E-01         F               0         Blade 1 Z orientation angle, node 10, rad
        232    9.850E-01, -6.578E-02, -1.595E-01         F               0         Blade 1 X orientation angle, node 11, rad
        233   -5.486E-03,  9.121E-01, -4.100E-01         F               0         Blade 1 Y orientation angle, node 11, rad
        234    1.724E-01,  4.048E-01,  8.980E-01         F               0         Blade 1 Z orientation angle, node 11, rad
        235    9.849E-01, -5.671E-02, -1.636E-01         F               0         Blade 1 X orientation angle, node 12, rad
        236   -1.528E-02,  9.127E-01, -4.084E-01         F               0         Blade 1 Y orientation angle, node 12, rad
        237    1.724E-01,  4.048E-01,  8.980E-01         F               0         Blade 1 Z orientation angle, node 12, rad
        238    9.847E-01, -4.874E-02, -1.671E-01         F               0         Blade 1 X orientation angle, node 13, rad
        239   -2.388E-02,  9.131E-01, -4.070E-01         F               0         Blade 1 Y orientation angle, node 13, rad
        240    1.724E-01,  4.048E-01,  8.980E-01         F               0         Blade 1 Z orientation angle, node 13, rad
        241    9.845E-01, -4.157E-02, -1.703E-01         F               0         Blade 1 X orientation angle, node 14, rad
        242   -3.161E-02,  9.135E-01, -4.057E-01         F               0         Blade 1 Y orientation angle, node 14, rad
        243    1.724E-01,  4.048E-01,  8.980E-01         F               0         Blade 1 Z orientation angle, node 14, rad
        244    9.843E-01, -3.519E-02, -1.732E-01         F               0         Blade 1 X orientation angle, node 15, rad
        245   -3.848E-02,  9.137E-01, -4.045E-01         F               0         Blade 1 Y orientation angle, node 15, rad
        246    1.724E-01,  4.048E-01,  8.980E-01         F               0         Blade 1 Z orientation angle, node 15, rad
        247    9.840E-01, -2.945E-02, -1.757E-01         F               0         Blade 1 X orientation angle, node 16, rad
        248   -4.467E-02,  9.139E-01, -4.034E-01         F               0         Blade 1 Y orientation angle, node 16, rad
        249    1.724E-01,  4.048E-01,  8.980E-01         F               0         Blade 1 Z orientation angle, node 16, rad
        250    9.837E-01, -2.434E-02, -1.779E-01         F               0         Blade 1 X orientation angle, node 17, rad
        251   -5.016E-02,  9.141E-01, -4.024E-01         F               0         Blade 1 Y orientation angle, node 17, rad
        252    1.724E-01,  4.048E-01,  8.980E-01         F               0         Blade 1 Z orientation angle, node 17, rad
        253    9.835E-01, -1.956E-02, -1.800E-01         F               0         Blade 1 X orientation angle, node 18, rad
        254   -5.531E-02,  9.142E-01, -4.014E-01         F               0         Blade 1 Y orientation angle, node 18, rad
        255    1.724E-01,  4.048E-01,  8.980E-01         F               0         Blade 1 Z orientation angle, node 18, rad
        256    9.832E-01, -1.525E-02, -1.819E-01         F               0         Blade 1 X orientation angle, node 19, rad
        257   -5.995E-02,  9.143E-01, -4.006E-01         F               0         Blade 1 Y orientation angle, node 19, rad
        258    1.724E-01,  4.048E-01,  8.980E-01         F               0         Blade 1 Z orientation angle, node 19, rad
        259    9.829E-01, -1.142E-02, -1.836E-01         F               0         Blade 1 X orientation angle, node 20, rad
        260   -6.406E-02,  9.144E-01, -3.998E-01         F               0         Blade 1 Y orientation angle, node 20, rad
        261    1.724E-01,  4.048E-01,  8.980E-01         F               0         Blade 1 Z orientation angle, node 20, rad
        262    9.827E-01, -7.748E-03, -1.852E-01         F               0         Blade 1 X orientation angle, node 21, rad
        263   -6.801E-02,  9.144E-01, -3.991E-01         F               0         Blade 1 Y orientation angle, node 21, rad
        264    1.724E-01,  4.048E-01,  8.980E-01         F               0         Blade 1 Z orientation angle, node 21, rad
        265    9.824E-01, -4.396E-03, -1.867E-01         F               0         Blade 1 X orientation angle, node 22, rad
        266   -7.161E-02,  9.144E-01, -3.984E-01         F               0         Blade 1 Y orientation angle, node 22, rad
        267    1.724E-01,  4.048E-01,  8.980E-01         F               0         Blade 1 Z orientation angle, node 22, rad
        268    9.822E-01, -1.364E-03, -1.880E-01         F               0         Blade 1 X orientation angle, node 23, rad
        269   -7.487E-02,  9.144E-01, -3.978E-01         F               0         Blade 1 Y orientation angle, node 23, rad
        270    1.724E-01,  4.048E-01,  8.980E-01         F               0         Blade 1 Z orientation angle, node 23, rad
        271    9.819E-01,  1.509E-03, -1.892E-01         F               0         Blade 1 X orientation angle, node 24, rad
        272   -7.795E-02,  9.144E-01, -3.972E-01         F               0         Blade 1 Y orientation angle, node 24, rad
        273    1.724E-01,  4.048E-01,  8.980E-01         F               0         Blade 1 Z orientation angle, node 24, rad
        274    9.817E-01,  4.222E-03, -1.904E-01         F               0         Blade 1 X orientation angle, node 25, rad
        275   -8.087E-02,  9.144E-01, -3.966E-01         F               0         Blade 1 Y orientation angle, node 25, rad
        276    1.724E-01,  4.048E-01,  8.980E-01         F               0         Blade 1 Z orientation angle, node 25, rad
        277    9.815E-01,  6.616E-03, -1.915E-01         F               0         Blade 1 X orientation angle, node 26, rad
        278   -8.344E-02,  9.144E-01, -3.961E-01         F               0         Blade 1 Y orientation angle, node 26, rad
        279    1.724E-01,  4.048E-01,  8.980E-01         F               0         Blade 1 Z orientation angle, node 26, rad
        280    9.813E-01,  9.010E-03, -1.925E-01         F               0         Blade 1 X orientation angle, node 27, rad
        281   -8.601E-02,  9.144E-01, -3.956E-01         F               0         Blade 1 Y orientation angle, node 27, rad
        282    1.724E-01,  4.048E-01,  8.980E-01         F               0         Blade 1 Z orientation angle, node 27, rad
        283    9.811E-01,  1.029E-02, -1.930E-01         F               0         Blade 1 X orientation angle, node 28, rad
        284   -8.738E-02,  9.144E-01, -3.954E-01         F               0         Blade 1 Y orientation angle, node 28, rad
        285    1.724E-01,  4.048E-01,  8.980E-01         F               0         Blade 1 Z orientation angle, node 28, rad
        286    3.341E-01                                 F               0         Blade 1 X translation velocity, node 1, m/s
        287   -3.580E+00                                 F               0         Blade 1 Y translation velocity, node 1, m/s
        288    1.554E+00                                 F               0         Blade 1 Z translation velocity, node 1, m/s
        289    4.155E-01                                 F               0         Blade 1 X translation velocity, node 2, m/s
        290   -4.444E+00                                 F               0         Blade 1 Y translation velocity, node 2, m/s
        291    1.928E+00                                 F               0         Blade 1 Z translation velocity, node 2, m/s
        292    1.522E+00                                 F               0         Blade 1 X translation velocity, node 3, m/s
        293   -1.619E+01                                 F               0         Blade 1 Y translation velocity, node 3, m/s
        294    7.008E+00                                 F               0         Blade 1 Z translation velocity, node 3, m/s
        295    1.758E+00                                 F               0         Blade 1 X translation velocity, node 4, m/s
        296   -1.869E+01                                 F               0         Blade 1 Y translation velocity, node 4, m/s
        297    8.090E+00                                 F               0         Blade 1 Z translation velocity, node 4, m/s
        298    1.994E+00                                 F               0         Blade 1 X translation velocity, node 5, m/s
        299   -2.119E+01                                 F               0         Blade 1 Y translation velocity, node 5, m/s
        300    9.173E+00                                 F               0         Blade 1 Z translation velocity, node 5, m/s
        301    2.230E+00                                 F               0         Blade 1 X translation velocity, node 6, m/s
        302   -2.369E+01                                 F               0         Blade 1 Y translation velocity, node 6, m/s
        303    1.025E+01                                 F               0         Blade 1 Z translation velocity, node 6, m/s
        304    2.466E+00                                 F               0         Blade 1 X translation velocity, node 7, m/s
        305   -2.619E+01                                 F               0         Blade 1 Y translation velocity, node 7, m/s
        306    1.134E+01                                 F               0         Blade 1 Z translation velocity, node 7, m/s
        307    2.702E+00                                 F               0         Blade 1 X translation velocity, node 8, m/s
