
Linearized model: Predictions were generated on 11-Jan-2024 at 12:32:35 using OpenFAST, compiled as a 64-bit application using single precision at commit v3.5.1
 linked with  NWTC Subroutine Library; ElastoDyn; InflowWind; AeroDyn; ServoDyn; HydroDyn; MoorDyn (v2.0.0, 2023-09-18)

Description from the FAST input file: CCT-9 Campign 4 model. Input files to be run with OpenFAST 3.5.0. GitHub branch from Lu Wang (https://github.com/luwang00/openfast/tree/dev) compiled on March 7, 2023.

Simulation information:
   Simulation time:                   508.6500 s
   Rotor Speed:                         0.7076 rad/s
   Azimuth:                             3.3764 rad
   Wind Speed:                          8.0000 m/s
   Number of continuous states:         0
   Number of discrete states:           0
   Number of constraint states:         0
   Number of inputs:                 1746
   Number of outputs:                   4
   Jacobians included in this file?    No

Order of inputs:
     Column   Operating Point                     Rotating Frame? Derivative Order Description
   ---------- ---------------                     --------------- ---------------- -----------
          1    7.268E+00                                 F               0         Tower X translation displacement, node 1, m
          2   -1.239E+00                                 F               0         Tower Y translation displacement, node 1, m
          3   -1.425E-01                                 F               0         Tower Z translation displacement, node 1, m
          4    8.312E+00                                 F               0         Tower X translation displacement, node 2, m
          5   -1.776E+00                                 F               0         Tower Y translation displacement, node 2, m
          6   -1.984E-01                                 F               0         Tower Z translation displacement, node 2, m
          7    9.371E+00                                 F               0         Tower X translation displacement, node 3, m
          8   -2.317E+00                                 F               0         Tower Y translation displacement, node 3, m
          9   -2.558E-01                                 F               0         Tower Z translation displacement, node 3, m
         10    1.044E+01                                 F               0         Tower X translation displacement, node 4, m
         11   -2.863E+00                                 F               0         Tower Y translation displacement, node 4, m
         12   -3.145E-01                                 F               0         Tower Z translation displacement, node 4, m
         13    1.152E+01                                 F               0         Tower X translation displacement, node 5, m
         14   -3.412E+00                                 F               0         Tower Y translation displacement, node 5, m
         15   -3.741E-01                                 F               0         Tower Z translation displacement, node 5, m
         16    1.261E+01                                 F               0         Tower X translation displacement, node 6, m
         17   -3.964E+00                                 F               0         Tower Y translation displacement, node 6, m
         18   -4.345E-01                                 F               0         Tower Z translation displacement, node 6, m
         19    1.370E+01                                 F               0         Tower X translation displacement, node 7, m
         20   -4.518E+00                                 F               0         Tower Y translation displacement, node 7, m
         21   -4.954E-01                                 F               0         Tower Z translation displacement, node 7, m
         22    1.480E+01                                 F               0         Tower X translation displacement, node 8, m
         23   -5.075E+00                                 F               0         Tower Y translation displacement, node 8, m
         24   -5.568E-01                                 F               0         Tower Z translation displacement, node 8, m
         25    1.590E+01                                 F               0         Tower X translation displacement, node 9, m
         26   -5.632E+00                                 F               0         Tower Y translation displacement, node 9, m
         27   -6.185E-01                                 F               0         Tower Z translation displacement, node 9, m
         28    1.700E+01                                 F               0         Tower X translation displacement, node 10, m
         29   -6.191E+00                                 F               0         Tower Y translation displacement, node 10, m
         30   -6.804E-01                                 F               0         Tower Z translation displacement, node 10, m
         31    1.810E+01                                 F               0         Tower X translation displacement, node 11, m
         32   -6.751E+00                                 F               0         Tower Y translation displacement, node 11, m
         33   -7.424E-01                                 F               0         Tower Z translation displacement, node 11, m
         34    9.965E-01,  4.199E-03, -8.387E-02         F               0         Tower X orientation angle, node 1, rad
         35   -5.524E-04,  9.991E-01,  4.346E-02         F               0         Tower Y orientation angle, node 1, rad
         36    8.397E-02, -4.326E-02,  9.955E-01         F               0         Tower Z orientation angle, node 1, rad
         37    9.964E-01,  4.252E-03, -8.508E-02         F               0         Tower X orientation angle, node 2, rad
         38   -5.192E-04,  9.990E-01,  4.385E-02         F               0         Tower Y orientation angle, node 2, rad
         39    8.518E-02, -4.365E-02,  9.954E-01         F               0         Tower Z orientation angle, node 2, rad
         40    9.963E-01,  4.298E-03, -8.612E-02         F               0         Tower X orientation angle, node 3, rad
         41   -4.889E-04,  9.990E-01,  4.420E-02         F               0         Tower Y orientation angle, node 3, rad
         42    8.622E-02, -4.400E-02,  9.953E-01         F               0         Tower Z orientation angle, node 3, rad
         43    9.962E-01,  4.336E-03, -8.697E-02         F               0         Tower X orientation angle, node 4, rad
         44   -4.622E-04,  9.990E-01,  4.451E-02         F               0         Tower Y orientation angle, node 4, rad
         45    8.708E-02, -4.430E-02,  9.952E-01         F               0         Tower Z orientation angle, node 4, rad
         46    9.961E-01,  4.367E-03, -8.766E-02         F               0         Tower X orientation angle, node 5, rad
         47   -4.391E-04,  9.990E-01,  4.477E-02         F               0         Tower Y orientation angle, node 5, rad
         48    8.777E-02, -4.456E-02,  9.951E-01         F               0         Tower Z orientation angle, node 5, rad
         49    9.961E-01,  4.390E-03, -8.818E-02         F               0         Tower X orientation angle, node 6, rad
         50   -4.197E-04,  9.990E-01,  4.499E-02         F               0         Tower Y orientation angle, node 6, rad
         51    8.829E-02, -4.478E-02,  9.951E-01         F               0         Tower Z orientation angle, node 6, rad
         52    9.961E-01,  4.407E-03, -8.855E-02         F               0         Tower X orientation angle, node 7, rad
         53   -4.041E-04,  9.990E-01,  4.517E-02         F               0         Tower Y orientation angle, node 7, rad
         54    8.866E-02, -4.496E-02,  9.950E-01         F               0         Tower Z orientation angle, node 7, rad
         55    9.960E-01,  4.419E-03, -8.881E-02         F               0         Tower X orientation angle, node 8, rad
         56   -3.920E-04,  9.990E-01,  4.531E-02         F               0         Tower Y orientation angle, node 8, rad
         57    8.892E-02, -4.509E-02,  9.950E-01         F               0         Tower Z orientation angle, node 8, rad
         58    9.960E-01,  4.426E-03, -8.897E-02         F               0         Tower X orientation angle, node 9, rad
         59   -3.831E-04,  9.990E-01,  4.541E-02         F               0         Tower Y orientation angle, node 9, rad
         60    8.908E-02, -4.519E-02,  9.950E-01         F               0         Tower Z orientation angle, node 9, rad
         61    9.960E-01,  4.430E-03, -8.906E-02         F               0         Tower X orientation angle, node 10, rad
         62   -3.773E-04,  9.990E-01,  4.547E-02         F               0         Tower Y orientation angle, node 10, rad
         63    8.917E-02, -4.526E-02,  9.950E-01         F               0         Tower Z orientation angle, node 10, rad
         64    9.960E-01,  4.432E-03, -8.910E-02         F               0         Tower X orientation angle, node 11, rad
         65   -3.741E-04,  9.990E-01,  4.551E-02         F               0         Tower Y orientation angle, node 11, rad
         66    8.921E-02, -4.529E-02,  9.950E-01         F               0         Tower Z orientation angle, node 11, rad
         67   -5.446E-03                                 F               0         Tower X translation velocity, node 1, m/s
         68   -3.562E-03                                 F               0         Tower Y translation velocity, node 1, m/s
         69    1.897E-03                                 F               0         Tower Z translation velocity, node 1, m/s
         70   -5.382E-03                                 F               0         Tower X translation velocity, node 2, m/s
         71   -5.276E-03                                 F               0         Tower Y translation velocity, node 2, m/s
         72    1.817E-03                                 F               0         Tower Z translation velocity, node 2, m/s
         73   -5.305E-03                                 F               0         Tower X translation velocity, node 3, m/s
         74   -7.010E-03                                 F               0         Tower Y translation velocity, node 3, m/s
         75    1.734E-03                                 F               0         Tower Z translation velocity, node 3, m/s
         76   -5.217E-03                                 F               0         Tower X translation velocity, node 4, m/s
         77   -8.760E-03                                 F               0         Tower Y translation velocity, node 4, m/s
         78    1.648E-03                                 F               0         Tower Z translation velocity, node 4, m/s
         79   -5.119E-03                                 F               0         Tower X translation velocity, node 5, m/s
         80   -1.052E-02                                 F               0         Tower Y translation velocity, node 5, m/s
         81    1.561E-03                                 F               0         Tower Z translation velocity, node 5, m/s
         82   -5.012E-03                                 F               0         Tower X translation velocity, node 6, m/s
         83   -1.229E-02                                 F               0         Tower Y translation velocity, node 6, m/s
         84    1.472E-03                                 F               0         Tower Z translation velocity, node 6, m/s
         85   -4.897E-03                                 F               0         Tower X translation velocity, node 7, m/s
         86   -1.408E-02                                 F               0         Tower Y translation velocity, node 7, m/s
         87    1.381E-03                                 F               0         Tower Z translation velocity, node 7, m/s
         88   -4.776E-03                                 F               0         Tower X translation velocity, node 8, m/s
         89   -1.586E-02                                 F               0         Tower Y translation velocity, node 8, m/s
         90    1.290E-03                                 F               0         Tower Z translation velocity, node 8, m/s
         91   -4.648E-03                                 F               0         Tower X translation velocity, node 9, m/s
         92   -1.766E-02                                 F               0         Tower Y translation velocity, node 9, m/s
         93    1.197E-03                                 F               0         Tower Z translation velocity, node 9, m/s
         94   -4.516E-03                                 F               0         Tower X translation velocity, node 10, m/s
         95   -1.945E-02                                 F               0         Tower Y translation velocity, node 10, m/s
         96    1.103E-03                                 F               0         Tower Z translation velocity, node 10, m/s
         97   -4.382E-03                                 F               0         Tower X translation velocity, node 11, m/s
         98   -2.125E-02                                 F               0         Tower Y translation velocity, node 11, m/s
         99    1.010E-03                                 F               0         Tower Z translation velocity, node 11, m/s
        100    1.885E+01                                 F               0         Hub X translation displacement, node 1, m
        101   -7.154E+00                                 F               0         Hub Y translation displacement, node 1, m
        102    1.806E-01                                 F               0         Hub Z translation displacement, node 1, m
        103    9.812E-01,  9.142E-03, -1.926E-01         F               0         Hub X orientation angle, node 1, rad
        104   -4.451E-02, -9.612E-01, -2.724E-01         F               0         Hub Y orientation angle, node 1, rad
        105   -1.876E-01,  2.758E-01, -9.427E-01         F               0         Hub Z orientation angle, node 1, rad
        106    6.945E-01                                 F               0         Hub X rotation velocity, node 1, rad/s
        107    6.481E-03                                 F               0         Hub Y rotation velocity, node 1, rad/s
        108   -1.363E-01                                 F               0         Hub Z rotation velocity, node 1, rad/s
        109    9.821E-01,  3.765E-02, -1.845E-01         F               0         Blade root 1 X orientation angle, node 1, rad
        110   -1.538E-02, -9.605E-01, -2.780E-01         F               0         Blade root 1 Y orientation angle, node 1, rad
        111   -1.876E-01,  2.758E-01, -9.427E-01         F               0         Blade root 1 Z orientation angle, node 1, rad
        112    9.850E-01, -1.220E-02, -1.724E-01         F               0         Blade root 2 X orientation angle, node 1, rad
        113   -1.111E-01,  7.194E-01, -6.857E-01         F               0         Blade root 2 Y orientation angle, node 1, rad
        114    1.324E-01,  6.945E-01,  7.072E-01         F               0         Blade root 2 Z orientation angle, node 1, rad
        115    9.753E-01,  1.968E-03, -2.208E-01         F               0         Blade root 3 X orientation angle, node 1, rad
        116    2.138E-01,  2.419E-01,  9.465E-01         F               0         Blade root 3 Y orientation angle, node 1, rad
        117    5.527E-02, -9.703E-01,  2.355E-01         F               0         Blade root 3 Z orientation angle, node 1, rad
        118    1.723E+01                                 F               0         Blade 1 X translation displacement, node 1, m
        119   -5.626E+00                                 F               0         Blade 1 Y translation displacement, node 1, m
        120   -1.055E+01                                 F               0         Blade 1 Z translation displacement, node 1, m
        121    1.684E+01                                 F               0         Blade 1 X translation displacement, node 2, m
        122   -5.258E+00                                 F               0         Blade 1 Y translation displacement, node 2, m
        123   -1.314E+01                                 F               0         Blade 1 Z translation displacement, node 2, m
        124    1.154E+01                                 F               0         Blade 1 X translation displacement, node 3, m
        125   -2.512E-01                                 F               0         Blade 1 Y translation displacement, node 3, m
        126   -4.830E+01                                 F               0         Blade 1 Z translation displacement, node 3, m
        127    1.041E+01                                 F               0         Blade 1 X translation displacement, node 4, m
        128    8.156E-01                                 F               0         Blade 1 Y translation displacement, node 4, m
        129   -5.580E+01                                 F               0         Blade 1 Z translation displacement, node 4, m
        130    9.276E+00                                 F               0         Blade 1 X translation displacement, node 5, m
        131    1.882E+00                                 F               0         Blade 1 Y translation displacement, node 5, m
        132   -6.329E+01                                 F               0         Blade 1 Z translation displacement, node 5, m
        133    8.147E+00                                 F               0         Blade 1 X translation displacement, node 6, m
        134    2.949E+00                                 F               0         Blade 1 Y translation displacement, node 6, m
        135   -7.078E+01                                 F               0         Blade 1 Z translation displacement, node 6, m
        136    7.017E+00                                 F               0         Blade 1 X translation displacement, node 7, m
        137    4.016E+00                                 F               0         Blade 1 Y translation displacement, node 7, m
        138   -7.827E+01                                 F               0         Blade 1 Z translation displacement, node 7, m
        139    5.886E+00                                 F               0         Blade 1 X translation displacement, node 8, m
        140    5.083E+00                                 F               0         Blade 1 Y translation displacement, node 8, m
        141   -8.577E+01                                 F               0         Blade 1 Z translation displacement, node 8, m
        142    4.757E+00                                 F               0         Blade 1 X translation displacement, node 9, m
        143    6.150E+00                                 F               0         Blade 1 Y translation displacement, node 9, m
        144   -9.326E+01                                 F               0         Blade 1 Z translation displacement, node 9, m
        145    3.627E+00                                 F               0         Blade 1 X translation displacement, node 10, m
        146    7.216E+00                                 F               0         Blade 1 Y translation displacement, node 10, m
        147   -1.008E+02                                 F               0         Blade 1 Z translation displacement, node 10, m
        148    2.497E+00                                 F               0         Blade 1 X translation displacement, node 11, m
        149    8.283E+00                                 F               0         Blade 1 Y translation displacement, node 11, m
        150   -1.082E+02                                 F               0         Blade 1 Z translation displacement, node 11, m
        151    1.367E+00                                 F               0         Blade 1 X translation displacement, node 12, m
        152    9.350E+00                                 F               0         Blade 1 Y translation displacement, node 12, m
        153   -1.157E+02                                 F               0         Blade 1 Z translation displacement, node 12, m
        154    2.367E-01                                 F               0         Blade 1 X translation displacement, node 13, m
        155    1.042E+01                                 F               0         Blade 1 Y translation displacement, node 13, m
        156   -1.232E+02                                 F               0         Blade 1 Z translation displacement, node 13, m
        157   -8.932E-01                                 F               0         Blade 1 X translation displacement, node 14, m
        158    1.148E+01                                 F               0         Blade 1 Y translation displacement, node 14, m
        159   -1.307E+02                                 F               0         Blade 1 Z translation displacement, node 14, m
        160   -2.023E+00                                 F               0         Blade 1 X translation displacement, node 15, m
        161    1.255E+01                                 F               0         Blade 1 Y translation displacement, node 15, m
        162   -1.382E+02                                 F               0         Blade 1 Z translation displacement, node 15, m
        163   -3.153E+00                                 F               0         Blade 1 X translation displacement, node 16, m
        164    1.362E+01                                 F               0         Blade 1 Y translation displacement, node 16, m
        165   -1.457E+02                                 F               0         Blade 1 Z translation displacement, node 16, m
        166   -4.283E+00                                 F               0         Blade 1 X translation displacement, node 17, m
        167    1.468E+01                                 F               0         Blade 1 Y translation displacement, node 17, m
        168   -1.532E+02                                 F               0         Blade 1 Z translation displacement, node 17, m
        169   -5.413E+00                                 F               0         Blade 1 X translation displacement, node 18, m
        170    1.575E+01                                 F               0         Blade 1 Y translation displacement, node 18, m
        171   -1.607E+02                                 F               0         Blade 1 Z translation displacement, node 18, m
        172   -6.543E+00                                 F               0         Blade 1 X translation displacement, node 19, m
        173    1.682E+01                                 F               0         Blade 1 Y translation displacement, node 19, m
        174   -1.682E+02                                 F               0         Blade 1 Z translation displacement, node 19, m
        175   -7.673E+00                                 F               0         Blade 1 X translation displacement, node 20, m
        176    1.788E+01                                 F               0         Blade 1 Y translation displacement, node 20, m
        177   -1.757E+02                                 F               0         Blade 1 Z translation displacement, node 20, m
        178   -8.803E+00                                 F               0         Blade 1 X translation displacement, node 21, m
        179    1.895E+01                                 F               0         Blade 1 Y translation displacement, node 21, m
        180   -1.832E+02                                 F               0         Blade 1 Z translation displacement, node 21, m
        181   -9.933E+00                                 F               0         Blade 1 X translation displacement, node 22, m
        182    2.002E+01                                 F               0         Blade 1 Y translation displacement, node 22, m
        183   -1.907E+02                                 F               0         Blade 1 Z translation displacement, node 22, m
        184   -1.106E+01                                 F               0         Blade 1 X translation displacement, node 23, m
        185    2.108E+01                                 F               0         Blade 1 Y translation displacement, node 23, m
        186   -1.982E+02                                 F               0         Blade 1 Z translation displacement, node 23, m
        187   -1.219E+01                                 F               0         Blade 1 X translation displacement, node 24, m
        188    2.215E+01                                 F               0         Blade 1 Y translation displacement, node 24, m
        189   -2.056E+02                                 F               0         Blade 1 Z translation displacement, node 24, m
        190   -1.332E+01                                 F               0         Blade 1 X translation displacement, node 25, m
        191    2.322E+01                                 F               0         Blade 1 Y translation displacement, node 25, m
        192   -2.131E+02                                 F               0         Blade 1 Z translation displacement, node 25, m
        193   -1.445E+01                                 F               0         Blade 1 X translation displacement, node 26, m
        194    2.429E+01                                 F               0         Blade 1 Y translation displacement, node 26, m
        195   -2.206E+02                                 F               0         Blade 1 Z translation displacement, node 26, m
        196   -1.558E+01                                 F               0         Blade 1 X translation displacement, node 27, m
        197    2.535E+01                                 F               0         Blade 1 Y translation displacement, node 27, m
        198   -2.281E+02                                 F               0         Blade 1 Z translation displacement, node 27, m
        199   -1.654E+01                                 F               0         Blade 1 X translation displacement, node 28, m
        200    2.626E+01                                 F               0         Blade 1 Y translation displacement, node 28, m
        201   -2.345E+02                                 F               0         Blade 1 Z translation displacement, node 28, m
        202    8.811E-01,  4.715E-01, -3.741E-02         F               0         Blade 1 X orientation angle, node 1, rad
        203    4.342E-01, -8.376E-01, -3.315E-01         F               0         Blade 1 Y orientation angle, node 1, rad
        204   -1.876E-01,  2.758E-01, -9.427E-01         F               0         Blade 1 Z orientation angle, node 1, rad
        205    8.811E-01,  4.715E-01, -3.741E-02         F               0         Blade 1 X orientation angle, node 2, rad
        206    4.342E-01, -8.376E-01, -3.315E-01         F               0         Blade 1 Y orientation angle, node 2, rad
        207   -1.876E-01,  2.758E-01, -9.427E-01         F               0         Blade 1 Z orientation angle, node 2, rad
        208    9.589E-01,  2.595E-01, -1.149E-01         F               0         Blade 1 X orientation angle, node 3, rad
        209    2.130E-01, -9.255E-01, -3.132E-01         F               0         Blade 1 Y orientation angle, node 3, rad
        210   -1.876E-01,  2.758E-01, -9.427E-01         F               0         Blade 1 Z orientation angle, node 3, rad
        211    9.670E-01,  2.202E-01, -1.280E-01         F               0         Blade 1 X orientation angle, node 4, rad
        212    1.723E-01, -9.356E-01, -3.080E-01         F               0         Blade 1 Y orientation angle, node 4, rad
        213   -1.876E-01,  2.758E-01, -9.427E-01         F               0         Blade 1 Z orientation angle, node 4, rad
        214    9.722E-01,  1.891E-01, -1.382E-01         F               0         Blade 1 X orientation angle, node 5, rad
        215    1.401E-01, -9.424E-01, -3.036E-01         F               0         Blade 1 Y orientation angle, node 5, rad
        216   -1.876E-01,  2.758E-01, -9.427E-01         F               0         Blade 1 Z orientation angle, node 5, rad
        217    9.756E-01,  1.640E-01, -1.462E-01         F               0         Blade 1 X orientation angle, node 6, rad
        218    1.143E-01, -9.471E-01, -2.999E-01         F               0         Blade 1 Y orientation angle, node 6, rad
        219   -1.876E-01,  2.758E-01, -9.427E-01         F               0         Blade 1 Z orientation angle, node 6, rad
        220    9.778E-01,  1.433E-01, -1.527E-01         F               0         Blade 1 X orientation angle, node 7, rad
        221    9.300E-02, -9.505E-01, -2.966E-01         F               0         Blade 1 Y orientation angle, node 7, rad
        222   -1.876E-01,  2.758E-01, -9.427E-01         F               0         Blade 1 Z orientation angle, node 7, rad
        223    9.794E-01,  1.260E-01, -1.580E-01         F               0         Blade 1 X orientation angle, node 8, rad
        224    7.523E-02, -9.529E-01, -2.938E-01         F               0         Blade 1 Y orientation angle, node 8, rad
        225   -1.876E-01,  2.758E-01, -9.427E-01         F               0         Blade 1 Z orientation angle, node 8, rad
        226    9.804E-01,  1.114E-01, -1.625E-01         F               0         Blade 1 X orientation angle, node 9, rad
        227    6.018E-02, -9.547E-01, -2.913E-01         F               0         Blade 1 Y orientation angle, node 9, rad
        228   -1.876E-01,  2.758E-01, -9.427E-01         F               0         Blade 1 Z orientation angle, node 9, rad
        229    9.811E-01,  9.872E-02, -1.664E-01         F               0         Blade 1 X orientation angle, node 10, rad
        230    4.717E-02, -9.561E-01, -2.891E-01         F               0         Blade 1 Y orientation angle, node 10, rad
        231   -1.876E-01,  2.758E-01, -9.427E-01         F               0         Blade 1 Z orientation angle, node 10, rad
        232    9.816E-01,  8.787E-02, -1.697E-01         F               0         Blade 1 X orientation angle, node 11, rad
        233    3.604E-02, -9.572E-01, -2.872E-01         F               0         Blade 1 Y orientation angle, node 11, rad
        234   -1.876E-01,  2.758E-01, -9.427E-01         F               0         Blade 1 Z orientation angle, node 11, rad
        235    9.819E-01,  7.834E-02, -1.725E-01         F               0         Blade 1 X orientation angle, node 12, rad
        236    2.627E-02, -9.580E-01, -2.855E-01         F               0         Blade 1 Y orientation angle, node 12, rad
        237   -1.876E-01,  2.758E-01, -9.427E-01         F               0         Blade 1 Z orientation angle, node 12, rad
        238    9.821E-01,  6.998E-02, -1.750E-01         F               0         Blade 1 X orientation angle, node 13, rad
        239    1.770E-02, -9.587E-01, -2.840E-01         F               0         Blade 1 Y orientation angle, node 13, rad
        240   -1.876E-01,  2.758E-01, -9.427E-01         F               0         Blade 1 Z orientation angle, node 13, rad
        241    9.822E-01,  6.245E-02, -1.772E-01         F               0         Blade 1 X orientation angle, node 14, rad
        242    9.991E-03, -9.592E-01, -2.826E-01         F               0         Blade 1 Y orientation angle, node 14, rad
        243   -1.876E-01,  2.758E-01, -9.427E-01         F               0         Blade 1 Z orientation angle, node 14, rad
        244    9.822E-01,  5.575E-02, -1.792E-01         F               0         Blade 1 X orientation angle, node 15, rad
        245    3.134E-03, -9.596E-01, -2.814E-01         F               0         Blade 1 Y orientation angle, node 15, rad
        246   -1.876E-01,  2.758E-01, -9.427E-01         F               0         Blade 1 Z orientation angle, node 15, rad
        247    9.822E-01,  4.972E-02, -1.809E-01         F               0         Blade 1 X orientation angle, node 16, rad
        248   -3.038E-03, -9.599E-01, -2.802E-01         F               0         Blade 1 Y orientation angle, node 16, rad
        249   -1.876E-01,  2.758E-01, -9.427E-01         F               0         Blade 1 Z orientation angle, node 16, rad
        250    9.822E-01,  4.436E-02, -1.825E-01         F               0         Blade 1 X orientation angle, node 17, rad
        251   -8.523E-03, -9.602E-01, -2.792E-01         F               0         Blade 1 Y orientation angle, node 17, rad
        252   -1.876E-01,  2.758E-01, -9.427E-01         F               0         Blade 1 Z orientation angle, node 17, rad
        253    9.821E-01,  3.933E-02, -1.840E-01         F               0         Blade 1 X orientation angle, node 18, rad
        254   -1.367E-02, -9.604E-01, -2.783E-01         F               0         Blade 1 Y orientation angle, node 18, rad
        255   -1.876E-01,  2.758E-01, -9.427E-01         F               0         Blade 1 Z orientation angle, node 18, rad
        256    9.821E-01,  3.480E-02, -1.853E-01         F               0         Blade 1 X orientation angle, node 19, rad
        257   -1.829E-02, -9.606E-01, -2.774E-01         F               0         Blade 1 Y orientation angle, node 19, rad
        258   -1.876E-01,  2.758E-01, -9.427E-01         F               0         Blade 1 Z orientation angle, node 19, rad
        259    9.820E-01,  3.078E-02, -1.864E-01         F               0         Blade 1 X orientation angle, node 20, rad
        260   -2.241E-02, -9.607E-01, -2.766E-01         F               0         Blade 1 Y orientation angle, node 20, rad
        261   -1.876E-01,  2.758E-01, -9.427E-01         F               0         Blade 1 Z orientation angle, node 20, rad
        262    9.819E-01,  2.692E-02, -1.875E-01         F               0         Blade 1 X orientation angle, node 21, rad
        263   -2.635E-02, -9.608E-01, -2.759E-01         F               0         Blade 1 Y orientation angle, node 21, rad
        264   -1.876E-01,  2.758E-01, -9.427E-01         F               0         Blade 1 Z orientation angle, node 21, rad
        265    9.818E-01,  2.340E-02, -1.886E-01         F               0         Blade 1 X orientation angle, node 22, rad
        266   -2.995E-02, -9.609E-01, -2.752E-01         F               0         Blade 1 Y orientation angle, node 22, rad
        267   -1.876E-01,  2.758E-01, -9.427E-01         F               0         Blade 1 Z orientation angle, node 22, rad
        268    9.817E-01,  2.021E-02, -1.895E-01         F               0         Blade 1 X orientation angle, node 23, rad
        269   -3.320E-02, -9.610E-01, -2.746E-01         F               0         Blade 1 Y orientation angle, node 23, rad
        270   -1.876E-01,  2.758E-01, -9.427E-01         F               0         Blade 1 Z orientation angle, node 23, rad
        271    9.816E-01,  1.719E-02, -1.903E-01         F               0         Blade 1 X orientation angle, node 24, rad
        272   -3.629E-02, -9.611E-01, -2.740E-01         F               0         Blade 1 Y orientation angle, node 24, rad
        273   -1.876E-01,  2.758E-01, -9.427E-01         F               0         Blade 1 Z orientation angle, node 24, rad
        274    9.815E-01,  1.434E-02, -1.911E-01         F               0         Blade 1 X orientation angle, node 25, rad
        275   -3.920E-02, -9.611E-01, -2.734E-01         F               0         Blade 1 Y orientation angle, node 25, rad
        276   -1.876E-01,  2.758E-01, -9.427E-01         F               0         Blade 1 Z orientation angle, node 25, rad
        277    9.814E-01,  1.183E-02, -1.919E-01         F               0         Blade 1 X orientation angle, node 26, rad
        278   -4.177E-02, -9.611E-01, -2.729E-01         F               0         Blade 1 Y orientation angle, node 26, rad
        279   -1.876E-01,  2.758E-01, -9.427E-01         F               0         Blade 1 Z orientation angle, node 26, rad
        280    9.812E-01,  9.310E-03, -1.926E-01         F               0         Blade 1 X orientation angle, node 27, rad
        281   -4.434E-02, -9.612E-01, -2.724E-01         F               0         Blade 1 Y orientation angle, node 27, rad
        282   -1.876E-01,  2.758E-01, -9.427E-01         F               0         Blade 1 Z orientation angle, node 27, rad
        283    9.812E-01,  7.968E-03, -1.930E-01         F               0         Blade 1 X orientation angle, node 28, rad
        284   -4.571E-02, -9.612E-01, -2.721E-01         F               0         Blade 1 Y orientation angle, node 28, rad
        285   -1.876E-01,  2.758E-01, -9.427E-01         F               0         Blade 1 Z orientation angle, node 28, rad
        286    1.702E-01                                 F               0         Blade 1 X translation velocity, node 1, m/s
        287    3.747E+00                                 F               0         Blade 1 Y translation velocity, node 1, m/s
        288    1.069E+00                                 F               0         Blade 1 Z translation velocity, node 1, m/s
        289    2.122E-01                                 F               0         Blade 1 X translation velocity, node 2, m/s
        290    4.655E+00                                 F               0         Blade 1 Y translation velocity, node 2, m/s
        291    1.326E+00                                 F               0         Blade 1 Z translation velocity, node 2, m/s
        292    7.838E-01                                 F               0         Blade 1 X translation velocity, node 3, m/s
        293    1.700E+01                                 F               0         Blade 1 Y translation velocity, node 3, m/s
        294    4.826E+00                                 F               0         Blade 1 Z translation velocity, node 3, m/s
        295    9.056E-01                                 F               0         Blade 1 X translation velocity, node 4, m/s
        296    1.963E+01                                 F               0         Blade 1 Y translation velocity, node 4, m/s
        297    5.571E+00                                 F               0         Blade 1 Z translation velocity, node 4, m/s
        298    1.027E+00                                 F               0         Blade 1 X translation velocity, node 5, m/s
        299    2.227E+01                                 F               0         Blade 1 Y translation velocity, node 5, m/s
        300    6.317E+00                                 F               0         Blade 1 Z translation velocity, node 5, m/s
        301    1.149E+00                                 F               0         Blade 1 X translation velocity, node 6, m/s
        302    2.490E+01                                 F               0         Blade 1 Y translation velocity, node 6, m/s
        303    7.062E+00                                 F               0         Blade 1 Z translation velocity, node 6, m/s
        304    1.271E+00                                 F               0         Blade 1 X translation velocity, node 7, m/s
        305    2.753E+01                                 F               0         Blade 1 Y translation velocity, node 7, m/s
        306    7.808E+00                                 F               0         Blade 1 Z translation velocity, node 7, m/s
        307    1.393E+00                                 F               0         Blade 1 X translation velocity, node 8, m/s
