
Linearized model: Predictions were generated on 11-Jan-2024 at 12:32:35 using OpenFAST, compiled as a 64-bit application using single precision at commit v3.5.1
 linked with  NWTC Subroutine Library; ElastoDyn; InflowWind; AeroDyn; ServoDyn; HydroDyn; MoorDyn (v2.0.0, 2023-09-18)

Description from the FAST input file: CCT-9 Campign 4 model. Input files to be run with OpenFAST 3.5.0. GitHub branch from Lu Wang (https://github.com/luwang00/openfast/tree/dev) compiled on March 7, 2023.

Simulation information:
   Simulation time:                   501.9750 s
   Rotor Speed:                         0.7076 rad/s
   Azimuth:                             4.9377 rad
   Wind Speed:                          8.0000 m/s
   Number of continuous states:         0
   Number of discrete states:           0
   Number of constraint states:         0
   Number of inputs:                 1746
   Number of outputs:                   4
   Jacobians included in this file?    No

Order of inputs:
     Column   Operating Point                     Rotating Frame? Derivative Order Description
   ---------- ---------------                     --------------- ---------------- -----------
          1    7.301E+00                                 F               0         Tower X translation displacement, node 1, m
          2   -1.238E+00                                 F               0         Tower Y translation displacement, node 1, m
          3   -1.670E-01                                 F               0         Tower Z translation displacement, node 1, m
          4    8.344E+00                                 F               0         Tower X translation displacement, node 2, m
          5   -1.772E+00                                 F               0         Tower Y translation displacement, node 2, m
          6   -2.226E-01                                 F               0         Tower Z translation displacement, node 2, m
          7    9.403E+00                                 F               0         Tower X translation displacement, node 3, m
          8   -2.311E+00                                 F               0         Tower Y translation displacement, node 3, m
          9   -2.799E-01                                 F               0         Tower Z translation displacement, node 3, m
         10    1.047E+01                                 F               0         Tower X translation displacement, node 4, m
         11   -2.853E+00                                 F               0         Tower Y translation displacement, node 4, m
         12   -3.383E-01                                 F               0         Tower Z translation displacement, node 4, m
         13    1.155E+01                                 F               0         Tower X translation displacement, node 5, m
         14   -3.400E+00                                 F               0         Tower Y translation displacement, node 5, m
         15   -3.978E-01                                 F               0         Tower Z translation displacement, node 5, m
         16    1.264E+01                                 F               0         Tower X translation displacement, node 6, m
         17   -3.949E+00                                 F               0         Tower Y translation displacement, node 6, m
         18   -4.580E-01                                 F               0         Tower Z translation displacement, node 6, m
         19    1.373E+01                                 F               0         Tower X translation displacement, node 7, m
         20   -4.500E+00                                 F               0         Tower Y translation displacement, node 7, m
         21   -5.187E-01                                 F               0         Tower Z translation displacement, node 7, m
         22    1.483E+01                                 F               0         Tower X translation displacement, node 8, m
         23   -5.053E+00                                 F               0         Tower Y translation displacement, node 8, m
         24   -5.799E-01                                 F               0         Tower Z translation displacement, node 8, m
         25    1.593E+01                                 F               0         Tower X translation displacement, node 9, m
         26   -5.608E+00                                 F               0         Tower Y translation displacement, node 9, m
         27   -6.414E-01                                 F               0         Tower Z translation displacement, node 9, m
         28    1.703E+01                                 F               0         Tower X translation displacement, node 10, m
         29   -6.164E+00                                 F               0         Tower Y translation displacement, node 10, m
         30   -7.030E-01                                 F               0         Tower Z translation displacement, node 10, m
         31    1.813E+01                                 F               0         Tower X translation displacement, node 11, m
         32   -6.720E+00                                 F               0         Tower Y translation displacement, node 11, m
         33   -7.648E-01                                 F               0         Tower Z translation displacement, node 11, m
         34    9.965E-01,  4.256E-03, -8.381E-02         F               0         Tower X orientation angle, node 1, rad
         35   -6.299E-04,  9.991E-01,  4.324E-02         F               0         Tower Y orientation angle, node 1, rad
         36    8.391E-02, -4.304E-02,  9.955E-01         F               0         Tower Z orientation angle, node 1, rad
         37    9.964E-01,  4.308E-03, -8.501E-02         F               0         Tower X orientation angle, node 2, rad
         38   -5.971E-04,  9.990E-01,  4.363E-02         F               0         Tower Y orientation angle, node 2, rad
         39    8.512E-02, -4.342E-02,  9.954E-01         F               0         Tower Z orientation angle, node 2, rad
         40    9.963E-01,  4.354E-03, -8.605E-02         F               0         Tower X orientation angle, node 3, rad
         41   -5.673E-04,  9.990E-01,  4.398E-02         F               0         Tower Y orientation angle, node 3, rad
         42    8.616E-02, -4.376E-02,  9.953E-01         F               0         Tower Z orientation angle, node 3, rad
         43    9.962E-01,  4.391E-03, -8.691E-02         F               0         Tower X orientation angle, node 4, rad
         44   -5.410E-04,  9.990E-01,  4.428E-02         F               0         Tower Y orientation angle, node 4, rad
         45    8.702E-02, -4.406E-02,  9.952E-01         F               0         Tower Z orientation angle, node 4, rad
         46    9.961E-01,  4.422E-03, -8.759E-02         F               0         Tower X orientation angle, node 5, rad
         47   -5.183E-04,  9.990E-01,  4.454E-02         F               0         Tower Y orientation angle, node 5, rad
         48    8.770E-02, -4.432E-02,  9.952E-01         F               0         Tower Z orientation angle, node 5, rad
         49    9.961E-01,  4.445E-03, -8.811E-02         F               0         Tower X orientation angle, node 6, rad
         50   -4.992E-04,  9.990E-01,  4.475E-02         F               0         Tower Y orientation angle, node 6, rad
         51    8.823E-02, -4.454E-02,  9.951E-01         F               0         Tower Z orientation angle, node 6, rad
         52    9.961E-01,  4.462E-03, -8.849E-02         F               0         Tower X orientation angle, node 7, rad
         53   -4.838E-04,  9.990E-01,  4.493E-02         F               0         Tower Y orientation angle, node 7, rad
         54    8.860E-02, -4.471E-02,  9.951E-01         F               0         Tower Z orientation angle, node 7, rad
         55    9.960E-01,  4.474E-03, -8.874E-02         F               0         Tower X orientation angle, node 8, rad
         56   -4.719E-04,  9.990E-01,  4.506E-02         F               0         Tower Y orientation angle, node 8, rad
         57    8.885E-02, -4.484E-02,  9.950E-01         F               0         Tower Z orientation angle, node 8, rad
         58    9.960E-01,  4.481E-03, -8.890E-02         F               0         Tower X orientation angle, node 9, rad
         59   -4.632E-04,  9.990E-01,  4.516E-02         F               0         Tower Y orientation angle, node 9, rad
         60    8.901E-02, -4.494E-02,  9.950E-01         F               0         Tower Z orientation angle, node 9, rad
         61    9.960E-01,  4.485E-03, -8.899E-02         F               0         Tower X orientation angle, node 10, rad
         62   -4.575E-04,  9.990E-01,  4.523E-02         F               0         Tower Y orientation angle, node 10, rad
         63    8.910E-02, -4.501E-02,  9.950E-01         F               0         Tower Z orientation angle, node 10, rad
         64    9.960E-01,  4.487E-03, -8.903E-02         F               0         Tower X orientation angle, node 11, rad
         65   -4.543E-04,  9.990E-01,  4.526E-02         F               0         Tower Y orientation angle, node 11, rad
         66    8.914E-02, -4.504E-02,  9.950E-01         F               0         Tower Z orientation angle, node 11, rad
         67   -4.374E-03                                 F               0         Tower X translation velocity, node 1, m/s
         68    1.709E-03                                 F               0         Tower Y translation velocity, node 1, m/s
         69    2.488E-03                                 F               0         Tower Z translation velocity, node 1, m/s
         70   -4.299E-03                                 F               0         Tower X translation velocity, node 2, m/s
         71    2.098E-03                                 F               0         Tower Y translation velocity, node 2, m/s
         72    2.498E-03                                 F               0         Tower Z translation velocity, node 2, m/s
         73   -4.219E-03                                 F               0         Tower X translation velocity, node 3, m/s
         74    2.507E-03                                 F               0         Tower Y translation velocity, node 3, m/s
         75    2.509E-03                                 F               0         Tower Z translation velocity, node 3, m/s
         76   -4.133E-03                                 F               0         Tower X translation velocity, node 4, m/s
         77    2.933E-03                                 F               0         Tower Y translation velocity, node 4, m/s
         78    2.521E-03                                 F               0         Tower Z translation velocity, node 4, m/s
         79   -4.042E-03                                 F               0         Tower X translation velocity, node 5, m/s
         80    3.375E-03                                 F               0         Tower Y translation velocity, node 5, m/s
         81    2.532E-03                                 F               0         Tower Z translation velocity, node 5, m/s
         82   -3.945E-03                                 F               0         Tower X translation velocity, node 6, m/s
         83    3.830E-03                                 F               0         Tower Y translation velocity, node 6, m/s
         84    2.544E-03                                 F               0         Tower Z translation velocity, node 6, m/s
         85   -3.843E-03                                 F               0         Tower X translation velocity, node 7, m/s
         86    4.295E-03                                 F               0         Tower Y translation velocity, node 7, m/s
         87    2.556E-03                                 F               0         Tower Z translation velocity, node 7, m/s
         88   -3.736E-03                                 F               0         Tower X translation velocity, node 8, m/s
         89    4.770E-03                                 F               0         Tower Y translation velocity, node 8, m/s
         90    2.568E-03                                 F               0         Tower Z translation velocity, node 8, m/s
         91   -3.625E-03                                 F               0         Tower X translation velocity, node 9, m/s
         92    5.253E-03                                 F               0         Tower Y translation velocity, node 9, m/s
         93    2.579E-03                                 F               0         Tower Z translation velocity, node 9, m/s
         94   -3.509E-03                                 F               0         Tower X translation velocity, node 10, m/s
         95    5.742E-03                                 F               0         Tower Y translation velocity, node 10, m/s
         96    2.591E-03                                 F               0         Tower Z translation velocity, node 10, m/s
         97   -3.392E-03                                 F               0         Tower X translation velocity, node 11, m/s
         98    6.234E-03                                 F               0         Tower Y translation velocity, node 11, m/s
         99    2.603E-03                                 F               0         Tower Z translation velocity, node 11, m/s
        100    1.887E+01                                 F               0         Hub X translation displacement, node 1, m
        101   -7.122E+00                                 F               0         Hub Y translation displacement, node 1, m
        102    1.576E-01                                 F               0         Hub Z translation displacement, node 1, m
        103    9.812E-01,  9.170E-03, -1.925E-01         F               0         Hub X orientation angle, node 1, rad
        104   -1.880E-01,  2.664E-01, -9.454E-01         F               0         Hub Y orientation angle, node 1, rad
        105    4.262E-02,  9.638E-01,  2.631E-01         F               0         Hub Z orientation angle, node 1, rad
        106    6.943E-01                                 F               0         Hub X rotation velocity, node 1, rad/s
        107    6.499E-03                                 F               0         Hub Y rotation velocity, node 1, rad/s
        108   -1.362E-01                                 F               0         Hub Z rotation velocity, node 1, rad/s
        109    9.864E-01,  1.264E-03, -1.644E-01         F               0         Blade root 1 X orientation angle, node 1, rad
        110   -1.588E-01,  2.665E-01, -9.507E-01         F               0         Blade root 1 Y orientation angle, node 1, rad
        111    4.262E-02,  9.638E-01,  2.631E-01         F               0         Blade root 1 Z orientation angle, node 1, rad
        112    9.769E-01, -1.164E-02, -2.132E-01         F               0         Blade root 2 X orientation angle, node 1, rad
        113    1.600E-01,  7.015E-01,  6.945E-01         F               0         Blade root 2 Y orientation angle, node 1, rad
        114    1.415E-01, -7.126E-01,  6.871E-01         F               0         Blade root 2 Z orientation angle, node 1, rad
        115    9.791E-01,  3.788E-02, -1.997E-01         F               0         Blade root 3 X orientation angle, node 1, rad
        116    8.617E-02, -9.672E-01,  2.390E-01         F               0         Blade root 3 Y orientation angle, node 1, rad
        117   -1.841E-01, -2.512E-01, -9.503E-01         F               0         Blade root 3 Z orientation angle, node 1, rad
        118    1.853E+01                                 F               0         Blade 1 X translation displacement, node 1, m
        119   -1.783E+00                                 F               0         Blade 1 Y translation displacement, node 1, m
        120   -3.894E+00                                 F               0         Blade 1 Z translation displacement, node 1, m
        121    1.845E+01                                 F               0         Blade 1 X translation displacement, node 2, m
        122   -4.959E-01                                 F               0         Blade 1 Y translation displacement, node 2, m
        123   -4.871E+00                                 F               0         Blade 1 Z translation displacement, node 2, m
        124    1.732E+01                                 F               0         Blade 1 X translation displacement, node 3, m
        125    1.700E+01                                 F               0         Blade 1 Y translation displacement, node 3, m
        126   -1.815E+01                                 F               0         Blade 1 Z translation displacement, node 3, m
        127    1.708E+01                                 F               0         Blade 1 X translation displacement, node 4, m
        128    2.073E+01                                 F               0         Blade 1 Y translation displacement, node 4, m
        129   -2.098E+01                                 F               0         Blade 1 Z translation displacement, node 4, m
        130    1.684E+01                                 F               0         Blade 1 X translation displacement, node 5, m
        131    2.446E+01                                 F               0         Blade 1 Y translation displacement, node 5, m
        132   -2.381E+01                                 F               0         Blade 1 Z translation displacement, node 5, m
        133    1.661E+01                                 F               0         Blade 1 X translation displacement, node 6, m
        134    2.818E+01                                 F               0         Blade 1 Y translation displacement, node 6, m
        135   -2.663E+01                                 F               0         Blade 1 Z translation displacement, node 6, m
        136    1.637E+01                                 F               0         Blade 1 X translation displacement, node 7, m
        137    3.191E+01                                 F               0         Blade 1 Y translation displacement, node 7, m
        138   -2.946E+01                                 F               0         Blade 1 Z translation displacement, node 7, m
        139    1.613E+01                                 F               0         Blade 1 X translation displacement, node 8, m
        140    3.564E+01                                 F               0         Blade 1 Y translation displacement, node 8, m
        141   -3.229E+01                                 F               0         Blade 1 Z translation displacement, node 8, m
        142    1.589E+01                                 F               0         Blade 1 X translation displacement, node 9, m
        143    3.937E+01                                 F               0         Blade 1 Y translation displacement, node 9, m
        144   -3.512E+01                                 F               0         Blade 1 Z translation displacement, node 9, m
        145    1.565E+01                                 F               0         Blade 1 X translation displacement, node 10, m
        146    4.309E+01                                 F               0         Blade 1 Y translation displacement, node 10, m
        147   -3.795E+01                                 F               0         Blade 1 Z translation displacement, node 10, m
        148    1.541E+01                                 F               0         Blade 1 X translation displacement, node 11, m
        149    4.682E+01                                 F               0         Blade 1 Y translation displacement, node 11, m
        150   -4.078E+01                                 F               0         Blade 1 Z translation displacement, node 11, m
        151    1.517E+01                                 F               0         Blade 1 X translation displacement, node 12, m
        152    5.055E+01                                 F               0         Blade 1 Y translation displacement, node 12, m
        153   -4.361E+01                                 F               0         Blade 1 Z translation displacement, node 12, m
        154    1.493E+01                                 F               0         Blade 1 X translation displacement, node 13, m
        155    5.428E+01                                 F               0         Blade 1 Y translation displacement, node 13, m
        156   -4.644E+01                                 F               0         Blade 1 Z translation displacement, node 13, m
        157    1.469E+01                                 F               0         Blade 1 X translation displacement, node 14, m
        158    5.801E+01                                 F               0         Blade 1 Y translation displacement, node 14, m
        159   -4.927E+01                                 F               0         Blade 1 Z translation displacement, node 14, m
        160    1.445E+01                                 F               0         Blade 1 X translation displacement, node 15, m
        161    6.173E+01                                 F               0         Blade 1 Y translation displacement, node 15, m
        162   -5.209E+01                                 F               0         Blade 1 Z translation displacement, node 15, m
        163    1.421E+01                                 F               0         Blade 1 X translation displacement, node 16, m
        164    6.546E+01                                 F               0         Blade 1 Y translation displacement, node 16, m
        165   -5.492E+01                                 F               0         Blade 1 Z translation displacement, node 16, m
        166    1.397E+01                                 F               0         Blade 1 X translation displacement, node 17, m
        167    6.919E+01                                 F               0         Blade 1 Y translation displacement, node 17, m
        168   -5.775E+01                                 F               0         Blade 1 Z translation displacement, node 17, m
        169    1.373E+01                                 F               0         Blade 1 X translation displacement, node 18, m
        170    7.292E+01                                 F               0         Blade 1 Y translation displacement, node 18, m
        171   -6.058E+01                                 F               0         Blade 1 Z translation displacement, node 18, m
        172    1.349E+01                                 F               0         Blade 1 X translation displacement, node 19, m
        173    7.664E+01                                 F               0         Blade 1 Y translation displacement, node 19, m
        174   -6.341E+01                                 F               0         Blade 1 Z translation displacement, node 19, m
        175    1.325E+01                                 F               0         Blade 1 X translation displacement, node 20, m
        176    8.037E+01                                 F               0         Blade 1 Y translation displacement, node 20, m
        177   -6.624E+01                                 F               0         Blade 1 Z translation displacement, node 20, m
        178    1.301E+01                                 F               0         Blade 1 X translation displacement, node 21, m
        179    8.410E+01                                 F               0         Blade 1 Y translation displacement, node 21, m
        180   -6.907E+01                                 F               0         Blade 1 Z translation displacement, node 21, m
        181    1.277E+01                                 F               0         Blade 1 X translation displacement, node 22, m
        182    8.783E+01                                 F               0         Blade 1 Y translation displacement, node 22, m
        183   -7.190E+01                                 F               0         Blade 1 Z translation displacement, node 22, m
        184    1.253E+01                                 F               0         Blade 1 X translation displacement, node 23, m
        185    9.156E+01                                 F               0         Blade 1 Y translation displacement, node 23, m
        186   -7.473E+01                                 F               0         Blade 1 Z translation displacement, node 23, m
        187    1.230E+01                                 F               0         Blade 1 X translation displacement, node 24, m
        188    9.528E+01                                 F               0         Blade 1 Y translation displacement, node 24, m
        189   -7.755E+01                                 F               0         Blade 1 Z translation displacement, node 24, m
        190    1.206E+01                                 F               0         Blade 1 X translation displacement, node 25, m
        191    9.901E+01                                 F               0         Blade 1 Y translation displacement, node 25, m
        192   -8.038E+01                                 F               0         Blade 1 Z translation displacement, node 25, m
        193    1.182E+01                                 F               0         Blade 1 X translation displacement, node 26, m
        194    1.027E+02                                 F               0         Blade 1 Y translation displacement, node 26, m
        195   -8.321E+01                                 F               0         Blade 1 Z translation displacement, node 26, m
        196    1.158E+01                                 F               0         Blade 1 X translation displacement, node 27, m
        197    1.065E+02                                 F               0         Blade 1 Y translation displacement, node 27, m
        198   -8.604E+01                                 F               0         Blade 1 Z translation displacement, node 27, m
        199    1.137E+01                                 F               0         Blade 1 X translation displacement, node 28, m
        200    1.096E+02                                 F               0         Blade 1 Y translation displacement, node 28, m
        201   -8.844E+01                                 F               0         Blade 1 Z translation displacement, node 28, m
        202    9.503E-01, -1.204E-01,  2.872E-01         F               0         Blade 1 X orientation angle, node 1, rad
        203    3.085E-01,  2.378E-01, -9.210E-01         F               0         Blade 1 Y orientation angle, node 1, rad
        204    4.262E-02,  9.638E-01,  2.631E-01         F               0         Blade 1 Z orientation angle, node 1, rad
        205    9.503E-01, -1.204E-01,  2.872E-01         F               0         Blade 1 X orientation angle, node 2, rad
        206    3.085E-01,  2.378E-01, -9.210E-01         F               0         Blade 1 Y orientation angle, node 2, rad
        207    4.262E-02,  9.638E-01,  2.631E-01         F               0         Blade 1 Z orientation angle, node 2, rad
        208    9.963E-01, -6.063E-02,  6.070E-02         F               0         Blade 1 X orientation angle, node 3, rad
        209    7.446E-02,  2.596E-01, -9.629E-01         F               0         Blade 1 Y orientation angle, node 3, rad
        210    4.262E-02,  9.638E-01,  2.631E-01         F               0         Blade 1 Z orientation angle, node 3, rad
        211    9.986E-01, -4.962E-02,  1.999E-02         F               0         Blade 1 X orientation angle, node 4, rad
        212    3.233E-02,  2.619E-01, -9.646E-01         F               0         Blade 1 Y orientation angle, node 4, rad
        213    4.262E-02,  9.638E-01,  2.631E-01         F               0         Blade 1 Z orientation angle, node 4, rad
        214    9.991E-01, -4.091E-02, -1.200E-02         F               0         Blade 1 X orientation angle, node 5, rad
        215   -7.994E-04,  2.634E-01, -9.647E-01         F               0         Blade 1 Y orientation angle, node 5, rad
        216    4.262E-02,  9.638E-01,  2.631E-01         F               0         Blade 1 Z orientation angle, node 5, rad
        217    9.987E-01, -3.391E-02, -3.758E-02         F               0         Blade 1 X orientation angle, node 6, rad
        218   -2.730E-02,  2.644E-01, -9.640E-01         F               0         Blade 1 Y orientation angle, node 6, rad
        219    4.262E-02,  9.638E-01,  2.631E-01         F               0         Blade 1 Z orientation angle, node 6, rad
        220    9.979E-01, -2.813E-02, -5.860E-02         F               0         Blade 1 X orientation angle, node 7, rad
        221   -4.908E-02,  2.651E-01, -9.630E-01         F               0         Blade 1 Y orientation angle, node 7, rad
        222    4.262E-02,  9.638E-01,  2.631E-01         F               0         Blade 1 Z orientation angle, node 7, rad
        223    9.968E-01, -2.332E-02, -7.607E-02         F               0         Blade 1 X orientation angle, node 8, rad
        224   -6.719E-02,  2.655E-01, -9.618E-01         F               0         Blade 1 Y orientation angle, node 8, rad
        225    4.262E-02,  9.638E-01,  2.631E-01         F               0         Blade 1 Z orientation angle, node 8, rad
        226    9.957E-01, -1.923E-02, -9.083E-02         F               0         Blade 1 X orientation angle, node 9, rad
        227   -8.249E-02,  2.658E-01, -9.605E-01         F               0         Blade 1 Y orientation angle, node 9, rad
        228    4.262E-02,  9.638E-01,  2.631E-01         F               0         Blade 1 Z orientation angle, node 9, rad
        229    9.945E-01, -1.571E-02, -1.036E-01         F               0         Blade 1 X orientation angle, node 10, rad
        230   -9.569E-02,  2.661E-01, -9.592E-01         F               0         Blade 1 Y orientation angle, node 10, rad
        231    4.262E-02,  9.638E-01,  2.631E-01         F               0         Blade 1 Z orientation angle, node 10, rad
        232    9.933E-01, -1.269E-02, -1.144E-01         F               0         Blade 1 X orientation angle, node 11, rad
        233   -1.070E-01,  2.662E-01, -9.580E-01         F               0         Blade 1 Y orientation angle, node 11, rad
        234    4.262E-02,  9.638E-01,  2.631E-01         F               0         Blade 1 Z orientation angle, node 11, rad
        235    9.922E-01, -1.004E-02, -1.240E-01         F               0         Blade 1 X orientation angle, node 12, rad
        236   -1.168E-01,  2.664E-01, -9.568E-01         F               0         Blade 1 Y orientation angle, node 12, rad
        237    4.262E-02,  9.638E-01,  2.631E-01         F               0         Blade 1 Z orientation angle, node 12, rad
        238    9.912E-01, -7.713E-03, -1.323E-01         F               0         Blade 1 X orientation angle, node 13, rad
        239   -1.255E-01,  2.664E-01, -9.556E-01         F               0         Blade 1 Y orientation angle, node 13, rad
        240    4.262E-02,  9.638E-01,  2.631E-01         F               0         Blade 1 Z orientation angle, node 13, rad
        241    9.902E-01, -5.621E-03, -1.398E-01         F               0         Blade 1 X orientation angle, node 14, rad
        242   -1.333E-01,  2.665E-01, -9.546E-01         F               0         Blade 1 Y orientation angle, node 14, rad
        243    4.262E-02,  9.638E-01,  2.631E-01         F               0         Blade 1 Z orientation angle, node 14, rad
        244    9.892E-01, -3.760E-03, -1.465E-01         F               0         Blade 1 X orientation angle, node 15, rad
        245   -1.402E-01,  2.665E-01, -9.536E-01         F               0         Blade 1 Y orientation angle, node 15, rad
        246    4.262E-02,  9.638E-01,  2.631E-01         F               0         Blade 1 Z orientation angle, node 15, rad
        247    9.883E-01, -2.086E-03, -1.525E-01         F               0         Blade 1 X orientation angle, node 16, rad
        248   -1.464E-01,  2.665E-01, -9.526E-01         F               0         Blade 1 Y orientation angle, node 16, rad
        249    4.262E-02,  9.638E-01,  2.631E-01         F               0         Blade 1 Z orientation angle, node 16, rad
        250    9.875E-01, -5.970E-04, -1.578E-01         F               0         Blade 1 X orientation angle, node 17, rad
        251   -1.519E-01,  2.665E-01, -9.518E-01         F               0         Blade 1 Y orientation angle, node 17, rad
        252    4.262E-02,  9.638E-01,  2.631E-01         F               0         Blade 1 Z orientation angle, node 17, rad
        253    9.867E-01,  7.986E-04, -1.628E-01         F               0         Blade 1 X orientation angle, node 18, rad
        254   -1.571E-01,  2.665E-01, -9.509E-01         F               0         Blade 1 Y orientation angle, node 18, rad
        255    4.262E-02,  9.638E-01,  2.631E-01         F               0         Blade 1 Z orientation angle, node 18, rad
        256    9.859E-01,  2.055E-03, -1.672E-01         F               0         Blade 1 X orientation angle, node 19, rad
        257   -1.617E-01,  2.665E-01, -9.502E-01         F               0         Blade 1 Y orientation angle, node 19, rad
        258    4.262E-02,  9.638E-01,  2.631E-01         F               0         Blade 1 Z orientation angle, node 19, rad
        259    9.852E-01,  3.171E-03, -1.712E-01         F               0         Blade 1 X orientation angle, node 20, rad
        260   -1.659E-01,  2.665E-01, -9.495E-01         F               0         Blade 1 Y orientation angle, node 20, rad
        261    4.262E-02,  9.638E-01,  2.631E-01         F               0         Blade 1 Z orientation angle, node 20, rad
        262    9.846E-01,  4.241E-03, -1.750E-01         F               0         Blade 1 X orientation angle, node 21, rad
        263   -1.698E-01,  2.665E-01, -9.488E-01         F               0         Blade 1 Y orientation angle, node 21, rad
        264    4.262E-02,  9.638E-01,  2.631E-01         F               0         Blade 1 Z orientation angle, node 21, rad
        265    9.839E-01,  5.218E-03, -1.785E-01         F               0         Blade 1 X orientation angle, node 22, rad
        266   -1.734E-01,  2.665E-01, -9.481E-01         F               0         Blade 1 Y orientation angle, node 22, rad
        267    4.262E-02,  9.638E-01,  2.631E-01         F               0         Blade 1 Z orientation angle, node 22, rad
        268    9.833E-01,  6.101E-03, -1.816E-01         F               0         Blade 1 X orientation angle, node 23, rad
        269   -1.767E-01,  2.665E-01, -9.475E-01         F               0         Blade 1 Y orientation angle, node 23, rad
        270    4.262E-02,  9.638E-01,  2.631E-01         F               0         Blade 1 Z orientation angle, node 23, rad
        271    9.828E-01,  6.939E-03, -1.846E-01         F               0         Blade 1 X orientation angle, node 24, rad
        272   -1.798E-01,  2.665E-01, -9.469E-01         F               0         Blade 1 Y orientation angle, node 24, rad
        273    4.262E-02,  9.638E-01,  2.631E-01         F               0         Blade 1 Z orientation angle, node 24, rad
        274    9.822E-01,  7.729E-03, -1.874E-01         F               0         Blade 1 X orientation angle, node 25, rad
        275   -1.827E-01,  2.664E-01, -9.464E-01         F               0         Blade 1 Y orientation angle, node 25, rad
        276    4.262E-02,  9.638E-01,  2.631E-01         F               0         Blade 1 Z orientation angle, node 25, rad
        277    9.818E-01,  8.427E-03, -1.899E-01         F               0         Blade 1 X orientation angle, node 26, rad
        278   -1.853E-01,  2.664E-01, -9.459E-01         F               0         Blade 1 Y orientation angle, node 26, rad
        279    4.262E-02,  9.638E-01,  2.631E-01         F               0         Blade 1 Z orientation angle, node 26, rad
        280    9.813E-01,  9.124E-03, -1.924E-01         F               0         Blade 1 X orientation angle, node 27, rad
        281   -1.878E-01,  2.664E-01, -9.454E-01         F               0         Blade 1 Y orientation angle, node 27, rad
        282    4.262E-02,  9.638E-01,  2.631E-01         F               0         Blade 1 Z orientation angle, node 27, rad
        283    9.810E-01,  9.496E-03, -1.937E-01         F               0         Blade 1 X orientation angle, node 28, rad
        284   -1.892E-01,  2.664E-01, -9.451E-01         F               0         Blade 1 Y orientation angle, node 28, rad
        285    4.262E-02,  9.638E-01,  2.631E-01         F               0         Blade 1 Z orientation angle, node 28, rad
        286    7.337E-01                                 F               0         Blade 1 X translation velocity, node 1, m/s
        287   -1.038E+00                                 F               0         Blade 1 Y translation velocity, node 1, m/s
        288    3.709E+00                                 F               0         Blade 1 Z translation velocity, node 1, m/s
        289    9.113E-01                                 F               0         Blade 1 X translation velocity, node 2, m/s
        290   -1.289E+00                                 F               0         Blade 1 Y translation velocity, node 2, m/s
        291    4.602E+00                                 F               0         Blade 1 Z translation velocity, node 2, m/s
        292    3.326E+00                                 F               0         Blade 1 X translation velocity, node 3, m/s
        293   -4.711E+00                                 F               0         Blade 1 Y translation velocity, node 3, m/s
        294    1.674E+01                                 F               0         Blade 1 Z translation velocity, node 3, m/s
        295    3.841E+00                                 F               0         Blade 1 X translation velocity, node 4, m/s
        296   -5.440E+00                                 F               0         Blade 1 Y translation velocity, node 4, m/s
        297    1.933E+01                                 F               0         Blade 1 Z translation velocity, node 4, m/s
        298    4.355E+00                                 F               0         Blade 1 X translation velocity, node 5, m/s
        299   -6.169E+00                                 F               0         Blade 1 Y translation velocity, node 5, m/s
        300    2.192E+01                                 F               0         Blade 1 Z translation velocity, node 5, m/s
        301    4.870E+00                                 F               0         Blade 1 X translation velocity, node 6, m/s
        302   -6.898E+00                                 F               0         Blade 1 Y translation velocity, node 6, m/s
        303    2.451E+01                                 F               0         Blade 1 Z translation velocity, node 6, m/s
        304    5.384E+00                                 F               0         Blade 1 X translation velocity, node 7, m/s
        305   -7.627E+00                                 F               0         Blade 1 Y translation velocity, node 7, m/s
        306    2.709E+01                                 F               0         Blade 1 Z translation velocity, node 7, m/s
        307    5.899E+00                                 F               0         Blade 1 X translation velocity, node 8, m/s
