
Linearized model: Predictions were generated on 11-Jan-2024 at 12:32:35 using OpenFAST, compiled as a 64-bit application using single precision at commit v3.5.1
 linked with  NWTC Subroutine Library; ElastoDyn; InflowWind; AeroDyn; ServoDyn; HydroDyn; MoorDyn (v2.0.0, 2023-09-18)

Description from the FAST input file: CCT-9 Campign 4 model. Input files to be run with OpenFAST 3.5.0. GitHub branch from Lu Wang (https://github.com/luwang00/openfast/tree/dev) compiled on March 7, 2023.

Simulation information:
   Simulation time:                   505.2000 s
   Rotor Speed:                         0.7072 rad/s
   Azimuth:                             0.9359 rad
   Wind Speed:                          8.0000 m/s
   Number of continuous states:         0
   Number of discrete states:           0
   Number of constraint states:         0
   Number of inputs:                 1746
   Number of outputs:                   4
   Jacobians included in this file?    No

Order of inputs:
     Column   Operating Point                     Rotating Frame? Derivative Order Description
   ---------- ---------------                     --------------- ---------------- -----------
          1    7.286E+00                                 F               0         Tower X translation displacement, node 1, m
          2   -1.234E+00                                 F               0         Tower Y translation displacement, node 1, m
          3   -1.550E-01                                 F               0         Tower Z translation displacement, node 1, m
          4    8.329E+00                                 F               0         Tower X translation displacement, node 2, m
          5   -1.768E+00                                 F               0         Tower Y translation displacement, node 2, m
          6   -2.107E-01                                 F               0         Tower Z translation displacement, node 2, m
          7    9.388E+00                                 F               0         Tower X translation displacement, node 3, m
          8   -2.306E+00                                 F               0         Tower Y translation displacement, node 3, m
          9   -2.679E-01                                 F               0         Tower Z translation displacement, node 3, m
         10    1.046E+01                                 F               0         Tower X translation displacement, node 4, m
         11   -2.848E+00                                 F               0         Tower Y translation displacement, node 4, m
         12   -3.264E-01                                 F               0         Tower Z translation displacement, node 4, m
         13    1.154E+01                                 F               0         Tower X translation displacement, node 5, m
         14   -3.394E+00                                 F               0         Tower Y translation displacement, node 5, m
         15   -3.858E-01                                 F               0         Tower Z translation displacement, node 5, m
         16    1.263E+01                                 F               0         Tower X translation displacement, node 6, m
         17   -3.943E+00                                 F               0         Tower Y translation displacement, node 6, m
         18   -4.460E-01                                 F               0         Tower Z translation displacement, node 6, m
         19    1.372E+01                                 F               0         Tower X translation displacement, node 7, m
         20   -4.493E+00                                 F               0         Tower Y translation displacement, node 7, m
         21   -5.067E-01                                 F               0         Tower Z translation displacement, node 7, m
         22    1.482E+01                                 F               0         Tower X translation displacement, node 8, m
         23   -5.046E+00                                 F               0         Tower Y translation displacement, node 8, m
         24   -5.679E-01                                 F               0         Tower Z translation displacement, node 8, m
         25    1.592E+01                                 F               0         Tower X translation displacement, node 9, m
         26   -5.601E+00                                 F               0         Tower Y translation displacement, node 9, m
         27   -6.294E-01                                 F               0         Tower Z translation displacement, node 9, m
         28    1.702E+01                                 F               0         Tower X translation displacement, node 10, m
         29   -6.156E+00                                 F               0         Tower Y translation displacement, node 10, m
         30   -6.911E-01                                 F               0         Tower Z translation displacement, node 10, m
         31    1.812E+01                                 F               0         Tower X translation displacement, node 11, m
         32   -6.712E+00                                 F               0         Tower Y translation displacement, node 11, m
         33   -7.529E-01                                 F               0         Tower Z translation displacement, node 11, m
         34    9.965E-01,  4.244E-03, -8.383E-02         F               0         Tower X orientation angle, node 1, rad
         35   -6.204E-04,  9.991E-01,  4.321E-02         F               0         Tower Y orientation angle, node 1, rad
         36    8.393E-02, -4.300E-02,  9.955E-01         F               0         Tower Z orientation angle, node 1, rad
         37    9.964E-01,  4.297E-03, -8.504E-02         F               0         Tower X orientation angle, node 2, rad
         38   -5.877E-04,  9.990E-01,  4.359E-02         F               0         Tower Y orientation angle, node 2, rad
         39    8.514E-02, -4.339E-02,  9.954E-01         F               0         Tower Z orientation angle, node 2, rad
         40    9.963E-01,  4.342E-03, -8.608E-02         F               0         Tower X orientation angle, node 3, rad
         41   -5.578E-04,  9.990E-01,  4.394E-02         F               0         Tower Y orientation angle, node 3, rad
         42    8.618E-02, -4.373E-02,  9.953E-01         F               0         Tower Z orientation angle, node 3, rad
         43    9.962E-01,  4.380E-03, -8.693E-02         F               0         Tower X orientation angle, node 4, rad
         44   -5.315E-04,  9.990E-01,  4.424E-02         F               0         Tower Y orientation angle, node 4, rad
         45    8.704E-02, -4.403E-02,  9.952E-01         F               0         Tower Z orientation angle, node 4, rad
         46    9.961E-01,  4.410E-03, -8.762E-02         F               0         Tower X orientation angle, node 5, rad
         47   -5.088E-04,  9.990E-01,  4.450E-02         F               0         Tower Y orientation angle, node 5, rad
         48    8.773E-02, -4.429E-02,  9.952E-01         F               0         Tower Z orientation angle, node 5, rad
         49    9.961E-01,  4.434E-03, -8.814E-02         F               0         Tower X orientation angle, node 6, rad
         50   -4.896E-04,  9.990E-01,  4.472E-02         F               0         Tower Y orientation angle, node 6, rad
         51    8.825E-02, -4.450E-02,  9.951E-01         F               0         Tower Z orientation angle, node 6, rad
         52    9.961E-01,  4.451E-03, -8.851E-02         F               0         Tower X orientation angle, node 7, rad
         53   -4.743E-04,  9.990E-01,  4.489E-02         F               0         Tower Y orientation angle, node 7, rad
         54    8.862E-02, -4.468E-02,  9.951E-01         F               0         Tower Z orientation angle, node 7, rad
         55    9.960E-01,  4.462E-03, -8.877E-02         F               0         Tower X orientation angle, node 8, rad
         56   -4.623E-04,  9.990E-01,  4.503E-02         F               0         Tower Y orientation angle, node 8, rad
         57    8.888E-02, -4.481E-02,  9.950E-01         F               0         Tower Z orientation angle, node 8, rad
         58    9.960E-01,  4.470E-03, -8.893E-02         F               0         Tower X orientation angle, node 9, rad
         59   -4.536E-04,  9.990E-01,  4.513E-02         F               0         Tower Y orientation angle, node 9, rad
         60    8.904E-02, -4.491E-02,  9.950E-01         F               0         Tower Z orientation angle, node 9, rad
         61    9.960E-01,  4.474E-03, -8.902E-02         F               0         Tower X orientation angle, node 10, rad
         62   -4.479E-04,  9.990E-01,  4.519E-02         F               0         Tower Y orientation angle, node 10, rad
         63    8.913E-02, -4.497E-02,  9.950E-01         F               0         Tower Z orientation angle, node 10, rad
         64    9.960E-01,  4.476E-03, -8.906E-02         F               0         Tower X orientation angle, node 11, rad
         65   -4.447E-04,  9.990E-01,  4.523E-02         F               0         Tower Y orientation angle, node 11, rad
         66    8.917E-02, -4.501E-02,  9.950E-01         F               0         Tower Z orientation angle, node 11, rad
         67   -5.052E-03                                 F               0         Tower X translation velocity, node 1, m/s
         68    5.099E-04                                 F               0         Tower Y translation velocity, node 1, m/s
         69    4.434E-03                                 F               0         Tower Z translation velocity, node 1, m/s
         70   -4.950E-03                                 F               0         Tower X translation velocity, node 2, m/s
         71    3.060E-04                                 F               0         Tower Y translation velocity, node 2, m/s
         72    4.416E-03                                 F               0         Tower Z translation velocity, node 2, m/s
         73   -4.836E-03                                 F               0         Tower X translation velocity, node 3, m/s
         74    8.677E-05                                 F               0         Tower Y translation velocity, node 3, m/s
         75    4.397E-03                                 F               0         Tower Z translation velocity, node 3, m/s
         76   -4.712E-03                                 F               0         Tower X translation velocity, node 4, m/s
         77   -1.450E-04                                 F               0         Tower Y translation velocity, node 4, m/s
         78    4.376E-03                                 F               0         Tower Z translation velocity, node 4, m/s
         79   -4.578E-03                                 F               0         Tower X translation velocity, node 5, m/s
         80   -3.881E-04                                 F               0         Tower Y translation velocity, node 5, m/s
         81    4.353E-03                                 F               0         Tower Z translation velocity, node 5, m/s
         82   -4.434E-03                                 F               0         Tower X translation velocity, node 6, m/s
         83   -6.413E-04                                 F               0         Tower Y translation velocity, node 6, m/s
         84    4.329E-03                                 F               0         Tower Z translation velocity, node 6, m/s
         85   -4.281E-03                                 F               0         Tower X translation velocity, node 7, m/s
         86   -9.024E-04                                 F               0         Tower Y translation velocity, node 7, m/s
         87    4.304E-03                                 F               0         Tower Z translation velocity, node 7, m/s
         88   -4.121E-03                                 F               0         Tower X translation velocity, node 8, m/s
         89   -1.171E-03                                 F               0         Tower Y translation velocity, node 8, m/s
         90    4.277E-03                                 F               0         Tower Z translation velocity, node 8, m/s
         91   -3.953E-03                                 F               0         Tower X translation velocity, node 9, m/s
         92   -1.445E-03                                 F               0         Tower Y translation velocity, node 9, m/s
         93    4.250E-03                                 F               0         Tower Z translation velocity, node 9, m/s
         94   -3.780E-03                                 F               0         Tower X translation velocity, node 10, m/s
         95   -1.724E-03                                 F               0         Tower Y translation velocity, node 10, m/s
         96    4.222E-03                                 F               0         Tower Z translation velocity, node 10, m/s
         97   -3.603E-03                                 F               0         Tower X translation velocity, node 11, m/s
         98   -2.005E-03                                 F               0         Tower Y translation velocity, node 11, m/s
         99    4.193E-03                                 F               0         Tower Z translation velocity, node 11, m/s
        100    1.886E+01                                 F               0         Hub X translation displacement, node 1, m
        101   -7.114E+00                                 F               0         Hub Y translation displacement, node 1, m
        102    1.698E-01                                 F               0         Hub Z translation displacement, node 1, m
        103    9.812E-01,  9.156E-03, -1.926E-01         F               0         Hub X orientation angle, node 1, rad
        104    1.550E-01,  5.568E-01,  8.161E-01         F               0         Hub Y orientation angle, node 1, rad
        105    1.147E-01, -8.306E-01,  5.449E-01         F               0         Hub Z orientation angle, node 1, rad
        106    6.940E-01                                 F               0         Hub X rotation velocity, node 1, rad/s
        107    6.490E-03                                 F               0         Hub Y rotation velocity, node 1, rad/s
        108   -1.362E-01                                 F               0         Hub Z rotation velocity, node 1, rad/s
        109    9.762E-01, -7.367E-03, -2.167E-01         F               0         Blade root 1 X orientation angle, node 1, rad
        110    1.840E-01,  5.568E-01,  8.100E-01         F               0         Blade root 1 Y orientation angle, node 1, rad
        111    1.147E-01, -8.306E-01,  5.449E-01         F               0         Blade root 1 Z orientation angle, node 1, rad
        112    9.802E-01,  3.875E-02, -1.944E-01         F               0         Blade root 2 X orientation angle, node 1, rad
        113    5.095E-02, -9.970E-01,  5.816E-02         F               0         Blade root 2 Y orientation angle, node 1, rad
        114   -1.916E-01, -6.691E-02, -9.792E-01         F               0         Blade root 2 Z orientation angle, node 1, rad
        115    9.861E-01, -3.928E-03, -1.664E-01         F               0         Blade root 3 X orientation angle, node 1, rad
        116   -1.476E-01,  4.410E-01, -8.853E-01         F               0         Blade root 3 Y orientation angle, node 1, rad
        117    7.685E-02,  8.975E-01,  4.343E-01         F               0         Blade root 3 Z orientation angle, node 1, rad
        118    1.892E+01                                 F               0         Blade 1 X translation displacement, node 1, m
        119   -1.172E+01                                 F               0         Blade 1 Y translation displacement, node 1, m
        120   -2.321E+00                                 F               0         Blade 1 Z translation displacement, node 1, m
        121    1.893E+01                                 F               0         Blade 1 X translation displacement, node 2, m
        122   -1.282E+01                                 F               0         Blade 1 Y translation displacement, node 2, m
        123   -2.921E+00                                 F               0         Blade 1 Z translation displacement, node 2, m
        124    1.912E+01                                 F               0         Blade 1 X translation displacement, node 3, m
        125   -2.790E+01                                 F               0         Blade 1 Y translation displacement, node 3, m
        126   -1.108E+01                                 F               0         Blade 1 Z translation displacement, node 3, m
        127    1.915E+01                                 F               0         Blade 1 X translation displacement, node 4, m
        128   -3.111E+01                                 F               0         Blade 1 Y translation displacement, node 4, m
        129   -1.282E+01                                 F               0         Blade 1 Z translation displacement, node 4, m
        130    1.919E+01                                 F               0         Blade 1 X translation displacement, node 5, m
        131   -3.433E+01                                 F               0         Blade 1 Y translation displacement, node 5, m
        132   -1.456E+01                                 F               0         Blade 1 Z translation displacement, node 5, m
        133    1.923E+01                                 F               0         Blade 1 X translation displacement, node 6, m
        134   -3.754E+01                                 F               0         Blade 1 Y translation displacement, node 6, m
        135   -1.630E+01                                 F               0         Blade 1 Z translation displacement, node 6, m
        136    1.927E+01                                 F               0         Blade 1 X translation displacement, node 7, m
        137   -4.075E+01                                 F               0         Blade 1 Y translation displacement, node 7, m
        138   -1.804E+01                                 F               0         Blade 1 Z translation displacement, node 7, m
        139    1.931E+01                                 F               0         Blade 1 X translation displacement, node 8, m
        140   -4.396E+01                                 F               0         Blade 1 Y translation displacement, node 8, m
        141   -1.978E+01                                 F               0         Blade 1 Z translation displacement, node 8, m
        142    1.935E+01                                 F               0         Blade 1 X translation displacement, node 9, m
        143   -4.718E+01                                 F               0         Blade 1 Y translation displacement, node 9, m
        144   -2.152E+01                                 F               0         Blade 1 Z translation displacement, node 9, m
        145    1.939E+01                                 F               0         Blade 1 X translation displacement, node 10, m
        146   -5.039E+01                                 F               0         Blade 1 Y translation displacement, node 10, m
        147   -2.325E+01                                 F               0         Blade 1 Z translation displacement, node 10, m
        148    1.943E+01                                 F               0         Blade 1 X translation displacement, node 11, m
        149   -5.360E+01                                 F               0         Blade 1 Y translation displacement, node 11, m
        150   -2.499E+01                                 F               0         Blade 1 Z translation displacement, node 11, m
        151    1.947E+01                                 F               0         Blade 1 X translation displacement, node 12, m
        152   -5.681E+01                                 F               0         Blade 1 Y translation displacement, node 12, m
        153   -2.673E+01                                 F               0         Blade 1 Z translation displacement, node 12, m
        154    1.951E+01                                 F               0         Blade 1 X translation displacement, node 13, m
        155   -6.003E+01                                 F               0         Blade 1 Y translation displacement, node 13, m
        156   -2.847E+01                                 F               0         Blade 1 Z translation displacement, node 13, m
        157    1.955E+01                                 F               0         Blade 1 X translation displacement, node 14, m
        158   -6.324E+01                                 F               0         Blade 1 Y translation displacement, node 14, m
        159   -3.021E+01                                 F               0         Blade 1 Z translation displacement, node 14, m
        160    1.959E+01                                 F               0         Blade 1 X translation displacement, node 15, m
        161   -6.645E+01                                 F               0         Blade 1 Y translation displacement, node 15, m
        162   -3.195E+01                                 F               0         Blade 1 Z translation displacement, node 15, m
        163    1.963E+01                                 F               0         Blade 1 X translation displacement, node 16, m
        164   -6.966E+01                                 F               0         Blade 1 Y translation displacement, node 16, m
        165   -3.369E+01                                 F               0         Blade 1 Z translation displacement, node 16, m
        166    1.967E+01                                 F               0         Blade 1 X translation displacement, node 17, m
        167   -7.288E+01                                 F               0         Blade 1 Y translation displacement, node 17, m
        168   -3.543E+01                                 F               0         Blade 1 Z translation displacement, node 17, m
        169    1.971E+01                                 F               0         Blade 1 X translation displacement, node 18, m
        170   -7.609E+01                                 F               0         Blade 1 Y translation displacement, node 18, m
        171   -3.716E+01                                 F               0         Blade 1 Z translation displacement, node 18, m
        172    1.975E+01                                 F               0         Blade 1 X translation displacement, node 19, m
        173   -7.930E+01                                 F               0         Blade 1 Y translation displacement, node 19, m
        174   -3.890E+01                                 F               0         Blade 1 Z translation displacement, node 19, m
        175    1.978E+01                                 F               0         Blade 1 X translation displacement, node 20, m
        176   -8.251E+01                                 F               0         Blade 1 Y translation displacement, node 20, m
        177   -4.064E+01                                 F               0         Blade 1 Z translation displacement, node 20, m
        178    1.982E+01                                 F               0         Blade 1 X translation displacement, node 21, m
        179   -8.573E+01                                 F               0         Blade 1 Y translation displacement, node 21, m
        180   -4.238E+01                                 F               0         Blade 1 Z translation displacement, node 21, m
        181    1.986E+01                                 F               0         Blade 1 X translation displacement, node 22, m
        182   -8.894E+01                                 F               0         Blade 1 Y translation displacement, node 22, m
        183   -4.412E+01                                 F               0         Blade 1 Z translation displacement, node 22, m
        184    1.990E+01                                 F               0         Blade 1 X translation displacement, node 23, m
        185   -9.215E+01                                 F               0         Blade 1 Y translation displacement, node 23, m
        186   -4.586E+01                                 F               0         Blade 1 Z translation displacement, node 23, m
        187    1.994E+01                                 F               0         Blade 1 X translation displacement, node 24, m
        188   -9.536E+01                                 F               0         Blade 1 Y translation displacement, node 24, m
        189   -4.760E+01                                 F               0         Blade 1 Z translation displacement, node 24, m
        190    1.998E+01                                 F               0         Blade 1 X translation displacement, node 25, m
        191   -9.858E+01                                 F               0         Blade 1 Y translation displacement, node 25, m
        192   -4.934E+01                                 F               0         Blade 1 Z translation displacement, node 25, m
        193    2.002E+01                                 F               0         Blade 1 X translation displacement, node 26, m
        194   -1.018E+02                                 F               0         Blade 1 Y translation displacement, node 26, m
        195   -5.108E+01                                 F               0         Blade 1 Z translation displacement, node 26, m
        196    2.006E+01                                 F               0         Blade 1 X translation displacement, node 27, m
        197   -1.050E+02                                 F               0         Blade 1 Y translation displacement, node 27, m
        198   -5.281E+01                                 F               0         Blade 1 Z translation displacement, node 27, m
        199    2.009E+01                                 F               0         Blade 1 X translation displacement, node 28, m
        200   -1.077E+02                                 F               0         Blade 1 Y translation displacement, node 28, m
        201   -5.429E+01                                 F               0         Blade 1 Z translation displacement, node 28, m
        202    7.849E-01, -2.605E-01, -5.622E-01         F               0         Blade 1 X orientation angle, node 1, rad
        203    6.089E-01,  4.922E-01,  6.220E-01         F               0         Blade 1 Y orientation angle, node 1, rad
        204    1.147E-01, -8.306E-01,  5.449E-01         F               0         Blade 1 Z orientation angle, node 1, rad
        205    7.849E-01, -2.605E-01, -5.622E-01         F               0         Blade 1 X orientation angle, node 2, rad
        206    6.089E-01,  4.922E-01,  6.220E-01         F               0         Blade 1 Y orientation angle, node 2, rad
        207    1.147E-01, -8.306E-01,  5.449E-01         F               0         Blade 1 Z orientation angle, node 2, rad
        208    9.068E-01, -1.364E-01, -3.988E-01         F               0         Blade 1 X orientation angle, node 3, rad
        209    4.055E-01,  5.399E-01,  7.376E-01         F               0         Blade 1 Y orientation angle, node 3, rad
        210    1.147E-01, -8.306E-01,  5.449E-01         F               0         Blade 1 Z orientation angle, node 3, rad
        211    9.232E-01, -1.135E-01, -3.673E-01         F               0         Blade 1 X orientation angle, node 4, rad
        212    3.669E-01,  5.452E-01,  7.538E-01         F               0         Blade 1 Y orientation angle, node 4, rad
        213    1.147E-01, -8.306E-01,  5.449E-01         F               0         Blade 1 Z orientation angle, node 4, rad
        214    9.348E-01, -9.534E-02, -3.421E-01         F               0         Blade 1 X orientation angle, node 5, rad
        215    3.361E-01,  5.487E-01,  7.655E-01         F               0         Blade 1 Y orientation angle, node 5, rad
        216    1.147E-01, -8.306E-01,  5.449E-01         F               0         Blade 1 Z orientation angle, node 5, rad
        217    9.434E-01, -8.075E-02, -3.217E-01         F               0         Blade 1 X orientation angle, node 6, rad
        218    3.112E-01,  5.510E-01,  7.743E-01         F               0         Blade 1 Y orientation angle, node 6, rad
        219    1.147E-01, -8.306E-01,  5.449E-01         F               0         Blade 1 Z orientation angle, node 6, rad
        220    9.500E-01, -6.872E-02, -3.047E-01         F               0         Blade 1 X orientation angle, node 7, rad
        221    2.905E-01,  5.526E-01,  7.812E-01         F               0         Blade 1 Y orientation angle, node 7, rad
        222    1.147E-01, -8.306E-01,  5.449E-01         F               0         Blade 1 Z orientation angle, node 7, rad
        223    9.551E-01, -5.867E-02, -2.905E-01         F               0         Blade 1 X orientation angle, node 8, rad
        224    2.732E-01,  5.538E-01,  7.866E-01         F               0         Blade 1 Y orientation angle, node 8, rad
        225    1.147E-01, -8.306E-01,  5.449E-01         F               0         Blade 1 Z orientation angle, node 8, rad
        226    9.592E-01, -5.016E-02, -2.783E-01         F               0         Blade 1 X orientation angle, node 9, rad
        227    2.585E-01,  5.546E-01,  7.909E-01         F               0         Blade 1 Y orientation angle, node 9, rad
        228    1.147E-01, -8.306E-01,  5.449E-01         F               0         Blade 1 Z orientation angle, node 9, rad
        229    9.625E-01, -4.280E-02, -2.678E-01         F               0         Blade 1 X orientation angle, node 10, rad
        230    2.458E-01,  5.552E-01,  7.945E-01         F               0         Blade 1 Y orientation angle, node 10, rad
        231    1.147E-01, -8.306E-01,  5.449E-01         F               0         Blade 1 Z orientation angle, node 10, rad
        232    9.652E-01, -3.650E-02, -2.588E-01         F               0         Blade 1 X orientation angle, node 11, rad
        233    2.348E-01,  5.557E-01,  7.975E-01         F               0         Blade 1 Y orientation angle, node 11, rad
        234    1.147E-01, -8.306E-01,  5.449E-01         F               0         Blade 1 Z orientation angle, node 11, rad
        235    9.675E-01, -3.097E-02, -2.509E-01         F               0         Blade 1 X orientation angle, node 12, rad
        236    2.252E-01,  5.560E-01,  8.001E-01         F               0         Blade 1 Y orientation angle, node 12, rad
        237    1.147E-01, -8.306E-01,  5.449E-01         F               0         Blade 1 Z orientation angle, node 12, rad
        238    9.695E-01, -2.612E-02, -2.439E-01         F               0         Blade 1 X orientation angle, node 13, rad
        239    2.168E-01,  5.563E-01,  8.022E-01         F               0         Blade 1 Y orientation angle, node 13, rad
        240    1.147E-01, -8.306E-01,  5.449E-01         F               0         Blade 1 Z orientation angle, node 13, rad
        241    9.711E-01, -2.175E-02, -2.376E-01         F               0         Blade 1 X orientation angle, node 14, rad
        242    2.092E-01,  5.565E-01,  8.041E-01         F               0         Blade 1 Y orientation angle, node 14, rad
        243    1.147E-01, -8.306E-01,  5.449E-01         F               0         Blade 1 Z orientation angle, node 14, rad
        244    9.726E-01, -1.786E-02, -2.319E-01         F               0         Blade 1 X orientation angle, node 15, rad
        245    2.024E-01,  5.566E-01,  8.058E-01         F               0         Blade 1 Y orientation angle, node 15, rad
        246    1.147E-01, -8.306E-01,  5.449E-01         F               0         Blade 1 Z orientation angle, node 15, rad
        247    9.738E-01, -1.436E-02, -2.269E-01         F               0         Blade 1 X orientation angle, node 16, rad
        248    1.963E-01,  5.567E-01,  8.072E-01         F               0         Blade 1 Y orientation angle, node 16, rad
        249    1.147E-01, -8.306E-01,  5.449E-01         F               0         Blade 1 Z orientation angle, node 16, rad
        250    9.749E-01, -1.125E-02, -2.224E-01         F               0         Blade 1 X orientation angle, node 17, rad
        251    1.908E-01,  5.568E-01,  8.085E-01         F               0         Blade 1 Y orientation angle, node 17, rad
        252    1.147E-01, -8.306E-01,  5.449E-01         F               0         Blade 1 Z orientation angle, node 17, rad
        253    9.759E-01, -8.338E-03, -2.181E-01         F               0         Blade 1 X orientation angle, node 18, rad
        254    1.857E-01,  5.568E-01,  8.096E-01         F               0         Blade 1 Y orientation angle, node 18, rad
        255    1.147E-01, -8.306E-01,  5.449E-01         F               0         Blade 1 Z orientation angle, node 18, rad
        256    9.768E-01, -5.714E-03, -2.143E-01         F               0         Blade 1 X orientation angle, node 19, rad
        257    1.811E-01,  5.569E-01,  8.106E-01         F               0         Blade 1 Y orientation angle, node 19, rad
        258    1.147E-01, -8.306E-01,  5.449E-01         F               0         Blade 1 Z orientation angle, node 19, rad
        259    9.775E-01, -3.382E-03, -2.109E-01         F               0         Blade 1 X orientation angle, node 20, rad
        260    1.770E-01,  5.569E-01,  8.115E-01         F               0         Blade 1 Y orientation angle, node 20, rad
        261    1.147E-01, -8.306E-01,  5.449E-01         F               0         Blade 1 Z orientation angle, node 20, rad
        262    9.782E-01, -1.146E-03, -2.076E-01         F               0         Blade 1 X orientation angle, node 21, rad
        263    1.731E-01,  5.569E-01,  8.124E-01         F               0         Blade 1 Y orientation angle, node 21, rad
        264    1.147E-01, -8.306E-01,  5.449E-01         F               0         Blade 1 Z orientation angle, node 21, rad
        265    9.788E-01,  8.947E-04, -2.047E-01         F               0         Blade 1 X orientation angle, node 22, rad
        266    1.695E-01,  5.569E-01,  8.131E-01         F               0         Blade 1 Y orientation angle, node 22, rad
        267    1.147E-01, -8.306E-01,  5.449E-01         F               0         Blade 1 Z orientation angle, node 22, rad
        268    9.794E-01,  2.741E-03, -2.020E-01         F               0         Blade 1 X orientation angle, node 23, rad
        269    1.663E-01,  5.569E-01,  8.138E-01         F               0         Blade 1 Y orientation angle, node 23, rad
        270    1.147E-01, -8.306E-01,  5.449E-01         F               0         Blade 1 Z orientation angle, node 23, rad
        271    9.799E-01,  4.491E-03, -1.994E-01         F               0         Blade 1 X orientation angle, node 24, rad
        272    1.632E-01,  5.569E-01,  8.144E-01         F               0         Blade 1 Y orientation angle, node 24, rad
        273    1.147E-01, -8.306E-01,  5.449E-01         F               0         Blade 1 Z orientation angle, node 24, rad
        274    9.804E-01,  6.143E-03, -1.970E-01         F               0         Blade 1 X orientation angle, node 25, rad
        275    1.603E-01,  5.568E-01,  8.150E-01         F               0         Blade 1 Y orientation angle, node 25, rad
        276    1.147E-01, -8.306E-01,  5.449E-01         F               0         Blade 1 Z orientation angle, node 25, rad
        277    9.808E-01,  7.601E-03, -1.949E-01         F               0         Blade 1 X orientation angle, node 26, rad
        278    1.577E-01,  5.568E-01,  8.155E-01         F               0         Blade 1 Y orientation angle, node 26, rad
        279    1.147E-01, -8.306E-01,  5.449E-01         F               0         Blade 1 Z orientation angle, node 26, rad
        280    9.812E-01,  9.059E-03, -1.927E-01         F               0         Blade 1 X orientation angle, node 27, rad
        281    1.551E-01,  5.568E-01,  8.160E-01         F               0         Blade 1 Y orientation angle, node 27, rad
        282    1.147E-01, -8.306E-01,  5.449E-01         F               0         Blade 1 Z orientation angle, node 27, rad
        283    9.814E-01,  9.836E-03, -1.916E-01         F               0         Blade 1 X orientation angle, node 28, rad
        284    1.538E-01,  5.568E-01,  8.163E-01         F               0         Blade 1 Y orientation angle, node 28, rad
        285    1.147E-01, -8.306E-01,  5.449E-01         F               0         Blade 1 Z orientation angle, node 28, rad
        286   -6.107E-01                                 F               0         Blade 1 X translation velocity, node 1, m/s
        287   -2.184E+00                                 F               0         Blade 1 Y translation velocity, node 1, m/s
        288   -3.193E+00                                 F               0         Blade 1 Z translation velocity, node 1, m/s
        289   -7.570E-01                                 F               0         Blade 1 X translation velocity, node 2, m/s
        290   -2.710E+00                                 F               0         Blade 1 Y translation velocity, node 2, m/s
        291   -3.964E+00                                 F               0         Blade 1 Z translation velocity, node 2, m/s
        292   -2.746E+00                                 F               0         Blade 1 X translation velocity, node 3, m/s
        293   -9.858E+00                                 F               0         Blade 1 Y translation velocity, node 3, m/s
        294   -1.444E+01                                 F               0         Blade 1 Z translation velocity, node 3, m/s
        295   -3.170E+00                                 F               0         Blade 1 X translation velocity, node 4, m/s
        296   -1.138E+01                                 F               0         Blade 1 Y translation velocity, node 4, m/s
        297   -1.667E+01                                 F               0         Blade 1 Z translation velocity, node 4, m/s
        298   -3.594E+00                                 F               0         Blade 1 X translation velocity, node 5, m/s
        299   -1.290E+01                                 F               0         Blade 1 Y translation velocity, node 5, m/s
        300   -1.891E+01                                 F               0         Blade 1 Z translation velocity, node 5, m/s
        301   -4.018E+00                                 F               0         Blade 1 X translation velocity, node 6, m/s
        302   -1.443E+01                                 F               0         Blade 1 Y translation velocity, node 6, m/s
        303   -2.114E+01                                 F               0         Blade 1 Z translation velocity, node 6, m/s
        304   -4.442E+00                                 F               0         Blade 1 X translation velocity, node 7, m/s
        305   -1.595E+01                                 F               0         Blade 1 Y translation velocity, node 7, m/s
        306   -2.337E+01                                 F               0         Blade 1 Z translation velocity, node 7, m/s
        307   -4.866E+00                                 F               0         Blade 1 X translation velocity, node 8, m/s
