
Linearized model: Predictions were generated on 11-Jan-2024 at 12:32:35 using OpenFAST, compiled as a 64-bit application using single precision at commit v3.5.1
 linked with  NWTC Subroutine Library; ElastoDyn; InflowWind; AeroDyn; ServoDyn; HydroDyn; MoorDyn (v2.0.0, 2023-09-18)

Description from the FAST input file: CCT-9 Campign 4 model. Input files to be run with OpenFAST 3.5.0. GitHub branch from Lu Wang (https://github.com/luwang00/openfast/tree/dev) compiled on March 7, 2023.

Simulation information:
   Simulation time:                   500.2500 s
   Rotor Speed:                         0.7077 rad/s
   Azimuth:                             3.7169 rad
   Wind Speed:                          8.0000 m/s
   Number of continuous states:         0
   Number of discrete states:           0
   Number of constraint states:         0
   Number of inputs:                 1746
   Number of outputs:                   4
   Jacobians included in this file?    No

Order of inputs:
     Column   Operating Point                     Rotating Frame? Derivative Order Description
   ---------- ---------------                     --------------- ---------------- -----------
          1    7.308E+00                                 F               0         Tower X translation displacement, node 1, m
          2   -1.242E+00                                 F               0         Tower Y translation displacement, node 1, m
          3   -1.696E-01                                 F               0         Tower Z translation displacement, node 1, m
          4    8.351E+00                                 F               0         Tower X translation displacement, node 2, m
          5   -1.777E+00                                 F               0         Tower Y translation displacement, node 2, m
          6   -2.253E-01                                 F               0         Tower Z translation displacement, node 2, m
          7    9.409E+00                                 F               0         Tower X translation displacement, node 3, m
          8   -2.317E+00                                 F               0         Tower Y translation displacement, node 3, m
          9   -2.826E-01                                 F               0         Tower Z translation displacement, node 3, m
         10    1.048E+01                                 F               0         Tower X translation displacement, node 4, m
         11   -2.861E+00                                 F               0         Tower Y translation displacement, node 4, m
         12   -3.411E-01                                 F               0         Tower Z translation displacement, node 4, m
         13    1.156E+01                                 F               0         Tower X translation displacement, node 5, m
         14   -3.408E+00                                 F               0         Tower Y translation displacement, node 5, m
         15   -4.005E-01                                 F               0         Tower Z translation displacement, node 5, m
         16    1.265E+01                                 F               0         Tower X translation displacement, node 6, m
         17   -3.958E+00                                 F               0         Tower Y translation displacement, node 6, m
         18   -4.608E-01                                 F               0         Tower Z translation displacement, node 6, m
         19    1.374E+01                                 F               0         Tower X translation displacement, node 7, m
         20   -4.511E+00                                 F               0         Tower Y translation displacement, node 7, m
         21   -5.215E-01                                 F               0         Tower Z translation displacement, node 7, m
         22    1.483E+01                                 F               0         Tower X translation displacement, node 8, m
         23   -5.065E+00                                 F               0         Tower Y translation displacement, node 8, m
         24   -5.828E-01                                 F               0         Tower Z translation displacement, node 8, m
         25    1.593E+01                                 F               0         Tower X translation displacement, node 9, m
         26   -5.621E+00                                 F               0         Tower Y translation displacement, node 9, m
         27   -6.443E-01                                 F               0         Tower Z translation displacement, node 9, m
         28    1.703E+01                                 F               0         Tower X translation displacement, node 10, m
         29   -6.178E+00                                 F               0         Tower Y translation displacement, node 10, m
         30   -7.060E-01                                 F               0         Tower Z translation displacement, node 10, m
         31    1.814E+01                                 F               0         Tower X translation displacement, node 11, m
         32   -6.736E+00                                 F               0         Tower Y translation displacement, node 11, m
         33   -7.678E-01                                 F               0         Tower Z translation displacement, node 11, m
         34    9.965E-01,  4.239E-03, -8.379E-02         F               0         Tower X orientation angle, node 1, rad
         35   -6.068E-04,  9.991E-01,  4.333E-02         F               0         Tower Y orientation angle, node 1, rad
         36    8.390E-02, -4.312E-02,  9.955E-01         F               0         Tower Z orientation angle, node 1, rad
         37    9.964E-01,  4.292E-03, -8.500E-02         F               0         Tower X orientation angle, node 2, rad
         38   -5.738E-04,  9.990E-01,  4.372E-02         F               0         Tower Y orientation angle, node 2, rad
         39    8.510E-02, -4.351E-02,  9.954E-01         F               0         Tower Z orientation angle, node 2, rad
         40    9.963E-01,  4.337E-03, -8.604E-02         F               0         Tower X orientation angle, node 3, rad
         41   -5.437E-04,  9.990E-01,  4.407E-02         F               0         Tower Y orientation angle, node 3, rad
         42    8.615E-02, -4.386E-02,  9.953E-01         F               0         Tower Z orientation angle, node 3, rad
         43    9.962E-01,  4.375E-03, -8.690E-02         F               0         Tower X orientation angle, node 4, rad
         44   -5.172E-04,  9.990E-01,  4.437E-02         F               0         Tower Y orientation angle, node 4, rad
         45    8.700E-02, -4.416E-02,  9.952E-01         F               0         Tower Z orientation angle, node 4, rad
         46    9.961E-01,  4.406E-03, -8.758E-02         F               0         Tower X orientation angle, node 5, rad
         47   -4.943E-04,  9.990E-01,  4.463E-02         F               0         Tower Y orientation angle, node 5, rad
         48    8.769E-02, -4.442E-02,  9.952E-01         F               0         Tower Z orientation angle, node 5, rad
         49    9.961E-01,  4.429E-03, -8.810E-02         F               0         Tower X orientation angle, node 6, rad
         50   -4.750E-04,  9.990E-01,  4.485E-02         F               0         Tower Y orientation angle, node 6, rad
         51    8.821E-02, -4.463E-02,  9.951E-01         F               0         Tower Z orientation angle, node 6, rad
         52    9.961E-01,  4.446E-03, -8.847E-02         F               0         Tower X orientation angle, node 7, rad
         53   -4.595E-04,  9.990E-01,  4.503E-02         F               0         Tower Y orientation angle, node 7, rad
         54    8.858E-02, -4.481E-02,  9.951E-01         F               0         Tower Z orientation angle, node 7, rad
         55    9.960E-01,  4.458E-03, -8.873E-02         F               0         Tower X orientation angle, node 8, rad
         56   -4.475E-04,  9.990E-01,  4.516E-02         F               0         Tower Y orientation angle, node 8, rad
         57    8.884E-02, -4.494E-02,  9.950E-01         F               0         Tower Z orientation angle, node 8, rad
         58    9.960E-01,  4.465E-03, -8.889E-02         F               0         Tower X orientation angle, node 9, rad
         59   -4.387E-04,  9.990E-01,  4.526E-02         F               0         Tower Y orientation angle, node 9, rad
         60    8.900E-02, -4.504E-02,  9.950E-01         F               0         Tower Z orientation angle, node 9, rad
         61    9.960E-01,  4.469E-03, -8.898E-02         F               0         Tower X orientation angle, node 10, rad
         62   -4.329E-04,  9.990E-01,  4.533E-02         F               0         Tower Y orientation angle, node 10, rad
         63    8.909E-02, -4.511E-02,  9.950E-01         F               0         Tower Z orientation angle, node 10, rad
         64    9.960E-01,  4.471E-03, -8.902E-02         F               0         Tower X orientation angle, node 11, rad
         65   -4.297E-04,  9.990E-01,  4.536E-02         F               0         Tower Y orientation angle, node 11, rad
         66    8.913E-02, -4.515E-02,  9.950E-01         F               0         Tower Z orientation angle, node 11, rad
         67   -3.657E-03                                 F               0         Tower X translation velocity, node 1, m/s
         68    3.036E-03                                 F               0         Tower Y translation velocity, node 1, m/s
         69    5.128E-04                                 F               0         Tower Z translation velocity, node 1, m/s
         70   -3.526E-03                                 F               0         Tower X translation velocity, node 2, m/s
         71    3.975E-03                                 F               0         Tower Y translation velocity, node 2, m/s
         72    5.425E-04                                 F               0         Tower Z translation velocity, node 2, m/s
         73   -3.388E-03                                 F               0         Tower X translation velocity, node 3, m/s
         74    4.937E-03                                 F               0         Tower Y translation velocity, node 3, m/s
         75    5.729E-04                                 F               0         Tower Z translation velocity, node 3, m/s
         76   -3.245E-03                                 F               0         Tower X translation velocity, node 4, m/s
         77    5.920E-03                                 F               0         Tower Y translation velocity, node 4, m/s
         78    6.039E-04                                 F               0         Tower Z translation velocity, node 4, m/s
         79   -3.097E-03                                 F               0         Tower X translation velocity, node 5, m/s
         80    6.920E-03                                 F               0         Tower Y translation velocity, node 5, m/s
         81    6.354E-04                                 F               0         Tower Z translation velocity, node 5, m/s
         82   -2.945E-03                                 F               0         Tower X translation velocity, node 6, m/s
         83    7.935E-03                                 F               0         Tower Y translation velocity, node 6, m/s
         84    6.674E-04                                 F               0         Tower Z translation velocity, node 6, m/s
         85   -2.790E-03                                 F               0         Tower X translation velocity, node 7, m/s
         86    8.962E-03                                 F               0         Tower Y translation velocity, node 7, m/s
         87    6.998E-04                                 F               0         Tower Z translation velocity, node 7, m/s
         88   -2.632E-03                                 F               0         Tower X translation velocity, node 8, m/s
         89    9.999E-03                                 F               0         Tower Y translation velocity, node 8, m/s
         90    7.325E-04                                 F               0         Tower Z translation velocity, node 8, m/s
         91   -2.473E-03                                 F               0         Tower X translation velocity, node 9, m/s
         92    1.104E-02                                 F               0         Tower Y translation velocity, node 9, m/s
         93    7.655E-04                                 F               0         Tower Z translation velocity, node 9, m/s
         94   -2.312E-03                                 F               0         Tower X translation velocity, node 10, m/s
         95    1.210E-02                                 F               0         Tower Y translation velocity, node 10, m/s
         96    7.987E-04                                 F               0         Tower Z translation velocity, node 10, m/s
         97   -2.150E-03                                 F               0         Tower X translation velocity, node 11, m/s
         98    1.315E-02                                 F               0         Tower Y translation velocity, node 11, m/s
         99    8.321E-04                                 F               0         Tower Z translation velocity, node 11, m/s
        100    1.888E+01                                 F               0         Hub X translation displacement, node 1, m
        101   -7.139E+00                                 F               0         Hub Y translation displacement, node 1, m
        102    1.544E-01                                 F               0         Hub Z translation displacement, node 1, m
        103    9.812E-01,  9.165E-03, -1.925E-01         F               0         Hub X orientation angle, node 1, rad
        104   -1.045E-01, -8.140E-01, -5.714E-01         F               0         Hub Y orientation angle, node 1, rad
        105   -1.620E-01,  5.808E-01, -7.978E-01         F               0         Hub Z orientation angle, node 1, rad
        106    6.943E-01                                 F               0         Hub X rotation velocity, node 1, rad/s
        107    6.499E-03                                 F               0         Hub Y rotation velocity, node 1, rad/s
        108   -1.362E-01                                 F               0         Hub Z rotation velocity, node 1, rad/s
        109    9.839E-01,  3.331E-02, -1.755E-01         F               0         Blade root 1 X orientation angle, node 1, rad
        110   -7.536E-02, -8.133E-01, -5.769E-01         F               0         Blade root 1 Y orientation angle, node 1, rad
        111   -1.620E-01,  5.808E-01, -7.978E-01         F               0         Blade root 1 Z orientation angle, node 1, rad
        112    9.834E-01, -1.783E-02, -1.804E-01         F               0         Blade root 2 X orientation angle, node 1, rad
        113   -5.885E-02,  9.099E-01, -4.107E-01         F               0         Blade root 2 Y orientation angle, node 1, rad
        114    1.715E-01,  4.145E-01,  8.937E-01         F               0         Blade root 2 Z orientation angle, node 1, rad
        115    9.751E-01,  1.201E-02, -2.214E-01         F               0         Blade root 3 X orientation angle, node 1, rad
        116    2.215E-01, -9.570E-02,  9.704E-01         F               0         Blade root 3 Y orientation angle, node 1, rad
        117   -9.536E-03, -9.953E-01, -9.598E-02         F               0         Blade root 3 Z orientation angle, node 1, rad
        118    1.740E+01                                 F               0         Blade 1 X translation displacement, node 1, m
        119   -3.921E+00                                 F               0         Blade 1 Y translation displacement, node 1, m
        120   -9.775E+00                                 F               0         Blade 1 Z translation displacement, node 1, m
        121    1.705E+01                                 F               0         Blade 1 X translation displacement, node 2, m
        122   -3.146E+00                                 F               0         Blade 1 Y translation displacement, node 2, m
        123   -1.217E+01                                 F               0         Blade 1 Z translation displacement, node 2, m
        124    1.221E+01                                 F               0         Blade 1 X translation displacement, node 3, m
        125    7.398E+00                                 F               0         Blade 1 Y translation displacement, node 3, m
        126   -4.470E+01                                 F               0         Blade 1 Z translation displacement, node 3, m
        127    1.118E+01                                 F               0         Blade 1 X translation displacement, node 4, m
        128    9.644E+00                                 F               0         Blade 1 Y translation displacement, node 4, m
        129   -5.163E+01                                 F               0         Blade 1 Z translation displacement, node 4, m
        130    1.015E+01                                 F               0         Blade 1 X translation displacement, node 5, m
        131    1.189E+01                                 F               0         Blade 1 Y translation displacement, node 5, m
        132   -5.857E+01                                 F               0         Blade 1 Z translation displacement, node 5, m
        133    9.116E+00                                 F               0         Blade 1 X translation displacement, node 6, m
        134    1.414E+01                                 F               0         Blade 1 Y translation displacement, node 6, m
        135   -6.550E+01                                 F               0         Blade 1 Z translation displacement, node 6, m
        136    8.086E+00                                 F               0         Blade 1 X translation displacement, node 7, m
        137    1.638E+01                                 F               0         Blade 1 Y translation displacement, node 7, m
        138   -7.243E+01                                 F               0         Blade 1 Z translation displacement, node 7, m
        139    7.055E+00                                 F               0         Blade 1 X translation displacement, node 8, m
        140    1.863E+01                                 F               0         Blade 1 Y translation displacement, node 8, m
        141   -7.936E+01                                 F               0         Blade 1 Z translation displacement, node 8, m
        142    6.024E+00                                 F               0         Blade 1 X translation displacement, node 9, m
        143    2.088E+01                                 F               0         Blade 1 Y translation displacement, node 9, m
        144   -8.629E+01                                 F               0         Blade 1 Z translation displacement, node 9, m
        145    4.994E+00                                 F               0         Blade 1 X translation displacement, node 10, m
        146    2.312E+01                                 F               0         Blade 1 Y translation displacement, node 10, m
        147   -9.323E+01                                 F               0         Blade 1 Z translation displacement, node 10, m
        148    3.963E+00                                 F               0         Blade 1 X translation displacement, node 11, m
        149    2.537E+01                                 F               0         Blade 1 Y translation displacement, node 11, m
        150   -1.002E+02                                 F               0         Blade 1 Z translation displacement, node 11, m
        151    2.932E+00                                 F               0         Blade 1 X translation displacement, node 12, m
        152    2.762E+01                                 F               0         Blade 1 Y translation displacement, node 12, m
        153   -1.071E+02                                 F               0         Blade 1 Z translation displacement, node 12, m
        154    1.901E+00                                 F               0         Blade 1 X translation displacement, node 13, m
        155    2.986E+01                                 F               0         Blade 1 Y translation displacement, node 13, m
        156   -1.140E+02                                 F               0         Blade 1 Z translation displacement, node 13, m
        157    8.708E-01                                 F               0         Blade 1 X translation displacement, node 14, m
        158    3.211E+01                                 F               0         Blade 1 Y translation displacement, node 14, m
        159   -1.210E+02                                 F               0         Blade 1 Z translation displacement, node 14, m
        160   -1.600E-01                                 F               0         Blade 1 X translation displacement, node 15, m
        161    3.436E+01                                 F               0         Blade 1 Y translation displacement, node 15, m
        162   -1.279E+02                                 F               0         Blade 1 Z translation displacement, node 15, m
        163   -1.191E+00                                 F               0         Blade 1 X translation displacement, node 16, m
        164    3.660E+01                                 F               0         Blade 1 Y translation displacement, node 16, m
        165   -1.348E+02                                 F               0         Blade 1 Z translation displacement, node 16, m
        166   -2.221E+00                                 F               0         Blade 1 X translation displacement, node 17, m
        167    3.885E+01                                 F               0         Blade 1 Y translation displacement, node 17, m
        168   -1.417E+02                                 F               0         Blade 1 Z translation displacement, node 17, m
        169   -3.252E+00                                 F               0         Blade 1 X translation displacement, node 18, m
        170    4.109E+01                                 F               0         Blade 1 Y translation displacement, node 18, m
        171   -1.487E+02                                 F               0         Blade 1 Z translation displacement, node 18, m
        172   -4.283E+00                                 F               0         Blade 1 X translation displacement, node 19, m
        173    4.334E+01                                 F               0         Blade 1 Y translation displacement, node 19, m
        174   -1.556E+02                                 F               0         Blade 1 Z translation displacement, node 19, m
        175   -5.313E+00                                 F               0         Blade 1 X translation displacement, node 20, m
        176    4.559E+01                                 F               0         Blade 1 Y translation displacement, node 20, m
        177   -1.625E+02                                 F               0         Blade 1 Z translation displacement, node 20, m
        178   -6.344E+00                                 F               0         Blade 1 X translation displacement, node 21, m
        179    4.783E+01                                 F               0         Blade 1 Y translation displacement, node 21, m
        180   -1.695E+02                                 F               0         Blade 1 Z translation displacement, node 21, m
        181   -7.375E+00                                 F               0         Blade 1 X translation displacement, node 22, m
        182    5.008E+01                                 F               0         Blade 1 Y translation displacement, node 22, m
        183   -1.764E+02                                 F               0         Blade 1 Z translation displacement, node 22, m
        184   -8.405E+00                                 F               0         Blade 1 X translation displacement, node 23, m
        185    5.233E+01                                 F               0         Blade 1 Y translation displacement, node 23, m
        186   -1.833E+02                                 F               0         Blade 1 Z translation displacement, node 23, m
        187   -9.436E+00                                 F               0         Blade 1 X translation displacement, node 24, m
        188    5.457E+01                                 F               0         Blade 1 Y translation displacement, node 24, m
        189   -1.903E+02                                 F               0         Blade 1 Z translation displacement, node 24, m
        190   -1.047E+01                                 F               0         Blade 1 X translation displacement, node 25, m
        191    5.682E+01                                 F               0         Blade 1 Y translation displacement, node 25, m
        192   -1.972E+02                                 F               0         Blade 1 Z translation displacement, node 25, m
        193   -1.150E+01                                 F               0         Blade 1 X translation displacement, node 26, m
        194    5.907E+01                                 F               0         Blade 1 Y translation displacement, node 26, m
        195   -2.041E+02                                 F               0         Blade 1 Z translation displacement, node 26, m
        196   -1.253E+01                                 F               0         Blade 1 X translation displacement, node 27, m
        197    6.131E+01                                 F               0         Blade 1 Y translation displacement, node 27, m
        198   -2.111E+02                                 F               0         Blade 1 Z translation displacement, node 27, m
        199   -1.340E+01                                 F               0         Blade 1 X translation displacement, node 28, m
        200    6.322E+01                                 F               0         Blade 1 Y translation displacement, node 28, m
        201   -2.169E+02                                 F               0         Blade 1 Z translation displacement, node 28, m
        202    9.100E-01,  4.005E-01,  1.069E-01         F               0         Blade 1 X orientation angle, node 1, rad
        203    3.816E-01, -7.087E-01, -5.934E-01         F               0         Blade 1 Y orientation angle, node 1, rad
        204   -1.620E-01,  5.808E-01, -7.978E-01         F               0         Blade 1 Z orientation angle, node 1, rad
        205    9.100E-01,  4.005E-01,  1.069E-01         F               0         Blade 1 X orientation angle, node 2, rad
        206    3.816E-01, -7.087E-01, -5.934E-01         F               0         Blade 1 Y orientation angle, node 2, rad
        207   -1.620E-01,  5.808E-01, -7.978E-01         F               0         Blade 1 Z orientation angle, node 2, rad
        208    9.745E-01,  2.212E-01, -3.682E-02         F               0         Blade 1 X orientation angle, node 3, rad
        209    1.551E-01, -7.834E-01, -6.019E-01         F               0         Blade 1 Y orientation angle, node 3, rad
        210   -1.620E-01,  5.808E-01, -7.978E-01         F               0         Blade 1 Z orientation angle, node 3, rad
        211    9.802E-01,  1.879E-01, -6.220E-02         F               0         Blade 1 X orientation angle, node 4, rad
        212    1.138E-01, -7.921E-01, -5.998E-01         F               0         Blade 1 Y orientation angle, node 4, rad
        213   -1.620E-01,  5.808E-01, -7.978E-01         F               0         Blade 1 Z orientation angle, node 4, rad
        214    9.835E-01,  1.615E-01, -8.206E-02         F               0         Blade 1 X orientation angle, node 5, rad
        215    8.120E-02, -7.978E-01, -5.974E-01         F               0         Blade 1 Y orientation angle, node 5, rad
        216   -1.620E-01,  5.808E-01, -7.978E-01         F               0         Blade 1 Z orientation angle, node 5, rad
        217    9.853E-01,  1.403E-01, -9.787E-02         F               0         Blade 1 X orientation angle, node 6, rad
        218    5.509E-02, -8.018E-01, -5.950E-01         F               0         Blade 1 Y orientation angle, node 6, rad
        219   -1.620E-01,  5.808E-01, -7.978E-01         F               0         Blade 1 Z orientation angle, node 6, rad
        220    9.862E-01,  1.228E-01, -1.108E-01         F               0         Blade 1 X orientation angle, node 7, rad
        221    3.358E-02, -8.047E-01, -5.927E-01         F               0         Blade 1 Y orientation angle, node 7, rad
        222   -1.620E-01,  5.808E-01, -7.978E-01         F               0         Blade 1 Z orientation angle, node 7, rad
        223    9.867E-01,  1.082E-01, -1.216E-01         F               0         Blade 1 X orientation angle, node 8, rad
        224    1.567E-02, -8.068E-01, -5.906E-01         F               0         Blade 1 Y orientation angle, node 8, rad
        225   -1.620E-01,  5.808E-01, -7.978E-01         F               0         Blade 1 Z orientation angle, node 8, rad
        226    9.868E-01,  9.575E-02, -1.306E-01         F               0         Blade 1 X orientation angle, node 9, rad
        227    5.174E-04, -8.084E-01, -5.887E-01         F               0         Blade 1 Y orientation angle, node 9, rad
        228   -1.620E-01,  5.808E-01, -7.978E-01         F               0         Blade 1 Z orientation angle, node 9, rad
        229    9.867E-01,  8.502E-02, -1.384E-01         F               0         Blade 1 X orientation angle, node 10, rad
        230   -1.257E-02, -8.096E-01, -5.869E-01         F               0         Blade 1 Y orientation angle, node 10, rad
        231   -1.620E-01,  5.808E-01, -7.978E-01         F               0         Blade 1 Z orientation angle, node 10, rad
        232    9.865E-01,  7.583E-02, -1.451E-01         F               0         Blade 1 X orientation angle, node 11, rad
        233   -2.376E-02, -8.105E-01, -5.853E-01         F               0         Blade 1 Y orientation angle, node 11, rad
        234   -1.620E-01,  5.808E-01, -7.978E-01         F               0         Blade 1 Z orientation angle, node 11, rad
        235    9.862E-01,  6.776E-02, -1.509E-01         F               0         Blade 1 X orientation angle, node 12, rad
        236   -3.358E-02, -8.112E-01, -5.838E-01         F               0         Blade 1 Y orientation angle, node 12, rad
        237   -1.620E-01,  5.808E-01, -7.978E-01         F               0         Blade 1 Z orientation angle, node 12, rad
        238    9.859E-01,  6.068E-02, -1.560E-01         F               0         Blade 1 X orientation angle, node 13, rad
        239   -4.218E-02, -8.118E-01, -5.825E-01         F               0         Blade 1 Y orientation angle, node 13, rad
        240   -1.620E-01,  5.808E-01, -7.978E-01         F               0         Blade 1 Z orientation angle, node 13, rad
        241    9.855E-01,  5.431E-02, -1.605E-01         F               0         Blade 1 X orientation angle, node 14, rad
        242   -4.992E-02, -8.122E-01, -5.812E-01         F               0         Blade 1 Y orientation angle, node 14, rad
        243   -1.620E-01,  5.808E-01, -7.978E-01         F               0         Blade 1 Z orientation angle, node 14, rad
        244    9.852E-01,  4.863E-02, -1.646E-01         F               0         Blade 1 X orientation angle, node 15, rad
        245   -5.680E-02, -8.126E-01, -5.801E-01         F               0         Blade 1 Y orientation angle, node 15, rad
        246   -1.620E-01,  5.808E-01, -7.978E-01         F               0         Blade 1 Z orientation angle, node 15, rad
        247    9.848E-01,  4.353E-02, -1.682E-01         F               0         Blade 1 X orientation angle, node 16, rad
        248   -6.299E-02, -8.129E-01, -5.790E-01         F               0         Blade 1 Y orientation angle, node 16, rad
        249   -1.620E-01,  5.808E-01, -7.978E-01         F               0         Blade 1 Z orientation angle, node 16, rad
        250    9.844E-01,  3.899E-02, -1.715E-01         F               0         Blade 1 X orientation angle, node 17, rad
        251   -6.849E-02, -8.131E-01, -5.781E-01         F               0         Blade 1 Y orientation angle, node 17, rad
        252   -1.620E-01,  5.808E-01, -7.978E-01         F               0         Blade 1 Z orientation angle, node 17, rad
        253    9.840E-01,  3.473E-02, -1.745E-01         F               0         Blade 1 X orientation angle, node 18, rad
        254   -7.364E-02, -8.133E-01, -5.772E-01         F               0         Blade 1 Y orientation angle, node 18, rad
        255   -1.620E-01,  5.808E-01, -7.978E-01         F               0         Blade 1 Z orientation angle, node 18, rad
        256    9.837E-01,  3.090E-02, -1.772E-01         F               0         Blade 1 X orientation angle, node 19, rad
        257   -7.828E-02, -8.134E-01, -5.763E-01         F               0         Blade 1 Y orientation angle, node 19, rad
        258   -1.620E-01,  5.808E-01, -7.978E-01         F               0         Blade 1 Z orientation angle, node 19, rad
        259    9.834E-01,  2.749E-02, -1.796E-01         F               0         Blade 1 X orientation angle, node 20, rad
        260   -8.240E-02, -8.136E-01, -5.756E-01         F               0         Blade 1 Y orientation angle, node 20, rad
        261   -1.620E-01,  5.808E-01, -7.978E-01         F               0         Blade 1 Z orientation angle, node 20, rad
        262    9.830E-01,  2.422E-02, -1.819E-01         F               0         Blade 1 X orientation angle, node 21, rad
        263   -8.635E-02, -8.137E-01, -5.749E-01         F               0         Blade 1 Y orientation angle, node 21, rad
        264   -1.620E-01,  5.808E-01, -7.978E-01         F               0         Blade 1 Z orientation angle, node 21, rad
        265    9.827E-01,  2.124E-02, -1.840E-01         F               0         Blade 1 X orientation angle, node 22, rad
        266   -8.995E-02, -8.138E-01, -5.742E-01         F               0         Blade 1 Y orientation angle, node 22, rad
        267   -1.620E-01,  5.808E-01, -7.978E-01         F               0         Blade 1 Z orientation angle, node 22, rad
        268    9.824E-01,  1.854E-02, -1.859E-01         F               0         Blade 1 X orientation angle, node 23, rad
        269   -9.321E-02, -8.138E-01, -5.736E-01         F               0         Blade 1 Y orientation angle, node 23, rad
        270   -1.620E-01,  5.808E-01, -7.978E-01         F               0         Blade 1 Z orientation angle, node 23, rad
        271    9.821E-01,  1.598E-02, -1.877E-01         F               0         Blade 1 X orientation angle, node 24, rad
        272   -9.629E-02, -8.139E-01, -5.730E-01         F               0         Blade 1 Y orientation angle, node 24, rad
        273   -1.620E-01,  5.808E-01, -7.978E-01         F               0         Blade 1 Z orientation angle, node 24, rad
        274    9.818E-01,  1.357E-02, -1.894E-01         F               0         Blade 1 X orientation angle, node 25, rad
        275   -9.921E-02, -8.139E-01, -5.724E-01         F               0         Blade 1 Y orientation angle, node 25, rad
        276   -1.620E-01,  5.808E-01, -7.978E-01         F               0         Blade 1 Z orientation angle, node 25, rad
        277    9.815E-01,  1.144E-02, -1.909E-01         F               0         Blade 1 X orientation angle, node 26, rad
        278   -1.018E-01, -8.140E-01, -5.719E-01         F               0         Blade 1 Y orientation angle, node 26, rad
        279   -1.620E-01,  5.808E-01, -7.978E-01         F               0         Blade 1 Z orientation angle, node 26, rad
        280    9.813E-01,  9.308E-03, -1.924E-01         F               0         Blade 1 X orientation angle, node 27, rad
        281   -1.043E-01, -8.140E-01, -5.714E-01         F               0         Blade 1 Y orientation angle, node 27, rad
        282   -1.620E-01,  5.808E-01, -7.978E-01         F               0         Blade 1 Z orientation angle, node 27, rad
        283    9.811E-01,  8.171E-03, -1.932E-01         F               0         Blade 1 X orientation angle, node 28, rad
        284   -1.057E-01, -8.140E-01, -5.712E-01         F               0         Blade 1 Y orientation angle, node 28, rad
        285   -1.620E-01,  5.808E-01, -7.978E-01         F               0         Blade 1 Z orientation angle, node 28, rad
        286    4.076E-01                                 F               0         Blade 1 X translation velocity, node 1, m/s
        287    3.205E+00                                 F               0         Blade 1 Y translation velocity, node 1, m/s
        288    2.241E+00                                 F               0         Blade 1 Z translation velocity, node 1, m/s
        289    5.064E-01                                 F               0         Blade 1 X translation velocity, node 2, m/s
        290    3.974E+00                                 F               0         Blade 1 Y translation velocity, node 2, m/s
        291    2.781E+00                                 F               0         Blade 1 Z translation velocity, node 2, m/s
        292    1.849E+00                                 F               0         Blade 1 X translation velocity, node 3, m/s
        293    1.443E+01                                 F               0         Blade 1 Y translation velocity, node 3, m/s
        294    1.012E+01                                 F               0         Blade 1 Z translation velocity, node 3, m/s
        295    2.135E+00                                 F               0         Blade 1 X translation velocity, node 4, m/s
        296    1.666E+01                                 F               0         Blade 1 Y translation velocity, node 4, m/s
        297    1.168E+01                                 F               0         Blade 1 Z translation velocity, node 4, m/s
        298    2.421E+00                                 F               0         Blade 1 X translation velocity, node 5, m/s
        299    1.888E+01                                 F               0         Blade 1 Y translation velocity, node 5, m/s
        300    1.325E+01                                 F               0         Blade 1 Z translation velocity, node 5, m/s
        301    2.707E+00                                 F               0         Blade 1 X translation velocity, node 6, m/s
        302    2.111E+01                                 F               0         Blade 1 Y translation velocity, node 6, m/s
        303    1.481E+01                                 F               0         Blade 1 Z translation velocity, node 6, m/s
        304    2.993E+00                                 F               0         Blade 1 X translation velocity, node 7, m/s
        305    2.334E+01                                 F               0         Blade 1 Y translation velocity, node 7, m/s
        306    1.638E+01                                 F               0         Blade 1 Z translation velocity, node 7, m/s
        307    3.279E+00                                 F               0         Blade 1 X translation velocity, node 8, m/s
