
Linearized model: Predictions were generated on 19-Dec-2023 at 09:27:32 using OpenFAST, compiled as a 64-bit application using single precision at commit v3.5.1
 linked with  NWTC Subroutine Library; ElastoDyn; InflowWind; AeroDyn; ServoDyn; HydroDyn; MoorDyn (v2.0.0, 2023-09-18)

Description from the FAST input file: CCT-9 Campign 4 model. Input files to be run with OpenFAST 3.5.0. GitHub branch from Lu Wang (https://github.com/luwang00/openfast/tree/dev) compiled on March 7, 2023.

Simulation information:
   Simulation time:                  1008.7000 s
   Rotor Speed:                         1.0408 rad/s
   Azimuth:                             1.6178 rad
   Wind Speed:                         12.0000 m/s
   Number of continuous states:         0
   Number of discrete states:           0
   Number of constraint states:         0
   Number of inputs:                 1746
   Number of outputs:                   4
   Jacobians included in this file?    No

Order of inputs:
     Column   Operating Point                     Rotating Frame? Derivative Order Description
   ---------- ---------------                     --------------- ---------------- -----------
          1    1.511E+01                                 F               0         Tower X translation displacement, node 1, m
          2   -9.627E-01                                 F               0         Tower Y translation displacement, node 1, m
          3   -4.125E-01                                 F               0         Tower Z translation displacement, node 1, m
          4    1.702E+01                                 F               0         Tower X translation displacement, node 2, m
          5   -1.476E+00                                 F               0         Tower Y translation displacement, node 2, m
          6   -5.715E-01                                 F               0         Tower Z translation displacement, node 2, m
          7    1.896E+01                                 F               0         Tower X translation displacement, node 3, m
          8   -1.994E+00                                 F               0         Tower Y translation displacement, node 3, m
          9   -7.361E-01                                 F               0         Tower Z translation displacement, node 3, m
         10    2.093E+01                                 F               0         Tower X translation displacement, node 4, m
         11   -2.515E+00                                 F               0         Tower Y translation displacement, node 4, m
         12   -9.051E-01                                 F               0         Tower Z translation displacement, node 4, m
         13    2.292E+01                                 F               0         Tower X translation displacement, node 5, m
         14   -3.040E+00                                 F               0         Tower Y translation displacement, node 5, m
         15   -1.078E+00                                 F               0         Tower Z translation displacement, node 5, m
         16    2.493E+01                                 F               0         Tower X translation displacement, node 6, m
         17   -3.568E+00                                 F               0         Tower Y translation displacement, node 6, m
         18   -1.254E+00                                 F               0         Tower Z translation displacement, node 6, m
         19    2.695E+01                                 F               0         Tower X translation displacement, node 7, m
         20   -4.097E+00                                 F               0         Tower Y translation displacement, node 7, m
         21   -1.432E+00                                 F               0         Tower Z translation displacement, node 7, m
         22    2.899E+01                                 F               0         Tower X translation displacement, node 8, m
         23   -4.629E+00                                 F               0         Tower Y translation displacement, node 8, m
         24   -1.612E+00                                 F               0         Tower Z translation displacement, node 8, m
         25    3.103E+01                                 F               0         Tower X translation displacement, node 9, m
         26   -5.162E+00                                 F               0         Tower Y translation displacement, node 9, m
         27   -1.793E+00                                 F               0         Tower Z translation displacement, node 9, m
         28    3.307E+01                                 F               0         Tower X translation displacement, node 10, m
         29   -5.695E+00                                 F               0         Tower Y translation displacement, node 10, m
         30   -1.976E+00                                 F               0         Tower Z translation displacement, node 10, m
         31    3.512E+01                                 F               0         Tower X translation displacement, node 11, m
         32   -6.230E+00                                 F               0         Tower Y translation displacement, node 11, m
         33   -2.159E+00                                 F               0         Tower Z translation displacement, node 11, m
         34    9.881E-01,  1.472E-02, -1.529E-01         F               0         Tower X orientation angle, node 1, rad
         35   -8.204E-03,  9.990E-01,  4.316E-02         F               0         Tower Y orientation angle, node 1, rad
         36    1.533E-01, -4.139E-02,  9.873E-01         F               0         Tower Z orientation angle, node 1, rad
         37    9.877E-01,  1.483E-02, -1.554E-01         F               0         Tower X orientation angle, node 2, rad
         38   -8.143E-03,  9.990E-01,  4.355E-02         F               0         Tower Y orientation angle, node 2, rad
         39    1.559E-01, -4.175E-02,  9.869E-01         F               0         Tower Z orientation angle, node 2, rad
         40    9.874E-01,  1.492E-02, -1.577E-01         F               0         Tower X orientation angle, node 3, rad
         41   -8.088E-03,  9.990E-01,  4.389E-02         F               0         Tower Y orientation angle, node 3, rad
         42    1.582E-01, -4.206E-02,  9.865E-01         F               0         Tower Z orientation angle, node 3, rad
         43    9.871E-01,  1.501E-02, -1.597E-01         F               0         Tower X orientation angle, node 4, rad
         44   -8.038E-03,  9.990E-01,  4.420E-02         F               0         Tower Y orientation angle, node 4, rad
         45    1.602E-01, -4.234E-02,  9.862E-01         F               0         Tower Z orientation angle, node 4, rad
         46    9.868E-01,  1.508E-02, -1.613E-01         F               0         Tower X orientation angle, node 5, rad
         47   -7.996E-03,  9.990E-01,  4.446E-02         F               0         Tower Y orientation angle, node 5, rad
         48    1.618E-01, -4.258E-02,  9.859E-01         F               0         Tower Z orientation angle, node 5, rad
         49    9.866E-01,  1.513E-02, -1.626E-01         F               0         Tower X orientation angle, node 6, rad
         50   -7.960E-03,  9.990E-01,  4.468E-02         F               0         Tower Y orientation angle, node 6, rad
         51    1.631E-01, -4.278E-02,  9.857E-01         F               0         Tower Z orientation angle, node 6, rad
         52    9.864E-01,  1.518E-02, -1.637E-01         F               0         Tower X orientation angle, node 7, rad
         53   -7.931E-03,  9.990E-01,  4.485E-02         F               0         Tower Y orientation angle, node 7, rad
         54    1.642E-01, -4.294E-02,  9.855E-01         F               0         Tower Z orientation angle, node 7, rad
         55    9.863E-01,  1.521E-02, -1.644E-01         F               0         Tower X orientation angle, node 8, rad
         56   -7.908E-03,  9.990E-01,  4.499E-02         F               0         Tower Y orientation angle, node 8, rad
         57    1.649E-01, -4.307E-02,  9.854E-01         F               0         Tower Z orientation angle, node 8, rad
         58    9.862E-01,  1.524E-02, -1.650E-01         F               0         Tower X orientation angle, node 9, rad
         59   -7.892E-03,  9.990E-01,  4.509E-02         F               0         Tower Y orientation angle, node 9, rad
         60    1.655E-01, -4.316E-02,  9.853E-01         F               0         Tower Z orientation angle, node 9, rad
         61    9.861E-01,  1.525E-02, -1.653E-01         F               0         Tower X orientation angle, node 10, rad
         62   -7.881E-03,  9.989E-01,  4.515E-02         F               0         Tower Y orientation angle, node 10, rad
         63    1.658E-01, -4.322E-02,  9.852E-01         F               0         Tower Z orientation angle, node 10, rad
         64    9.861E-01,  1.526E-02, -1.655E-01         F               0         Tower X orientation angle, node 11, rad
         65   -7.875E-03,  9.989E-01,  4.519E-02         F               0         Tower Y orientation angle, node 11, rad
         66    1.660E-01, -4.326E-02,  9.852E-01         F               0         Tower Z orientation angle, node 11, rad
         67   -6.327E-04                                 F               0         Tower X translation velocity, node 1, m/s
         68   -1.677E-02                                 F               0         Tower Y translation velocity, node 1, m/s
         69    4.658E-04                                 F               0         Tower Z translation velocity, node 1, m/s
         70   -7.569E-04                                 F               0         Tower X translation velocity, node 2, m/s
         71   -2.868E-02                                 F               0         Tower Y translation velocity, node 2, m/s
         72   -1.586E-05                                 F               0         Tower Z translation velocity, node 2, m/s
         73   -8.796E-04                                 F               0         Tower X translation velocity, node 3, m/s
         74   -4.080E-02                                 F               0         Tower Y translation velocity, node 3, m/s
         75   -5.113E-04                                 F               0         Tower Z translation velocity, node 3, m/s
         76   -1.002E-03                                 F               0         Tower X translation velocity, node 4, m/s
         77   -5.309E-02                                 F               0         Tower Y translation velocity, node 4, m/s
         78   -1.018E-03                                 F               0         Tower Z translation velocity, node 4, m/s
         79   -1.124E-03                                 F               0         Tower X translation velocity, node 5, m/s
         80   -6.554E-02                                 F               0         Tower Y translation velocity, node 5, m/s
         81   -1.534E-03                                 F               0         Tower Z translation velocity, node 5, m/s
         82   -1.248E-03                                 F               0         Tower X translation velocity, node 6, m/s
         83   -7.812E-02                                 F               0         Tower Y translation velocity, node 6, m/s
         84   -2.058E-03                                 F               0         Tower Z translation velocity, node 6, m/s
         85   -1.373E-03                                 F               0         Tower X translation velocity, node 7, m/s
         86   -9.079E-02                                 F               0         Tower Y translation velocity, node 7, m/s
         87   -2.589E-03                                 F               0         Tower Z translation velocity, node 7, m/s
         88   -1.500E-03                                 F               0         Tower X translation velocity, node 8, m/s
         89   -1.036E-01                                 F               0         Tower Y translation velocity, node 8, m/s
         90   -3.125E-03                                 F               0         Tower Z translation velocity, node 8, m/s
         91   -1.629E-03                                 F               0         Tower X translation velocity, node 9, m/s
         92   -1.164E-01                                 F               0         Tower Y translation velocity, node 9, m/s
         93   -3.665E-03                                 F               0         Tower Z translation velocity, node 9, m/s
         94   -1.759E-03                                 F               0         Tower X translation velocity, node 10, m/s
         95   -1.293E-01                                 F               0         Tower Y translation velocity, node 10, m/s
         96   -4.208E-03                                 F               0         Tower Z translation velocity, node 10, m/s
         97   -1.890E-03                                 F               0         Tower X translation velocity, node 11, m/s
         98   -1.422E-01                                 F               0         Tower Y translation velocity, node 11, m/s
         99   -4.753E-03                                 F               0         Tower Z translation velocity, node 11, m/s
        100    3.658E+01                                 F               0         Hub X translation displacement, node 1, m
        101   -6.734E+00                                 F               0         Hub Y translation displacement, node 1, m
        102   -4.878E-01                                 F               0         Hub Z translation displacement, node 1, m
        103    9.633E-01,  1.970E-02, -2.675E-01         F               0         Hub X orientation angle, node 1, rad
        104    2.682E-01, -8.835E-02,  9.593E-01         F               0         Hub Y orientation angle, node 1, rad
        105   -4.743E-03, -9.959E-01, -9.040E-02         F               0         Hub Z orientation angle, node 1, rad
        106    1.004E+00                                 F               0         Hub X rotation velocity, node 1, rad/s
        107    2.050E-02                                 F               0         Hub Y rotation velocity, node 1, rad/s
        108   -2.787E-01                                 F               0         Hub Z rotation velocity, node 1, rad/s
        109    9.550E-01,  2.231E-02, -2.959E-01         F               0         Blade root 1 X orientation angle, node 1, rad
        110    2.967E-01, -8.773E-02,  9.509E-01         F               0         Blade root 1 Y orientation angle, node 1, rad
        111   -4.743E-03, -9.959E-01, -9.040E-02         F               0         Blade root 1 Z orientation angle, node 1, rad
        112    9.670E-01,  4.396E-02, -2.509E-01         F               0         Blade root 2 X orientation angle, node 1, rad
        113   -1.096E-01, -8.173E-01, -5.656E-01         F               0         Blade root 2 Y orientation angle, node 1, rad
        114   -2.299E-01,  5.745E-01, -7.856E-01         F               0         Blade root 2 Z orientation angle, node 1, rad
        115    9.668E-01, -7.208E-03, -2.555E-01         F               0         Blade root 3 X orientation angle, node 1, rad
        116   -1.014E-01,  9.068E-01, -4.091E-01         F               0         Blade root 3 Y orientation angle, node 1, rad
        117    2.347E-01,  4.214E-01,  8.760E-01         F               0         Blade root 3 Z orientation angle, node 1, rad
        118    3.597E+01                                 F               0         Blade 1 X translation displacement, node 1, m
        119   -1.225E+01                                 F               0         Blade 1 Y translation displacement, node 1, m
        120   -6.498E+00                                 F               0         Blade 1 Z translation displacement, node 1, m
        121    3.583E+01                                 F               0         Blade 1 X translation displacement, node 2, m
        122   -1.358E+01                                 F               0         Blade 1 Y translation displacement, node 2, m
        123   -7.947E+00                                 F               0         Blade 1 Z translation displacement, node 2, m
        124    3.384E+01                                 F               0         Blade 1 X translation displacement, node 3, m
        125   -3.166E+01                                 F               0         Blade 1 Y translation displacement, node 3, m
        126   -2.764E+01                                 F               0         Blade 1 Z translation displacement, node 3, m
        127    3.342E+01                                 F               0         Blade 1 X translation displacement, node 4, m
        128   -3.551E+01                                 F               0         Blade 1 Y translation displacement, node 4, m
        129   -3.184E+01                                 F               0         Blade 1 Z translation displacement, node 4, m
        130    3.300E+01                                 F               0         Blade 1 X translation displacement, node 5, m
        131   -3.936E+01                                 F               0         Blade 1 Y translation displacement, node 5, m
        132   -3.603E+01                                 F               0         Blade 1 Z translation displacement, node 5, m
        133    3.257E+01                                 F               0         Blade 1 X translation displacement, node 6, m
        134   -4.321E+01                                 F               0         Blade 1 Y translation displacement, node 6, m
        135   -4.023E+01                                 F               0         Blade 1 Z translation displacement, node 6, m
        136    3.215E+01                                 F               0         Blade 1 X translation displacement, node 7, m
        137   -4.707E+01                                 F               0         Blade 1 Y translation displacement, node 7, m
        138   -4.442E+01                                 F               0         Blade 1 Z translation displacement, node 7, m
        139    3.173E+01                                 F               0         Blade 1 X translation displacement, node 8, m
        140   -5.092E+01                                 F               0         Blade 1 Y translation displacement, node 8, m
        141   -4.862E+01                                 F               0         Blade 1 Z translation displacement, node 8, m
        142    3.131E+01                                 F               0         Blade 1 X translation displacement, node 9, m
        143   -5.477E+01                                 F               0         Blade 1 Y translation displacement, node 9, m
        144   -5.282E+01                                 F               0         Blade 1 Z translation displacement, node 9, m
        145    3.088E+01                                 F               0         Blade 1 X translation displacement, node 10, m
        146   -5.862E+01                                 F               0         Blade 1 Y translation displacement, node 10, m
        147   -5.701E+01                                 F               0         Blade 1 Z translation displacement, node 10, m
        148    3.046E+01                                 F               0         Blade 1 X translation displacement, node 11, m
        149   -6.247E+01                                 F               0         Blade 1 Y translation displacement, node 11, m
        150   -6.121E+01                                 F               0         Blade 1 Z translation displacement, node 11, m
        151    3.004E+01                                 F               0         Blade 1 X translation displacement, node 12, m
        152   -6.633E+01                                 F               0         Blade 1 Y translation displacement, node 12, m
        153   -6.541E+01                                 F               0         Blade 1 Z translation displacement, node 12, m
        154    2.962E+01                                 F               0         Blade 1 X translation displacement, node 13, m
        155   -7.018E+01                                 F               0         Blade 1 Y translation displacement, node 13, m
        156   -6.960E+01                                 F               0         Blade 1 Z translation displacement, node 13, m
        157    2.919E+01                                 F               0         Blade 1 X translation displacement, node 14, m
        158   -7.403E+01                                 F               0         Blade 1 Y translation displacement, node 14, m
        159   -7.380E+01                                 F               0         Blade 1 Z translation displacement, node 14, m
        160    2.877E+01                                 F               0         Blade 1 X translation displacement, node 15, m
        161   -7.788E+01                                 F               0         Blade 1 Y translation displacement, node 15, m
        162   -7.799E+01                                 F               0         Blade 1 Z translation displacement, node 15, m
        163    2.835E+01                                 F               0         Blade 1 X translation displacement, node 16, m
        164   -8.173E+01                                 F               0         Blade 1 Y translation displacement, node 16, m
        165   -8.219E+01                                 F               0         Blade 1 Z translation displacement, node 16, m
        166    2.793E+01                                 F               0         Blade 1 X translation displacement, node 17, m
        167   -8.558E+01                                 F               0         Blade 1 Y translation displacement, node 17, m
        168   -8.639E+01                                 F               0         Blade 1 Z translation displacement, node 17, m
        169    2.750E+01                                 F               0         Blade 1 X translation displacement, node 18, m
        170   -8.944E+01                                 F               0         Blade 1 Y translation displacement, node 18, m
        171   -9.058E+01                                 F               0         Blade 1 Z translation displacement, node 18, m
        172    2.708E+01                                 F               0         Blade 1 X translation displacement, node 19, m
        173   -9.329E+01                                 F               0         Blade 1 Y translation displacement, node 19, m
        174   -9.478E+01                                 F               0         Blade 1 Z translation displacement, node 19, m
        175    2.666E+01                                 F               0         Blade 1 X translation displacement, node 20, m
        176   -9.714E+01                                 F               0         Blade 1 Y translation displacement, node 20, m
        177   -9.897E+01                                 F               0         Blade 1 Z translation displacement, node 20, m
        178    2.623E+01                                 F               0         Blade 1 X translation displacement, node 21, m
        179   -1.010E+02                                 F               0         Blade 1 Y translation displacement, node 21, m
        180   -1.032E+02                                 F               0         Blade 1 Z translation displacement, node 21, m
        181    2.581E+01                                 F               0         Blade 1 X translation displacement, node 22, m
        182   -1.048E+02                                 F               0         Blade 1 Y translation displacement, node 22, m
        183   -1.074E+02                                 F               0         Blade 1 Z translation displacement, node 22, m
        184    2.539E+01                                 F               0         Blade 1 X translation displacement, node 23, m
        185   -1.087E+02                                 F               0         Blade 1 Y translation displacement, node 23, m
        186   -1.116E+02                                 F               0         Blade 1 Z translation displacement, node 23, m
        187    2.497E+01                                 F               0         Blade 1 X translation displacement, node 24, m
        188   -1.125E+02                                 F               0         Blade 1 Y translation displacement, node 24, m
        189   -1.158E+02                                 F               0         Blade 1 Z translation displacement, node 24, m
        190    2.454E+01                                 F               0         Blade 1 X translation displacement, node 25, m
        191   -1.164E+02                                 F               0         Blade 1 Y translation displacement, node 25, m
        192   -1.200E+02                                 F               0         Blade 1 Z translation displacement, node 25, m
        193    2.412E+01                                 F               0         Blade 1 X translation displacement, node 26, m
        194   -1.203E+02                                 F               0         Blade 1 Y translation displacement, node 26, m
        195   -1.242E+02                                 F               0         Blade 1 Z translation displacement, node 26, m
        196    2.370E+01                                 F               0         Blade 1 X translation displacement, node 27, m
        197   -1.241E+02                                 F               0         Blade 1 Y translation displacement, node 27, m
        198   -1.283E+02                                 F               0         Blade 1 Z translation displacement, node 27, m
        199    2.334E+01                                 F               0         Blade 1 X translation displacement, node 28, m
        200   -1.274E+02                                 F               0         Blade 1 Y translation displacement, node 28, m
        201   -1.319E+02                                 F               0         Blade 1 Z translation displacement, node 28, m
        202    7.146E-01,  5.986E-02, -6.970E-01         F               0         Blade 1 X orientation angle, node 1, rad
        203    6.995E-01, -6.790E-02,  7.114E-01         F               0         Blade 1 Y orientation angle, node 1, rad
        204   -4.743E-03, -9.959E-01, -9.040E-02         F               0         Blade 1 Z orientation angle, node 1, rad
        205    7.146E-01,  5.986E-02, -6.970E-01         F               0         Blade 1 X orientation angle, node 2, rad
        206    6.995E-01, -6.790E-02,  7.114E-01         F               0         Blade 1 Y orientation angle, node 2, rad
        207   -4.743E-03, -9.959E-01, -9.040E-02         F               0         Blade 1 Z orientation angle, node 2, rad
        208    8.600E-01,  4.206E-02, -5.085E-01         F               0         Blade 1 X orientation angle, node 3, rad
        209    5.102E-01, -8.016E-02,  8.563E-01         F               0         Blade 1 Y orientation angle, node 3, rad
        210   -4.743E-03, -9.959E-01, -9.040E-02         F               0         Blade 1 Z orientation angle, node 3, rad
        211    8.808E-01,  3.864E-02, -4.719E-01         F               0         Blade 1 X orientation angle, node 4, rad
        212    4.735E-01, -8.186E-02,  8.770E-01         F               0         Blade 1 Y orientation angle, node 4, rad
        213   -4.743E-03, -9.959E-01, -9.040E-02         F               0         Blade 1 Z orientation angle, node 4, rad
        214    8.960E-01,  3.590E-02, -4.426E-01         F               0         Blade 1 X orientation angle, node 5, rad
        215    4.440E-01, -8.310E-02,  8.922E-01         F               0         Blade 1 Y orientation angle, node 5, rad
        216   -4.743E-03, -9.959E-01, -9.040E-02         F               0         Blade 1 Z orientation angle, node 5, rad
        217    9.075E-01,  3.369E-02, -4.187E-01         F               0         Blade 1 X orientation angle, node 6, rad
        218    4.201E-01, -8.402E-02,  9.036E-01         F               0         Blade 1 Y orientation angle, node 6, rad
        219   -4.743E-03, -9.959E-01, -9.040E-02         F               0         Blade 1 Z orientation angle, node 6, rad
        220    9.164E-01,  3.185E-02, -3.989E-01         F               0         Blade 1 X orientation angle, node 7, rad
        221    4.002E-01, -8.473E-02,  9.125E-01         F               0         Blade 1 Y orientation angle, node 7, rad
        222   -4.743E-03, -9.959E-01, -9.040E-02         F               0         Blade 1 Z orientation angle, node 7, rad
        223    9.235E-01,  3.030E-02, -3.823E-01         F               0         Blade 1 X orientation angle, node 8, rad
        224    3.835E-01, -8.530E-02,  9.196E-01         F               0         Blade 1 Y orientation angle, node 8, rad
        225   -4.743E-03, -9.959E-01, -9.040E-02         F               0         Blade 1 Z orientation angle, node 8, rad
        226    9.293E-01,  2.899E-02, -3.681E-01         F               0         Blade 1 X orientation angle, node 9, rad
        227    3.692E-01, -8.575E-02,  9.254E-01         F               0         Blade 1 Y orientation angle, node 9, rad
        228   -4.743E-03, -9.959E-01, -9.040E-02         F               0         Blade 1 Z orientation angle, node 9, rad
        229    9.341E-01,  2.785E-02, -3.558E-01         F               0         Blade 1 X orientation angle, node 10, rad
        230    3.569E-01, -8.613E-02,  9.302E-01         F               0         Blade 1 Y orientation angle, node 10, rad
        231   -4.743E-03, -9.959E-01, -9.040E-02         F               0         Blade 1 Z orientation angle, node 10, rad
        232    9.381E-01,  2.687E-02, -3.452E-01         F               0         Blade 1 X orientation angle, node 11, rad
        233    3.463E-01, -8.644E-02,  9.341E-01         F               0         Blade 1 Y orientation angle, node 11, rad
        234   -4.743E-03, -9.959E-01, -9.040E-02         F               0         Blade 1 Z orientation angle, node 11, rad
        235    9.415E-01,  2.601E-02, -3.359E-01         F               0         Blade 1 X orientation angle, node 12, rad
        236    3.369E-01, -8.670E-02,  9.375E-01         F               0         Blade 1 Y orientation angle, node 12, rad
        237   -4.743E-03, -9.959E-01, -9.040E-02         F               0         Blade 1 Z orientation angle, node 12, rad
        238    9.444E-01,  2.525E-02, -3.277E-01         F               0         Blade 1 X orientation angle, node 13, rad
        239    3.287E-01, -8.693E-02,  9.404E-01         F               0         Blade 1 Y orientation angle, node 13, rad
        240   -4.743E-03, -9.959E-01, -9.040E-02         F               0         Blade 1 Z orientation angle, node 13, rad
        241    9.470E-01,  2.457E-02, -3.203E-01         F               0         Blade 1 X orientation angle, node 14, rad
        242    3.213E-01, -8.712E-02,  9.430E-01         F               0         Blade 1 Y orientation angle, node 14, rad
        243   -4.743E-03, -9.959E-01, -9.040E-02         F               0         Blade 1 Z orientation angle, node 14, rad
        244    9.492E-01,  2.396E-02, -3.138E-01         F               0         Blade 1 X orientation angle, node 15, rad
        245    3.146E-01, -8.729E-02,  9.452E-01         F               0         Blade 1 Y orientation angle, node 15, rad
        246   -4.743E-03, -9.959E-01, -9.040E-02         F               0         Blade 1 Z orientation angle, node 15, rad
        247    9.512E-01,  2.341E-02, -3.078E-01         F               0         Blade 1 X orientation angle, node 16, rad
        248    3.087E-01, -8.744E-02,  9.471E-01         F               0         Blade 1 Y orientation angle, node 16, rad
        249   -4.743E-03, -9.959E-01, -9.040E-02         F               0         Blade 1 Z orientation angle, node 16, rad
        250    9.529E-01,  2.292E-02, -3.025E-01         F               0         Blade 1 X orientation angle, node 17, rad
        251    3.033E-01, -8.757E-02,  9.488E-01         F               0         Blade 1 Y orientation angle, node 17, rad
        252   -4.743E-03, -9.959E-01, -9.040E-02         F               0         Blade 1 Z orientation angle, node 17, rad
        253    9.544E-01,  2.246E-02, -2.975E-01         F               0         Blade 1 X orientation angle, node 18, rad
        254    2.984E-01, -8.769E-02,  9.504E-01         F               0         Blade 1 Y orientation angle, node 18, rad
        255   -4.743E-03, -9.959E-01, -9.040E-02         F               0         Blade 1 Z orientation angle, node 18, rad
        256    9.558E-01,  2.205E-02, -2.931E-01         F               0         Blade 1 X orientation angle, node 19, rad
        257    2.939E-01, -8.779E-02,  9.518E-01         F               0         Blade 1 Y orientation angle, node 19, rad
        258   -4.743E-03, -9.959E-01, -9.040E-02         F               0         Blade 1 Z orientation angle, node 19, rad
        259    9.571E-01,  2.168E-02, -2.891E-01         F               0         Blade 1 X orientation angle, node 20, rad
        260    2.898E-01, -8.789E-02,  9.530E-01         F               0         Blade 1 Y orientation angle, node 20, rad
        261   -4.743E-03, -9.959E-01, -9.040E-02         F               0         Blade 1 Z orientation angle, node 20, rad
        262    9.582E-01,  2.133E-02, -2.852E-01         F               0         Blade 1 X orientation angle, node 21, rad
        263    2.860E-01, -8.797E-02,  9.542E-01         F               0         Blade 1 Y orientation angle, node 21, rad
        264   -4.743E-03, -9.959E-01, -9.040E-02         F               0         Blade 1 Z orientation angle, node 21, rad
        265    9.593E-01,  2.101E-02, -2.817E-01         F               0         Blade 1 X orientation angle, node 22, rad
        266    2.825E-01, -8.805E-02,  9.552E-01         F               0         Blade 1 Y orientation angle, node 22, rad
        267   -4.743E-03, -9.959E-01, -9.040E-02         F               0         Blade 1 Z orientation angle, node 22, rad
        268    9.602E-01,  2.071E-02, -2.786E-01         F               0         Blade 1 X orientation angle, node 23, rad
        269    2.793E-01, -8.812E-02,  9.562E-01         F               0         Blade 1 Y orientation angle, node 23, rad
        270   -4.743E-03, -9.959E-01, -9.040E-02         F               0         Blade 1 Z orientation angle, node 23, rad
        271    9.611E-01,  2.044E-02, -2.756E-01         F               0         Blade 1 X orientation angle, node 24, rad
        272    2.763E-01, -8.818E-02,  9.570E-01         F               0         Blade 1 Y orientation angle, node 24, rad
        273   -4.743E-03, -9.959E-01, -9.040E-02         F               0         Blade 1 Z orientation angle, node 24, rad
        274    9.619E-01,  2.017E-02, -2.727E-01         F               0         Blade 1 X orientation angle, node 25, rad
        275    2.734E-01, -8.824E-02,  9.578E-01         F               0         Blade 1 Y orientation angle, node 25, rad
        276   -4.743E-03, -9.959E-01, -9.040E-02         F               0         Blade 1 Z orientation angle, node 25, rad
        277    9.626E-01,  1.994E-02, -2.702E-01         F               0         Blade 1 X orientation angle, node 26, rad
        278    2.709E-01, -8.830E-02,  9.585E-01         F               0         Blade 1 Y orientation angle, node 26, rad
        279   -4.743E-03, -9.959E-01, -9.040E-02         F               0         Blade 1 Z orientation angle, node 26, rad
        280    9.633E-01,  1.971E-02, -2.677E-01         F               0         Blade 1 X orientation angle, node 27, rad
        281    2.684E-01, -8.835E-02,  9.592E-01         F               0         Blade 1 Y orientation angle, node 27, rad
        282   -4.743E-03, -9.959E-01, -9.040E-02         F               0         Blade 1 Z orientation angle, node 27, rad
        283    9.637E-01,  1.959E-02, -2.664E-01         F               0         Blade 1 X orientation angle, node 28, rad
        284    2.670E-01, -8.838E-02,  9.596E-01         F               0         Blade 1 Y orientation angle, node 28, rad
        285   -4.743E-03, -9.959E-01, -9.040E-02         F               0         Blade 1 Z orientation angle, node 28, rad
        286   -1.550E+00                                 F               0         Blade 1 X translation velocity, node 1, m/s
        287    3.606E-01                                 F               0         Blade 1 Y translation velocity, node 1, m/s
        288   -5.542E+00                                 F               0         Blade 1 Z translation velocity, node 1, m/s
        289   -1.923E+00                                 F               0         Blade 1 X translation velocity, node 2, m/s
        290    4.835E-01                                 F               0         Blade 1 Y translation velocity, node 2, m/s
        291   -6.877E+00                                 F               0         Blade 1 Z translation velocity, node 2, m/s
        292   -6.996E+00                                 F               0         Blade 1 X translation velocity, node 3, m/s
        293    2.154E+00                                 F               0         Blade 1 Y translation velocity, node 3, m/s
        294   -2.502E+01                                 F               0         Blade 1 Z translation velocity, node 3, m/s
        295   -8.076E+00                                 F               0         Blade 1 X translation velocity, node 4, m/s
        296    2.510E+00                                 F               0         Blade 1 Y translation velocity, node 4, m/s
        297   -2.889E+01                                 F               0         Blade 1 Z translation velocity, node 4, m/s
        298   -9.157E+00                                 F               0         Blade 1 X translation velocity, node 5, m/s
        299    2.867E+00                                 F               0         Blade 1 Y translation velocity, node 5, m/s
        300   -3.275E+01                                 F               0         Blade 1 Z translation velocity, node 5, m/s
        301   -1.024E+01                                 F               0         Blade 1 X translation velocity, node 6, m/s
        302    3.223E+00                                 F               0         Blade 1 Y translation velocity, node 6, m/s
        303   -3.662E+01                                 F               0         Blade 1 Z translation velocity, node 6, m/s
        304   -1.132E+01                                 F               0         Blade 1 X translation velocity, node 7, m/s
        305    3.579E+00                                 F               0         Blade 1 Y translation velocity, node 7, m/s
        306   -4.048E+01                                 F               0         Blade 1 Z translation velocity, node 7, m/s
        307   -1.240E+01                                 F               0         Blade 1 X translation velocity, node 8, m/s
