
Linearized model: Predictions were generated on 19-Dec-2023 at 09:27:32 using OpenFAST, compiled as a 64-bit application using single precision at commit v3.5.1
 linked with  NWTC Subroutine Library; ElastoDyn; InflowWind; AeroDyn; ServoDyn; HydroDyn; MoorDyn (v2.0.0, 2023-09-18)

Description from the FAST input file: CCT-9 Campign 4 model. Input files to be run with OpenFAST 3.5.0. GitHub branch from Lu Wang (https://github.com/luwang00/openfast/tree/dev) compiled on March 7, 2023.

Simulation information:
   Simulation time:                  1004.4750 s
   Rotor Speed:                         1.0411 rad/s
   Azimuth:                             3.5032 rad
   Wind Speed:                         12.0000 m/s
   Number of continuous states:         0
   Number of discrete states:           0
   Number of constraint states:         0
   Number of inputs:                 1746
   Number of outputs:                   4
   Jacobians included in this file?    No

Order of inputs:
     Column   Operating Point                     Rotating Frame? Derivative Order Description
   ---------- ---------------                     --------------- ---------------- -----------
          1    1.511E+01                                 F               0         Tower X translation displacement, node 1, m
          2   -8.902E-01                                 F               0         Tower Y translation displacement, node 1, m
          3   -4.248E-01                                 F               0         Tower Z translation displacement, node 1, m
          4    1.702E+01                                 F               0         Tower X translation displacement, node 2, m
          5   -1.354E+00                                 F               0         Tower Y translation displacement, node 2, m
          6   -5.817E-01                                 F               0         Tower Z translation displacement, node 2, m
          7    1.896E+01                                 F               0         Tower X translation displacement, node 3, m
          8   -1.821E+00                                 F               0         Tower Y translation displacement, node 3, m
          9   -7.442E-01                                 F               0         Tower Z translation displacement, node 3, m
         10    2.093E+01                                 F               0         Tower X translation displacement, node 4, m
         11   -2.291E+00                                 F               0         Tower Y translation displacement, node 4, m
         12   -9.110E-01                                 F               0         Tower Z translation displacement, node 4, m
         13    2.292E+01                                 F               0         Tower X translation displacement, node 5, m
         14   -2.765E+00                                 F               0         Tower Y translation displacement, node 5, m
         15   -1.081E+00                                 F               0         Tower Z translation displacement, node 5, m
         16    2.493E+01                                 F               0         Tower X translation displacement, node 6, m
         17   -3.240E+00                                 F               0         Tower Y translation displacement, node 6, m
         18   -1.255E+00                                 F               0         Tower Z translation displacement, node 6, m
         19    2.695E+01                                 F               0         Tower X translation displacement, node 7, m
         20   -3.717E+00                                 F               0         Tower Y translation displacement, node 7, m
         21   -1.431E+00                                 F               0         Tower Z translation displacement, node 7, m
         22    2.898E+01                                 F               0         Tower X translation displacement, node 8, m
         23   -4.196E+00                                 F               0         Tower Y translation displacement, node 8, m
         24   -1.609E+00                                 F               0         Tower Z translation displacement, node 8, m
         25    3.102E+01                                 F               0         Tower X translation displacement, node 9, m
         26   -4.675E+00                                 F               0         Tower Y translation displacement, node 9, m
         27   -1.788E+00                                 F               0         Tower Z translation displacement, node 9, m
         28    3.307E+01                                 F               0         Tower X translation displacement, node 10, m
         29   -5.156E+00                                 F               0         Tower Y translation displacement, node 10, m
         30   -1.968E+00                                 F               0         Tower Z translation displacement, node 10, m
         31    3.512E+01                                 F               0         Tower X translation displacement, node 11, m
         32   -5.637E+00                                 F               0         Tower Y translation displacement, node 11, m
         33   -2.149E+00                                 F               0         Tower Z translation displacement, node 11, m
         34    9.881E-01,  1.566E-02, -1.528E-01         F               0         Tower X orientation angle, node 1, rad
         35   -9.750E-03,  9.992E-01,  3.935E-02         F               0         Tower Y orientation angle, node 1, rad
         36    1.533E-01, -3.739E-02,  9.875E-01         F               0         Tower Z orientation angle, node 1, rad
         37    9.877E-01,  1.576E-02, -1.554E-01         F               0         Tower X orientation angle, node 2, rad
         38   -9.698E-03,  9.992E-01,  3.968E-02         F               0         Tower Y orientation angle, node 2, rad
         39    1.559E-01, -3.768E-02,  9.871E-01         F               0         Tower Z orientation angle, node 2, rad
         40    9.874E-01,  1.585E-02, -1.577E-01         F               0         Tower X orientation angle, node 3, rad
         41   -9.651E-03,  9.992E-01,  3.998E-02         F               0         Tower Y orientation angle, node 3, rad
         42    1.582E-01, -3.795E-02,  9.867E-01         F               0         Tower Z orientation angle, node 3, rad
         43    9.870E-01,  1.592E-02, -1.596E-01         F               0         Tower X orientation angle, node 4, rad
         44   -9.609E-03,  9.991E-01,  4.024E-02         F               0         Tower Y orientation angle, node 4, rad
         45    1.601E-01, -3.818E-02,  9.864E-01         F               0         Tower Z orientation angle, node 4, rad
         46    9.868E-01,  1.598E-02, -1.613E-01         F               0         Tower X orientation angle, node 5, rad
         47   -9.573E-03,  9.991E-01,  4.046E-02         F               0         Tower Y orientation angle, node 5, rad
         48    1.618E-01, -3.838E-02,  9.861E-01         F               0         Tower Z orientation angle, node 5, rad
         49    9.866E-01,  1.604E-02, -1.626E-01         F               0         Tower X orientation angle, node 6, rad
         50   -9.542E-03,  9.991E-01,  4.064E-02         F               0         Tower Y orientation angle, node 6, rad
         51    1.631E-01, -3.855E-02,  9.859E-01         F               0         Tower Z orientation angle, node 6, rad
         52    9.864E-01,  1.608E-02, -1.636E-01         F               0         Tower X orientation angle, node 7, rad
         53   -9.517E-03,  9.991E-01,  4.079E-02         F               0         Tower Y orientation angle, node 7, rad
         54    1.641E-01, -3.868E-02,  9.857E-01         F               0         Tower Z orientation angle, node 7, rad
         55    9.863E-01,  1.611E-02, -1.644E-01         F               0         Tower X orientation angle, node 8, rad
         56   -9.498E-03,  9.991E-01,  4.091E-02         F               0         Tower Y orientation angle, node 8, rad
         57    1.649E-01, -3.879E-02,  9.856E-01         F               0         Tower Z orientation angle, node 8, rad
         58    9.862E-01,  1.613E-02, -1.649E-01         F               0         Tower X orientation angle, node 9, rad
         59   -9.484E-03,  9.991E-01,  4.099E-02         F               0         Tower Y orientation angle, node 9, rad
         60    1.654E-01, -3.886E-02,  9.855E-01         F               0         Tower Z orientation angle, node 9, rad
         61    9.861E-01,  1.614E-02, -1.652E-01         F               0         Tower X orientation angle, node 10, rad
         62   -9.475E-03,  9.991E-01,  4.105E-02         F               0         Tower Y orientation angle, node 10, rad
         63    1.658E-01, -3.891E-02,  9.854E-01         F               0         Tower Z orientation angle, node 10, rad
         64    9.861E-01,  1.615E-02, -1.654E-01         F               0         Tower X orientation angle, node 11, rad
         65   -9.470E-03,  9.991E-01,  4.108E-02         F               0         Tower Y orientation angle, node 11, rad
         66    1.659E-01, -3.894E-02,  9.854E-01         F               0         Tower Z orientation angle, node 11, rad
         67    4.923E-04                                 F               0         Tower X translation velocity, node 1, m/s
         68   -1.588E-02                                 F               0         Tower Y translation velocity, node 1, m/s
         69    4.786E-03                                 F               0         Tower Z translation velocity, node 1, m/s
         70    9.027E-04                                 F               0         Tower X translation velocity, node 2, m/s
         71   -2.646E-02                                 F               0         Tower Y translation velocity, node 2, m/s
         72    4.320E-03                                 F               0         Tower Z translation velocity, node 2, m/s
         73    1.279E-03                                 F               0         Tower X translation velocity, node 3, m/s
         74   -3.715E-02                                 F               0         Tower Y translation velocity, node 3, m/s
         75    3.851E-03                                 F               0         Tower Z translation velocity, node 3, m/s
         76    1.629E-03                                 F               0         Tower X translation velocity, node 4, m/s
         77   -4.794E-02                                 F               0         Tower Y translation velocity, node 4, m/s
         78    3.378E-03                                 F               0         Tower Z translation velocity, node 4, m/s
         79    1.958E-03                                 F               0         Tower X translation velocity, node 5, m/s
         80   -5.881E-02                                 F               0         Tower Y translation velocity, node 5, m/s
         81    2.902E-03                                 F               0         Tower Z translation velocity, node 5, m/s
         82    2.271E-03                                 F               0         Tower X translation velocity, node 6, m/s
         83   -6.974E-02                                 F               0         Tower Y translation velocity, node 6, m/s
         84    2.424E-03                                 F               0         Tower Z translation velocity, node 6, m/s
         85    2.572E-03                                 F               0         Tower X translation velocity, node 7, m/s
         86   -8.073E-02                                 F               0         Tower Y translation velocity, node 7, m/s
         87    1.943E-03                                 F               0         Tower Z translation velocity, node 7, m/s
         88    2.864E-03                                 F               0         Tower X translation velocity, node 8, m/s
         89   -9.175E-02                                 F               0         Tower Y translation velocity, node 8, m/s
         90    1.461E-03                                 F               0         Tower Z translation velocity, node 8, m/s
         91    3.150E-03                                 F               0         Tower X translation velocity, node 9, m/s
         92   -1.028E-01                                 F               0         Tower Y translation velocity, node 9, m/s
         93    9.776E-04                                 F               0         Tower Z translation velocity, node 9, m/s
         94    3.432E-03                                 F               0         Tower X translation velocity, node 10, m/s
         95   -1.139E-01                                 F               0         Tower Y translation velocity, node 10, m/s
         96    4.927E-04                                 F               0         Tower Z translation velocity, node 10, m/s
         97    3.713E-03                                 F               0         Tower X translation velocity, node 11, m/s
         98   -1.250E-01                                 F               0         Tower Y translation velocity, node 11, m/s
         99    7.081E-06                                 F               0         Tower Z translation velocity, node 11, m/s
        100    3.657E+01                                 F               0         Hub X translation displacement, node 1, m
        101   -6.117E+00                                 F               0         Hub Y translation displacement, node 1, m
        102   -4.768E-01                                 F               0         Hub Z translation displacement, node 1, m
        103    9.633E-01,  2.013E-02, -2.675E-01         F               0         Hub X orientation angle, node 1, rad
        104   -8.600E-02, -9.214E-01, -3.790E-01         F               0         Hub Y orientation angle, node 1, rad
        105   -2.541E-01,  3.881E-01, -8.859E-01         F               0         Hub Z orientation angle, node 1, rad
        106    1.004E+00                                 F               0         Hub X rotation velocity, node 1, rad/s
        107    2.099E-02                                 F               0         Hub Y rotation velocity, node 1, rad/s
        108   -2.788E-01                                 F               0         Hub Z rotation velocity, node 1, rad/s
        109    9.655E-01,  4.745E-02, -2.561E-01         F               0         Blade root 1 X orientation angle, node 1, rad
        110   -5.738E-02, -9.204E-01, -3.868E-01         F               0         Blade root 1 Y orientation angle, node 1, rad
        111   -2.541E-01,  3.881E-01, -8.859E-01         F               0         Blade root 1 Z orientation angle, node 1, rad
        112    9.682E-01, -3.519E-03, -2.503E-01         F               0         Blade root 2 X orientation angle, node 1, rad
        113   -1.484E-01,  7.971E-01, -5.854E-01         F               0         Blade root 2 Y orientation angle, node 1, rad
        114    2.015E-01,  6.039E-01,  7.712E-01         F               0         Blade root 2 Z orientation angle, node 1, rad
        115    9.551E-01,  1.643E-02, -2.958E-01         F               0         Blade root 3 X orientation angle, node 1, rad
        116    2.915E-01,  1.251E-01,  9.483E-01         F               0         Blade root 3 Y orientation angle, node 1, rad
        117    5.257E-02, -9.920E-01,  1.147E-01         F               0         Blade root 3 Z orientation angle, node 1, rad
        118    3.459E+01                                 F               0         Blade 1 X translation displacement, node 1, m
        119   -3.967E+00                                 F               0         Blade 1 Y translation displacement, node 1, m
        120   -1.089E+01                                 F               0         Blade 1 Z translation displacement, node 1, m
        121    3.411E+01                                 F               0         Blade 1 X translation displacement, node 2, m
        122   -3.448E+00                                 F               0         Blade 1 Y translation displacement, node 2, m
        123   -1.340E+01                                 F               0         Blade 1 Z translation displacement, node 2, m
        124    2.760E+01                                 F               0         Blade 1 X translation displacement, node 3, m
        125    3.597E+00                                 F               0         Blade 1 Y translation displacement, node 3, m
        126   -4.754E+01                                 F               0         Blade 1 Z translation displacement, node 3, m
        127    2.621E+01                                 F               0         Blade 1 X translation displacement, node 4, m
        128    5.098E+00                                 F               0         Blade 1 Y translation displacement, node 4, m
        129   -5.481E+01                                 F               0         Blade 1 Z translation displacement, node 4, m
        130    2.482E+01                                 F               0         Blade 1 X translation displacement, node 5, m
        131    6.600E+00                                 F               0         Blade 1 Y translation displacement, node 5, m
        132   -6.208E+01                                 F               0         Blade 1 Z translation displacement, node 5, m
        133    2.344E+01                                 F               0         Blade 1 X translation displacement, node 6, m
        134    8.101E+00                                 F               0         Blade 1 Y translation displacement, node 6, m
        135   -6.936E+01                                 F               0         Blade 1 Z translation displacement, node 6, m
        136    2.205E+01                                 F               0         Blade 1 X translation displacement, node 7, m
        137    9.602E+00                                 F               0         Blade 1 Y translation displacement, node 7, m
        138   -7.663E+01                                 F               0         Blade 1 Z translation displacement, node 7, m
        139    2.066E+01                                 F               0         Blade 1 X translation displacement, node 8, m
        140    1.110E+01                                 F               0         Blade 1 Y translation displacement, node 8, m
        141   -8.390E+01                                 F               0         Blade 1 Z translation displacement, node 8, m
        142    1.927E+01                                 F               0         Blade 1 X translation displacement, node 9, m
        143    1.260E+01                                 F               0         Blade 1 Y translation displacement, node 9, m
        144   -9.118E+01                                 F               0         Blade 1 Z translation displacement, node 9, m
        145    1.789E+01                                 F               0         Blade 1 X translation displacement, node 10, m
        146    1.411E+01                                 F               0         Blade 1 Y translation displacement, node 10, m
        147   -9.845E+01                                 F               0         Blade 1 Z translation displacement, node 10, m
        148    1.650E+01                                 F               0         Blade 1 X translation displacement, node 11, m
        149    1.561E+01                                 F               0         Blade 1 Y translation displacement, node 11, m
        150   -1.057E+02                                 F               0         Blade 1 Z translation displacement, node 11, m
        151    1.511E+01                                 F               0         Blade 1 X translation displacement, node 12, m
        152    1.711E+01                                 F               0         Blade 1 Y translation displacement, node 12, m
        153   -1.130E+02                                 F               0         Blade 1 Z translation displacement, node 12, m
        154    1.373E+01                                 F               0         Blade 1 X translation displacement, node 13, m
        155    1.861E+01                                 F               0         Blade 1 Y translation displacement, node 13, m
        156   -1.203E+02                                 F               0         Blade 1 Z translation displacement, node 13, m
        157    1.234E+01                                 F               0         Blade 1 X translation displacement, node 14, m
        158    2.011E+01                                 F               0         Blade 1 Y translation displacement, node 14, m
        159   -1.275E+02                                 F               0         Blade 1 Z translation displacement, node 14, m
        160    1.095E+01                                 F               0         Blade 1 X translation displacement, node 15, m
        161    2.161E+01                                 F               0         Blade 1 Y translation displacement, node 15, m
        162   -1.348E+02                                 F               0         Blade 1 Z translation displacement, node 15, m
        163    9.564E+00                                 F               0         Blade 1 X translation displacement, node 16, m
        164    2.311E+01                                 F               0         Blade 1 Y translation displacement, node 16, m
        165   -1.421E+02                                 F               0         Blade 1 Z translation displacement, node 16, m
        166    8.177E+00                                 F               0         Blade 1 X translation displacement, node 17, m
        167    2.461E+01                                 F               0         Blade 1 Y translation displacement, node 17, m
        168   -1.494E+02                                 F               0         Blade 1 Z translation displacement, node 17, m
        169    6.790E+00                                 F               0         Blade 1 X translation displacement, node 18, m
        170    2.612E+01                                 F               0         Blade 1 Y translation displacement, node 18, m
        171   -1.566E+02                                 F               0         Blade 1 Z translation displacement, node 18, m
        172    5.403E+00                                 F               0         Blade 1 X translation displacement, node 19, m
        173    2.762E+01                                 F               0         Blade 1 Y translation displacement, node 19, m
        174   -1.639E+02                                 F               0         Blade 1 Z translation displacement, node 19, m
        175    4.016E+00                                 F               0         Blade 1 X translation displacement, node 20, m
        176    2.912E+01                                 F               0         Blade 1 Y translation displacement, node 20, m
        177   -1.712E+02                                 F               0         Blade 1 Z translation displacement, node 20, m
        178    2.629E+00                                 F               0         Blade 1 X translation displacement, node 21, m
        179    3.062E+01                                 F               0         Blade 1 Y translation displacement, node 21, m
        180   -1.784E+02                                 F               0         Blade 1 Z translation displacement, node 21, m
        181    1.242E+00                                 F               0         Blade 1 X translation displacement, node 22, m
        182    3.212E+01                                 F               0         Blade 1 Y translation displacement, node 22, m
        183   -1.857E+02                                 F               0         Blade 1 Z translation displacement, node 22, m
        184   -1.452E-01                                 F               0         Blade 1 X translation displacement, node 23, m
        185    3.362E+01                                 F               0         Blade 1 Y translation displacement, node 23, m
        186   -1.930E+02                                 F               0         Blade 1 Z translation displacement, node 23, m
        187   -1.532E+00                                 F               0         Blade 1 X translation displacement, node 24, m
        188    3.512E+01                                 F               0         Blade 1 Y translation displacement, node 24, m
        189   -2.003E+02                                 F               0         Blade 1 Z translation displacement, node 24, m
        190   -2.919E+00                                 F               0         Blade 1 X translation displacement, node 25, m
        191    3.662E+01                                 F               0         Blade 1 Y translation displacement, node 25, m
        192   -2.075E+02                                 F               0         Blade 1 Z translation displacement, node 25, m
        193   -4.306E+00                                 F               0         Blade 1 X translation displacement, node 26, m
        194    3.813E+01                                 F               0         Blade 1 Y translation displacement, node 26, m
        195   -2.148E+02                                 F               0         Blade 1 Z translation displacement, node 26, m
        196   -5.693E+00                                 F               0         Blade 1 X translation displacement, node 27, m
        197    3.963E+01                                 F               0         Blade 1 Y translation displacement, node 27, m
        198   -2.221E+02                                 F               0         Blade 1 Z translation displacement, node 27, m
        199   -6.869E+00                                 F               0         Blade 1 X translation displacement, node 28, m
        200    4.090E+01                                 F               0         Blade 1 Y translation displacement, node 28, m
        201   -2.283E+02                                 F               0         Blade 1 Z translation displacement, node 28, m
        202    8.854E-01,  4.619E-01, -5.158E-02         F               0         Blade 1 X orientation angle, node 1, rad
        203    3.892E-01, -7.975E-01, -4.610E-01         F               0         Blade 1 Y orientation angle, node 1, rad
        204   -2.541E-01,  3.881E-01, -8.859E-01         F               0         Blade 1 Z orientation angle, node 1, rad
        205    8.854E-01,  4.619E-01, -5.158E-02         F               0         Blade 1 X orientation angle, node 2, rad
        206    3.892E-01, -7.975E-01, -4.610E-01         F               0         Blade 1 Y orientation angle, node 2, rad
        207   -2.541E-01,  3.881E-01, -8.859E-01         F               0         Blade 1 Z orientation angle, node 2, rad
        208    9.524E-01,  2.598E-01, -1.594E-01         F               0         Blade 1 X orientation angle, node 3, rad
        209    1.683E-01, -8.842E-01, -4.357E-01         F               0         Blade 1 Y orientation angle, node 3, rad
        210   -2.541E-01,  3.881E-01, -8.859E-01         F               0         Blade 1 Z orientation angle, node 3, rad
        211    9.587E-01,  2.222E-01, -1.776E-01         F               0         Blade 1 X orientation angle, node 4, rad
        212    1.279E-01, -8.944E-01, -4.286E-01         F               0         Blade 1 Y orientation angle, node 4, rad
        213   -2.541E-01,  3.881E-01, -8.859E-01         F               0         Blade 1 Z orientation angle, node 4, rad
        214    9.624E-01,  1.924E-01, -1.917E-01         F               0         Blade 1 X orientation angle, node 5, rad
        215    9.604E-02, -9.013E-01, -4.224E-01         F               0         Blade 1 Y orientation angle, node 5, rad
        216   -2.541E-01,  3.881E-01, -8.859E-01         F               0         Blade 1 Z orientation angle, node 5, rad
        217    9.646E-01,  1.684E-01, -2.029E-01         F               0         Blade 1 X orientation angle, node 6, rad
        218    7.047E-02, -9.061E-01, -4.172E-01         F               0         Blade 1 Y orientation angle, node 6, rad
        219   -2.541E-01,  3.881E-01, -8.859E-01         F               0         Blade 1 Z orientation angle, node 6, rad
        220    9.659E-01,  1.486E-01, -2.119E-01         F               0         Blade 1 X orientation angle, node 7, rad
        221    4.942E-02, -9.095E-01, -4.127E-01         F               0         Blade 1 Y orientation angle, node 7, rad
        222   -2.541E-01,  3.881E-01, -8.859E-01         F               0         Blade 1 Z orientation angle, node 7, rad
        223    9.667E-01,  1.321E-01, -2.194E-01         F               0         Blade 1 X orientation angle, node 8, rad
        224    3.188E-02, -9.121E-01, -4.088E-01         F               0         Blade 1 Y orientation angle, node 8, rad
        225   -2.541E-01,  3.881E-01, -8.859E-01         F               0         Blade 1 Z orientation angle, node 8, rad
        226    9.670E-01,  1.181E-01, -2.256E-01         F               0         Blade 1 X orientation angle, node 9, rad
        227    1.703E-02, -9.140E-01, -4.054E-01         F               0         Blade 1 Y orientation angle, node 9, rad
        228   -2.541E-01,  3.881E-01, -8.859E-01         F               0         Blade 1 Z orientation angle, node 9, rad
        229    9.672E-01,  1.060E-01, -2.310E-01         F               0         Blade 1 X orientation angle, node 10, rad
        230    4.197E-03, -9.155E-01, -4.023E-01         F               0         Blade 1 Y orientation angle, node 10, rad
        231   -2.541E-01,  3.881E-01, -8.859E-01         F               0         Blade 1 Z orientation angle, node 10, rad
        232    9.672E-01,  9.556E-02, -2.355E-01         F               0         Blade 1 X orientation angle, node 11, rad
        233   -6.775E-03, -9.166E-01, -3.997E-01         F               0         Blade 1 Y orientation angle, node 11, rad
        234   -2.541E-01,  3.881E-01, -8.859E-01         F               0         Blade 1 Z orientation angle, node 11, rad
        235    9.670E-01,  8.643E-02, -2.395E-01         F               0         Blade 1 X orientation angle, node 12, rad
        236   -1.640E-02, -9.175E-01, -3.973E-01         F               0         Blade 1 Y orientation angle, node 12, rad
        237   -2.541E-01,  3.881E-01, -8.859E-01         F               0         Blade 1 Z orientation angle, node 12, rad
        238    9.669E-01,  7.842E-02, -2.430E-01         F               0         Blade 1 X orientation angle, node 13, rad
        239   -2.483E-02, -9.183E-01, -3.952E-01         F               0         Blade 1 Y orientation angle, node 13, rad
        240   -2.541E-01,  3.881E-01, -8.859E-01         F               0         Blade 1 Z orientation angle, node 13, rad
        241    9.666E-01,  7.121E-02, -2.461E-01         F               0         Blade 1 X orientation angle, node 14, rad
        242   -3.243E-02, -9.188E-01, -3.933E-01         F               0         Blade 1 Y orientation angle, node 14, rad
        243   -2.541E-01,  3.881E-01, -8.859E-01         F               0         Blade 1 Z orientation angle, node 14, rad
        244    9.664E-01,  6.479E-02, -2.488E-01         F               0         Blade 1 X orientation angle, node 15, rad
        245   -3.917E-02, -9.193E-01, -3.916E-01         F               0         Blade 1 Y orientation angle, node 15, rad
        246   -2.541E-01,  3.881E-01, -8.859E-01         F               0         Blade 1 Z orientation angle, node 15, rad
        247    9.661E-01,  5.902E-02, -2.513E-01         F               0         Blade 1 X orientation angle, node 16, rad
        248   -4.525E-02, -9.197E-01, -3.900E-01         F               0         Blade 1 Y orientation angle, node 16, rad
        249   -2.541E-01,  3.881E-01, -8.859E-01         F               0         Blade 1 Z orientation angle, node 16, rad
        250    9.659E-01,  5.388E-02, -2.534E-01         F               0         Blade 1 X orientation angle, node 17, rad
        251   -5.064E-02, -9.200E-01, -3.886E-01         F               0         Blade 1 Y orientation angle, node 17, rad
        252   -2.541E-01,  3.881E-01, -8.859E-01         F               0         Blade 1 Z orientation angle, node 17, rad
        253    9.656E-01,  4.906E-02, -2.555E-01         F               0         Blade 1 X orientation angle, node 18, rad
        254   -5.570E-02, -9.203E-01, -3.872E-01         F               0         Blade 1 Y orientation angle, node 18, rad
        255   -2.541E-01,  3.881E-01, -8.859E-01         F               0         Blade 1 Z orientation angle, node 18, rad
        256    9.653E-01,  4.472E-02, -2.573E-01         F               0         Blade 1 X orientation angle, node 19, rad
        257   -6.025E-02, -9.205E-01, -3.860E-01         F               0         Blade 1 Y orientation angle, node 19, rad
        258   -2.541E-01,  3.881E-01, -8.859E-01         F               0         Blade 1 Z orientation angle, node 19, rad
        259    9.650E-01,  4.087E-02, -2.589E-01         F               0         Blade 1 X orientation angle, node 20, rad
        260   -6.429E-02, -9.207E-01, -3.850E-01         F               0         Blade 1 Y orientation angle, node 20, rad
        261   -2.541E-01,  3.881E-01, -8.859E-01         F               0         Blade 1 Z orientation angle, node 20, rad
        262    9.648E-01,  3.717E-02, -2.604E-01         F               0         Blade 1 X orientation angle, node 21, rad
        263   -6.816E-02, -9.208E-01, -3.839E-01         F               0         Blade 1 Y orientation angle, node 21, rad
        264   -2.541E-01,  3.881E-01, -8.859E-01         F               0         Blade 1 Z orientation angle, node 21, rad
        265    9.645E-01,  3.380E-02, -2.619E-01         F               0         Blade 1 X orientation angle, node 22, rad
        266   -7.170E-02, -9.210E-01, -3.830E-01         F               0         Blade 1 Y orientation angle, node 22, rad
        267   -2.541E-01,  3.881E-01, -8.859E-01         F               0         Blade 1 Z orientation angle, node 22, rad
        268    9.643E-01,  3.074E-02, -2.631E-01         F               0         Blade 1 X orientation angle, node 23, rad
        269   -7.490E-02, -9.211E-01, -3.821E-01         F               0         Blade 1 Y orientation angle, node 23, rad
        270   -2.541E-01,  3.881E-01, -8.859E-01         F               0         Blade 1 Z orientation angle, node 23, rad
        271    9.640E-01,  2.785E-02, -2.643E-01         F               0         Blade 1 X orientation angle, node 24, rad
        272   -7.793E-02, -9.212E-01, -3.813E-01         F               0         Blade 1 Y orientation angle, node 24, rad
        273   -2.541E-01,  3.881E-01, -8.859E-01         F               0         Blade 1 Z orientation angle, node 24, rad
        274    9.638E-01,  2.511E-02, -2.655E-01         F               0         Blade 1 X orientation angle, node 25, rad
        275   -8.079E-02, -9.213E-01, -3.805E-01         F               0         Blade 1 Y orientation angle, node 25, rad
        276   -2.541E-01,  3.881E-01, -8.859E-01         F               0         Blade 1 Z orientation angle, node 25, rad
        277    9.636E-01,  2.270E-02, -2.664E-01         F               0         Blade 1 X orientation angle, node 26, rad
        278   -8.331E-02, -9.213E-01, -3.798E-01         F               0         Blade 1 Y orientation angle, node 26, rad
        279   -2.541E-01,  3.881E-01, -8.859E-01         F               0         Blade 1 Z orientation angle, node 26, rad
        280    9.634E-01,  2.029E-02, -2.674E-01         F               0         Blade 1 X orientation angle, node 27, rad
        281   -8.583E-02, -9.214E-01, -3.791E-01         F               0         Blade 1 Y orientation angle, node 27, rad
        282   -2.541E-01,  3.881E-01, -8.859E-01         F               0         Blade 1 Z orientation angle, node 27, rad
        283    9.632E-01,  1.900E-02, -2.680E-01         F               0         Blade 1 X orientation angle, node 28, rad
        284   -8.718E-02, -9.214E-01, -3.787E-01         F               0         Blade 1 Y orientation angle, node 28, rad
        285   -2.541E-01,  3.881E-01, -8.859E-01         F               0         Blade 1 Z orientation angle, node 28, rad
        286    5.004E-01                                 F               0         Blade 1 X translation velocity, node 1, m/s
        287    5.189E+00                                 F               0         Blade 1 Y translation velocity, node 1, m/s
        288    2.188E+00                                 F               0         Blade 1 Z translation velocity, node 1, m/s
        289    6.201E-01                                 F               0         Blade 1 X translation velocity, node 2, m/s
        290    6.470E+00                                 F               0         Blade 1 Y translation velocity, node 2, m/s
        291    2.715E+00                                 F               0         Blade 1 Z translation velocity, node 2, m/s
        292    2.247E+00                                 F               0         Blade 1 X translation velocity, node 3, m/s
        293    2.390E+01                                 F               0         Blade 1 Y translation velocity, node 3, m/s
        294    9.885E+00                                 F               0         Blade 1 Z translation velocity, node 3, m/s
        295    2.594E+00                                 F               0         Blade 1 X translation velocity, node 4, m/s
        296    2.761E+01                                 F               0         Blade 1 Y translation velocity, node 4, m/s
        297    1.141E+01                                 F               0         Blade 1 Z translation velocity, node 4, m/s
        298    2.940E+00                                 F               0         Blade 1 X translation velocity, node 5, m/s
        299    3.133E+01                                 F               0         Blade 1 Y translation velocity, node 5, m/s
        300    1.294E+01                                 F               0         Blade 1 Z translation velocity, node 5, m/s
        301    3.287E+00                                 F               0         Blade 1 X translation velocity, node 6, m/s
        302    3.504E+01                                 F               0         Blade 1 Y translation velocity, node 6, m/s
        303    1.447E+01                                 F               0         Blade 1 Z translation velocity, node 6, m/s
        304    3.634E+00                                 F               0         Blade 1 X translation velocity, node 7, m/s
        305    3.875E+01                                 F               0         Blade 1 Y translation velocity, node 7, m/s
        306    1.600E+01                                 F               0         Blade 1 Z translation velocity, node 7, m/s
        307    3.980E+00                                 F               0         Blade 1 X translation velocity, node 8, m/s
