
Linearized model: Predictions were generated on 19-Dec-2023 at 09:27:32 using OpenFAST, compiled as a 64-bit application using single precision at commit v3.5.1
 linked with  NWTC Subroutine Library; ElastoDyn; InflowWind; AeroDyn; ServoDyn; HydroDyn; MoorDyn (v2.0.0, 2023-09-18)

Description from the FAST input file: CCT-9 Campign 4 model. Input files to be run with OpenFAST 3.5.0. GitHub branch from Lu Wang (https://github.com/luwang00/openfast/tree/dev) compiled on March 7, 2023.

Simulation information:
   Simulation time:                  1006.4750 s
   Rotor Speed:                         1.0409 rad/s
   Azimuth:                             5.5853 rad
   Wind Speed:                         12.0000 m/s
   Number of continuous states:         0
   Number of discrete states:           0
   Number of constraint states:         0
   Number of inputs:                 1746
   Number of outputs:                   4
   Jacobians included in this file?    No

Order of inputs:
     Column   Operating Point                     Rotating Frame? Derivative Order Description
   ---------- ---------------                     --------------- ---------------- -----------
          1    1.511E+01                                 F               0         Tower X translation displacement, node 1, m
          2   -9.249E-01                                 F               0         Tower Y translation displacement, node 1, m
          3   -4.166E-01                                 F               0         Tower Z translation displacement, node 1, m
          4    1.702E+01                                 F               0         Tower X translation displacement, node 2, m
          5   -1.411E+00                                 F               0         Tower Y translation displacement, node 2, m
          6   -5.745E-01                                 F               0         Tower Z translation displacement, node 2, m
          7    1.896E+01                                 F               0         Tower X translation displacement, node 3, m
          8   -1.902E+00                                 F               0         Tower Y translation displacement, node 3, m
          9   -7.380E-01                                 F               0         Tower Z translation displacement, node 3, m
         10    2.093E+01                                 F               0         Tower X translation displacement, node 4, m
         11   -2.396E+00                                 F               0         Tower Y translation displacement, node 4, m
         12   -9.058E-01                                 F               0         Tower Z translation displacement, node 4, m
         13    2.292E+01                                 F               0         Tower X translation displacement, node 5, m
         14   -2.893E+00                                 F               0         Tower Y translation displacement, node 5, m
         15   -1.077E+00                                 F               0         Tower Z translation displacement, node 5, m
         16    2.493E+01                                 F               0         Tower X translation displacement, node 6, m
         17   -3.393E+00                                 F               0         Tower Y translation displacement, node 6, m
         18   -1.252E+00                                 F               0         Tower Z translation displacement, node 6, m
         19    2.695E+01                                 F               0         Tower X translation displacement, node 7, m
         20   -3.894E+00                                 F               0         Tower Y translation displacement, node 7, m
         21   -1.429E+00                                 F               0         Tower Z translation displacement, node 7, m
         22    2.899E+01                                 F               0         Tower X translation displacement, node 8, m
         23   -4.396E+00                                 F               0         Tower Y translation displacement, node 8, m
         24   -1.608E+00                                 F               0         Tower Z translation displacement, node 8, m
         25    3.103E+01                                 F               0         Tower X translation displacement, node 9, m
         26   -4.901E+00                                 F               0         Tower Y translation displacement, node 9, m
         27   -1.788E+00                                 F               0         Tower Z translation displacement, node 9, m
         28    3.307E+01                                 F               0         Tower X translation displacement, node 10, m
         29   -5.405E+00                                 F               0         Tower Y translation displacement, node 10, m
         30   -1.969E+00                                 F               0         Tower Z translation displacement, node 10, m
         31    3.512E+01                                 F               0         Tower X translation displacement, node 11, m
         32   -5.911E+00                                 F               0         Tower Y translation displacement, node 11, m
         33   -2.151E+00                                 F               0         Tower Z translation displacement, node 11, m
         34    9.881E-01,  1.518E-02, -1.529E-01         F               0         Tower X orientation angle, node 1, rad
         35   -8.992E-03,  9.991E-01,  4.111E-02         F               0         Tower Y orientation angle, node 1, rad
         36    1.533E-01, -3.925E-02,  9.874E-01         F               0         Tower Z orientation angle, node 1, rad
         37    9.877E-01,  1.529E-02, -1.554E-01         F               0         Tower X orientation angle, node 2, rad
         38   -8.937E-03,  9.991E-01,  4.146E-02         F               0         Tower Y orientation angle, node 2, rad
         39    1.559E-01, -3.957E-02,  9.870E-01         F               0         Tower Z orientation angle, node 2, rad
         40    9.874E-01,  1.538E-02, -1.577E-01         F               0         Tower X orientation angle, node 3, rad
         41   -8.887E-03,  9.991E-01,  4.178E-02         F               0         Tower Y orientation angle, node 3, rad
         42    1.582E-01, -3.985E-02,  9.866E-01         F               0         Tower Z orientation angle, node 3, rad
         43    9.870E-01,  1.546E-02, -1.597E-01         F               0         Tower X orientation angle, node 4, rad
         44   -8.842E-03,  9.991E-01,  4.206E-02         F               0         Tower Y orientation angle, node 4, rad
         45    1.602E-01, -4.010E-02,  9.863E-01         F               0         Tower Z orientation angle, node 4, rad
         46    9.868E-01,  1.552E-02, -1.613E-01         F               0         Tower X orientation angle, node 5, rad
         47   -8.804E-03,  9.991E-01,  4.229E-02         F               0         Tower Y orientation angle, node 5, rad
         48    1.618E-01, -4.031E-02,  9.860E-01         F               0         Tower Z orientation angle, node 5, rad
         49    9.866E-01,  1.558E-02, -1.626E-01         F               0         Tower X orientation angle, node 6, rad
         50   -8.771E-03,  9.991E-01,  4.249E-02         F               0         Tower Y orientation angle, node 6, rad
         51    1.631E-01, -4.049E-02,  9.858E-01         F               0         Tower Z orientation angle, node 6, rad
         52    9.864E-01,  1.562E-02, -1.637E-01         F               0         Tower X orientation angle, node 7, rad
         53   -8.745E-03,  9.991E-01,  4.265E-02         F               0         Tower Y orientation angle, node 7, rad
         54    1.642E-01, -4.064E-02,  9.856E-01         F               0         Tower Z orientation angle, node 7, rad
         55    9.863E-01,  1.565E-02, -1.644E-01         F               0         Tower X orientation angle, node 8, rad
         56   -8.725E-03,  9.990E-01,  4.277E-02         F               0         Tower Y orientation angle, node 8, rad
         57    1.649E-01, -4.075E-02,  9.855E-01         F               0         Tower Z orientation angle, node 8, rad
         58    9.862E-01,  1.567E-02, -1.650E-01         F               0         Tower X orientation angle, node 9, rad
         59   -8.710E-03,  9.990E-01,  4.286E-02         F               0         Tower Y orientation angle, node 9, rad
         60    1.655E-01, -4.083E-02,  9.854E-01         F               0         Tower Z orientation angle, node 9, rad
         61    9.861E-01,  1.569E-02, -1.653E-01         F               0         Tower X orientation angle, node 10, rad
         62   -8.700E-03,  9.990E-01,  4.292E-02         F               0         Tower Y orientation angle, node 10, rad
         63    1.658E-01, -4.088E-02,  9.853E-01         F               0         Tower Z orientation angle, node 10, rad
         64    9.861E-01,  1.570E-02, -1.655E-01         F               0         Tower X orientation angle, node 11, rad
         65   -8.695E-03,  9.990E-01,  4.295E-02         F               0         Tower Y orientation angle, node 11, rad
         66    1.660E-01, -4.091E-02,  9.853E-01         F               0         Tower Z orientation angle, node 11, rad
         67   -5.355E-04                                 F               0         Tower X translation velocity, node 1, m/s
         68   -1.842E-02                                 F               0         Tower Y translation velocity, node 1, m/s
         69    3.110E-03                                 F               0         Tower Z translation velocity, node 1, m/s
         70   -5.203E-04                                 F               0         Tower X translation velocity, node 2, m/s
         71   -3.094E-02                                 F               0         Tower Y translation velocity, node 2, m/s
         72    2.609E-03                                 F               0         Tower Z translation velocity, node 2, m/s
         73   -5.263E-04                                 F               0         Tower X translation velocity, node 3, m/s
         74   -4.363E-02                                 F               0         Tower Y translation velocity, node 3, m/s
         75    2.099E-03                                 F               0         Tower Z translation velocity, node 3, m/s
         76   -5.427E-04                                 F               0         Tower X translation velocity, node 4, m/s
         77   -5.646E-02                                 F               0         Tower Y translation velocity, node 4, m/s
         78    1.581E-03                                 F               0         Tower Z translation velocity, node 4, m/s
         79   -5.617E-04                                 F               0         Tower X translation velocity, node 5, m/s
         80   -6.940E-02                                 F               0         Tower Y translation velocity, node 5, m/s
         81    1.056E-03                                 F               0         Tower Z translation velocity, node 5, m/s
         82   -5.771E-04                                 F               0         Tower X translation velocity, node 6, m/s
         83   -8.244E-02                                 F               0         Tower Y translation velocity, node 6, m/s
         84    5.243E-04                                 F               0         Tower Z translation velocity, node 6, m/s
         85   -5.849E-04                                 F               0         Tower X translation velocity, node 7, m/s
         86   -9.556E-02                                 F               0         Tower Y translation velocity, node 7, m/s
         87   -1.418E-05                                 F               0         Tower Z translation velocity, node 7, m/s
         88   -5.818E-04                                 F               0         Tower X translation velocity, node 8, m/s
         89   -1.087E-01                                 F               0         Tower Y translation velocity, node 8, m/s
         90   -5.591E-04                                 F               0         Tower Z translation velocity, node 8, m/s
         91   -5.669E-04                                 F               0         Tower X translation velocity, node 9, m/s
         92   -1.220E-01                                 F               0         Tower Y translation velocity, node 9, m/s
         93   -1.109E-03                                 F               0         Tower Z translation velocity, node 9, m/s
         94   -5.412E-04                                 F               0         Tower X translation velocity, node 10, m/s
         95   -1.352E-01                                 F               0         Tower Y translation velocity, node 10, m/s
         96   -1.664E-03                                 F               0         Tower Z translation velocity, node 10, m/s
         97   -5.072E-04                                 F               0         Tower X translation velocity, node 11, m/s
         98   -1.485E-01                                 F               0         Tower Y translation velocity, node 11, m/s
         99   -2.222E-03                                 F               0         Tower Z translation velocity, node 11, m/s
        100    3.658E+01                                 F               0         Hub X translation displacement, node 1, m
        101   -6.401E+00                                 F               0         Hub Y translation displacement, node 1, m
        102   -4.793E-01                                 F               0         Hub Z translation displacement, node 1, m
        103    9.633E-01,  1.989E-02, -2.675E-01         F               0         Hub X orientation angle, node 1, rad
        104   -1.790E-01,  7.905E-01, -5.857E-01         F               0         Hub Y orientation angle, node 1, rad
        105    1.999E-01,  6.121E-01,  7.651E-01         F               0         Hub Z orientation angle, node 1, rad
        106    1.004E+00                                 F               0         Hub X rotation velocity, node 1, rad/s
        107    2.072E-02                                 F               0         Hub Y rotation velocity, node 1, rad/s
        108   -2.788E-01                                 F               0         Hub Z rotation velocity, node 1, rad/s
        109    9.682E-01, -3.575E-03, -2.501E-01         F               0         Blade root 1 X orientation angle, node 1, rad
        110   -1.503E-01,  7.908E-01, -5.933E-01         F               0         Blade root 1 Y orientation angle, node 1, rad
        111    1.999E-01,  6.121E-01,  7.651E-01         F               0         Blade root 1 Z orientation angle, node 1, rad
        112    9.551E-01,  1.588E-02, -2.958E-01         F               0         Blade root 2 X orientation angle, node 1, rad
        113    2.910E-01,  1.353E-01,  9.471E-01         F               0         Blade root 2 Y orientation angle, node 1, rad
        114    5.507E-02, -9.907E-01,  1.246E-01         F               0         Blade root 2 Z orientation angle, node 1, rad
        115    9.654E-01,  4.733E-02, -2.565E-01         F               0         Blade root 3 X orientation angle, node 1, rad
        116   -5.498E-02, -9.244E-01, -3.776E-01         F               0         Blade root 3 Y orientation angle, node 1, rad
        117   -2.549E-01,  3.786E-01, -8.898E-01         F               0         Blade root 3 Z orientation angle, node 1, rad
        118    3.711E+01                                 F               0         Blade 1 X translation displacement, node 1, m
        119   -3.011E+00                                 F               0         Blade 1 Y translation displacement, node 1, m
        120   -1.750E+00                                 F               0         Blade 1 Z translation displacement, node 1, m
        121    3.723E+01                                 F               0         Blade 1 X translation displacement, node 2, m
        122   -2.194E+00                                 F               0         Blade 1 Y translation displacement, node 2, m
        123   -2.056E+00                                 F               0         Blade 1 Z translation displacement, node 2, m
        124    3.896E+01                                 F               0         Blade 1 X translation displacement, node 3, m
        125    8.917E+00                                 F               0         Blade 1 Y translation displacement, node 3, m
        126   -6.220E+00                                 F               0         Blade 1 Z translation displacement, node 3, m
        127    3.933E+01                                 F               0         Blade 1 X translation displacement, node 4, m
        128    1.128E+01                                 F               0         Blade 1 Y translation displacement, node 4, m
        129   -7.108E+00                                 F               0         Blade 1 Z translation displacement, node 4, m
        130    3.970E+01                                 F               0         Blade 1 X translation displacement, node 5, m
        131    1.365E+01                                 F               0         Blade 1 Y translation displacement, node 5, m
        132   -7.995E+00                                 F               0         Blade 1 Z translation displacement, node 5, m
        133    4.007E+01                                 F               0         Blade 1 X translation displacement, node 6, m
        134    1.602E+01                                 F               0         Blade 1 Y translation displacement, node 6, m
        135   -8.882E+00                                 F               0         Blade 1 Z translation displacement, node 6, m
        136    4.044E+01                                 F               0         Blade 1 X translation displacement, node 7, m
        137    1.839E+01                                 F               0         Blade 1 Y translation displacement, node 7, m
        138   -9.769E+00                                 F               0         Blade 1 Z translation displacement, node 7, m
        139    4.081E+01                                 F               0         Blade 1 X translation displacement, node 8, m
        140    2.075E+01                                 F               0         Blade 1 Y translation displacement, node 8, m
        141   -1.066E+01                                 F               0         Blade 1 Z translation displacement, node 8, m
        142    4.118E+01                                 F               0         Blade 1 X translation displacement, node 9, m
        143    2.312E+01                                 F               0         Blade 1 Y translation displacement, node 9, m
        144   -1.154E+01                                 F               0         Blade 1 Z translation displacement, node 9, m
        145    4.155E+01                                 F               0         Blade 1 X translation displacement, node 10, m
        146    2.549E+01                                 F               0         Blade 1 Y translation displacement, node 10, m
        147   -1.243E+01                                 F               0         Blade 1 Z translation displacement, node 10, m
        148    4.191E+01                                 F               0         Blade 1 X translation displacement, node 11, m
        149    2.786E+01                                 F               0         Blade 1 Y translation displacement, node 11, m
        150   -1.332E+01                                 F               0         Blade 1 Z translation displacement, node 11, m
        151    4.228E+01                                 F               0         Blade 1 X translation displacement, node 12, m
        152    3.022E+01                                 F               0         Blade 1 Y translation displacement, node 12, m
        153   -1.421E+01                                 F               0         Blade 1 Z translation displacement, node 12, m
        154    4.265E+01                                 F               0         Blade 1 X translation displacement, node 13, m
        155    3.259E+01                                 F               0         Blade 1 Y translation displacement, node 13, m
        156   -1.509E+01                                 F               0         Blade 1 Z translation displacement, node 13, m
        157    4.302E+01                                 F               0         Blade 1 X translation displacement, node 14, m
        158    3.496E+01                                 F               0         Blade 1 Y translation displacement, node 14, m
        159   -1.598E+01                                 F               0         Blade 1 Z translation displacement, node 14, m
        160    4.339E+01                                 F               0         Blade 1 X translation displacement, node 15, m
        161    3.733E+01                                 F               0         Blade 1 Y translation displacement, node 15, m
        162   -1.687E+01                                 F               0         Blade 1 Z translation displacement, node 15, m
        163    4.376E+01                                 F               0         Blade 1 X translation displacement, node 16, m
        164    3.969E+01                                 F               0         Blade 1 Y translation displacement, node 16, m
        165   -1.775E+01                                 F               0         Blade 1 Z translation displacement, node 16, m
        166    4.413E+01                                 F               0         Blade 1 X translation displacement, node 17, m
        167    4.206E+01                                 F               0         Blade 1 Y translation displacement, node 17, m
        168   -1.864E+01                                 F               0         Blade 1 Z translation displacement, node 17, m
        169    4.449E+01                                 F               0         Blade 1 X translation displacement, node 18, m
        170    4.443E+01                                 F               0         Blade 1 Y translation displacement, node 18, m
        171   -1.953E+01                                 F               0         Blade 1 Z translation displacement, node 18, m
        172    4.486E+01                                 F               0         Blade 1 X translation displacement, node 19, m
        173    4.679E+01                                 F               0         Blade 1 Y translation displacement, node 19, m
        174   -2.042E+01                                 F               0         Blade 1 Z translation displacement, node 19, m
        175    4.523E+01                                 F               0         Blade 1 X translation displacement, node 20, m
        176    4.916E+01                                 F               0         Blade 1 Y translation displacement, node 20, m
        177   -2.130E+01                                 F               0         Blade 1 Z translation displacement, node 20, m
        178    4.560E+01                                 F               0         Blade 1 X translation displacement, node 21, m
        179    5.153E+01                                 F               0         Blade 1 Y translation displacement, node 21, m
        180   -2.219E+01                                 F               0         Blade 1 Z translation displacement, node 21, m
        181    4.597E+01                                 F               0         Blade 1 X translation displacement, node 22, m
        182    5.390E+01                                 F               0         Blade 1 Y translation displacement, node 22, m
        183   -2.308E+01                                 F               0         Blade 1 Z translation displacement, node 22, m
        184    4.634E+01                                 F               0         Blade 1 X translation displacement, node 23, m
        185    5.626E+01                                 F               0         Blade 1 Y translation displacement, node 23, m
        186   -2.397E+01                                 F               0         Blade 1 Z translation displacement, node 23, m
        187    4.671E+01                                 F               0         Blade 1 X translation displacement, node 24, m
        188    5.863E+01                                 F               0         Blade 1 Y translation displacement, node 24, m
        189   -2.485E+01                                 F               0         Blade 1 Z translation displacement, node 24, m
        190    4.708E+01                                 F               0         Blade 1 X translation displacement, node 25, m
        191    6.100E+01                                 F               0         Blade 1 Y translation displacement, node 25, m
        192   -2.574E+01                                 F               0         Blade 1 Z translation displacement, node 25, m
        193    4.744E+01                                 F               0         Blade 1 X translation displacement, node 26, m
        194    6.337E+01                                 F               0         Blade 1 Y translation displacement, node 26, m
        195   -2.663E+01                                 F               0         Blade 1 Z translation displacement, node 26, m
        196    4.781E+01                                 F               0         Blade 1 X translation displacement, node 27, m
        197    6.573E+01                                 F               0         Blade 1 Y translation displacement, node 27, m
        198   -2.751E+01                                 F               0         Blade 1 Z translation displacement, node 27, m
        199    4.813E+01                                 F               0         Blade 1 X translation displacement, node 28, m
        200    6.774E+01                                 F               0         Blade 1 Y translation displacement, node 28, m
        201   -2.827E+01                                 F               0         Blade 1 Z translation displacement, node 28, m
        202    9.302E-01, -3.638E-01,  4.803E-02         F               0         Blade 1 X orientation angle, node 1, rad
        203    3.077E-01,  7.022E-01, -6.421E-01         F               0         Blade 1 Y orientation angle, node 1, rad
        204    1.999E-01,  6.121E-01,  7.651E-01         F               0         Blade 1 Z orientation angle, node 1, rad
        205    9.302E-01, -3.638E-01,  4.803E-02         F               0         Blade 1 X orientation angle, node 2, rad
        206    3.077E-01,  7.022E-01, -6.421E-01         F               0         Blade 1 Y orientation angle, node 2, rad
        207    1.999E-01,  6.121E-01,  7.651E-01         F               0         Blade 1 Z orientation angle, node 2, rad
        208    9.767E-01, -1.870E-01, -1.055E-01         F               0         Blade 1 X orientation angle, node 3, rad
        209    7.850E-02,  7.684E-01, -6.352E-01         F               0         Blade 1 Y orientation angle, node 3, rad
        210    1.999E-01,  6.121E-01,  7.651E-01         F               0         Blade 1 Z orientation angle, node 3, rad
        211    9.791E-01, -1.544E-01, -1.322E-01         F               0         Blade 1 X orientation angle, node 4, rad
        212    3.719E-02,  7.756E-01, -6.302E-01         F               0         Blade 1 Y orientation angle, node 4, rad
        213    1.999E-01,  6.121E-01,  7.651E-01         F               0         Blade 1 Z orientation angle, node 4, rad
        214    9.798E-01, -1.286E-01, -1.531E-01         F               0         Blade 1 X orientation angle, node 5, rad
        215    4.707E-03,  7.803E-01, -6.254E-01         F               0         Blade 1 Y orientation angle, node 5, rad
        216    1.999E-01,  6.121E-01,  7.651E-01         F               0         Blade 1 Z orientation angle, node 5, rad
        217    9.796E-01, -1.079E-01, -1.696E-01         F               0         Blade 1 X orientation angle, node 6, rad
        218   -2.129E-02,  7.834E-01, -6.211E-01         F               0         Blade 1 Y orientation angle, node 6, rad
        219    1.999E-01,  6.121E-01,  7.651E-01         F               0         Blade 1 Z orientation angle, node 6, rad
        220    9.789E-01, -9.074E-02, -1.831E-01         F               0         Blade 1 X orientation angle, node 7, rad
        221   -4.265E-02,  7.856E-01, -6.173E-01         F               0         Blade 1 Y orientation angle, node 7, rad
        222    1.999E-01,  6.121E-01,  7.651E-01         F               0         Blade 1 Z orientation angle, node 7, rad
        223    9.780E-01, -7.647E-02, -1.943E-01         F               0         Blade 1 X orientation angle, node 8, rad
        224   -6.041E-02,  7.871E-01, -6.139E-01         F               0         Blade 1 Y orientation angle, node 8, rad
        225    1.999E-01,  6.121E-01,  7.651E-01         F               0         Blade 1 Z orientation angle, node 8, rad
        226    9.769E-01, -6.437E-02, -2.037E-01         F               0         Blade 1 X orientation angle, node 9, rad
        227   -7.542E-02,  7.882E-01, -6.108E-01         F               0         Blade 1 Y orientation angle, node 9, rad
        228    1.999E-01,  6.121E-01,  7.651E-01         F               0         Blade 1 Z orientation angle, node 9, rad
        229    9.758E-01, -5.391E-02, -2.118E-01         F               0         Blade 1 X orientation angle, node 10, rad
        230   -8.837E-02,  7.890E-01, -6.081E-01         F               0         Blade 1 Y orientation angle, node 10, rad
        231    1.999E-01,  6.121E-01,  7.651E-01         F               0         Blade 1 Z orientation angle, node 10, rad
        232    9.748E-01, -4.496E-02, -2.187E-01         F               0         Blade 1 X orientation angle, node 11, rad
        233   -9.944E-02,  7.895E-01, -6.056E-01         F               0         Blade 1 Y orientation angle, node 11, rad
        234    1.999E-01,  6.121E-01,  7.651E-01         F               0         Blade 1 Z orientation angle, node 11, rad
        235    9.737E-01, -3.710E-02, -2.247E-01         F               0         Blade 1 X orientation angle, node 12, rad
        236   -1.091E-01,  7.899E-01, -6.034E-01         F               0         Blade 1 Y orientation angle, node 12, rad
        237    1.999E-01,  6.121E-01,  7.651E-01         F               0         Blade 1 Z orientation angle, node 12, rad
        238    9.727E-01, -3.021E-02, -2.299E-01         F               0         Blade 1 X orientation angle, node 13, rad
        239   -1.176E-01,  7.902E-01, -6.014E-01         F               0         Blade 1 Y orientation angle, node 13, rad
        240    1.999E-01,  6.121E-01,  7.651E-01         F               0         Blade 1 Z orientation angle, node 13, rad
        241    9.718E-01, -2.400E-02, -2.346E-01         F               0         Blade 1 X orientation angle, node 14, rad
        242   -1.253E-01,  7.904E-01, -5.996E-01         F               0         Blade 1 Y orientation angle, node 14, rad
        243    1.999E-01,  6.121E-01,  7.651E-01         F               0         Blade 1 Z orientation angle, node 14, rad
        244    9.709E-01, -1.848E-02, -2.388E-01         F               0         Blade 1 X orientation angle, node 15, rad
        245   -1.320E-01,  7.906E-01, -5.980E-01         F               0         Blade 1 Y orientation angle, node 15, rad
        246    1.999E-01,  6.121E-01,  7.651E-01         F               0         Blade 1 Z orientation angle, node 15, rad
        247    9.700E-01, -1.351E-02, -2.426E-01         F               0         Blade 1 X orientation angle, node 16, rad
        248   -1.381E-01,  7.907E-01, -5.964E-01         F               0         Blade 1 Y orientation angle, node 16, rad
        249    1.999E-01,  6.121E-01,  7.651E-01         F               0         Blade 1 Z orientation angle, node 16, rad
        250    9.693E-01, -9.096E-03, -2.459E-01         F               0         Blade 1 X orientation angle, node 17, rad
        251   -1.436E-01,  7.907E-01, -5.951E-01         F               0         Blade 1 Y orientation angle, node 17, rad
        252    1.999E-01,  6.121E-01,  7.651E-01         F               0         Blade 1 Z orientation angle, node 17, rad
        253    9.685E-01, -4.955E-03, -2.490E-01         F               0         Blade 1 X orientation angle, node 18, rad
        254   -1.486E-01,  7.908E-01, -5.938E-01         F               0         Blade 1 Y orientation angle, node 18, rad
        255    1.999E-01,  6.121E-01,  7.651E-01         F               0         Blade 1 Z orientation angle, node 18, rad
        256    9.678E-01, -1.229E-03, -2.518E-01         F               0         Blade 1 X orientation angle, node 19, rad
        257   -1.532E-01,  7.908E-01, -5.926E-01         F               0         Blade 1 Y orientation angle, node 19, rad
        258    1.999E-01,  6.121E-01,  7.651E-01         F               0         Blade 1 Z orientation angle, node 19, rad
        259    9.671E-01,  2.084E-03, -2.543E-01         F               0         Blade 1 X orientation angle, node 20, rad
        260   -1.572E-01,  7.908E-01, -5.915E-01         F               0         Blade 1 Y orientation angle, node 20, rad
        261    1.999E-01,  6.121E-01,  7.651E-01         F               0         Blade 1 Z orientation angle, node 20, rad
        262    9.665E-01,  5.258E-03, -2.567E-01         F               0         Blade 1 X orientation angle, node 21, rad
        263   -1.611E-01,  7.908E-01, -5.905E-01         F               0         Blade 1 Y orientation angle, node 21, rad
        264    1.999E-01,  6.121E-01,  7.651E-01         F               0         Blade 1 Z orientation angle, node 21, rad
        265    9.659E-01,  8.156E-03, -2.588E-01         F               0         Blade 1 X orientation angle, node 22, rad
        266   -1.647E-01,  7.908E-01, -5.896E-01         F               0         Blade 1 Y orientation angle, node 22, rad
        267    1.999E-01,  6.121E-01,  7.651E-01         F               0         Blade 1 Z orientation angle, node 22, rad
        268    9.653E-01,  1.078E-02, -2.608E-01         F               0         Blade 1 X orientation angle, node 23, rad
        269   -1.679E-01,  7.907E-01, -5.887E-01         F               0         Blade 1 Y orientation angle, node 23, rad
        270    1.999E-01,  6.121E-01,  7.651E-01         F               0         Blade 1 Z orientation angle, node 23, rad
        271    9.648E-01,  1.326E-02, -2.626E-01         F               0         Blade 1 X orientation angle, node 24, rad
        272   -1.709E-01,  7.907E-01, -5.879E-01         F               0         Blade 1 Y orientation angle, node 24, rad
        273    1.999E-01,  6.121E-01,  7.651E-01         F               0         Blade 1 Z orientation angle, node 24, rad
        274    9.643E-01,  1.561E-02, -2.644E-01         F               0         Blade 1 X orientation angle, node 25, rad
        275   -1.738E-01,  7.906E-01, -5.871E-01         F               0         Blade 1 Y orientation angle, node 25, rad
        276    1.999E-01,  6.121E-01,  7.651E-01         F               0         Blade 1 Z orientation angle, node 25, rad
        277    9.638E-01,  1.768E-02, -2.659E-01         F               0         Blade 1 X orientation angle, node 26, rad
        278   -1.763E-01,  7.906E-01, -5.864E-01         F               0         Blade 1 Y orientation angle, node 26, rad
        279    1.999E-01,  6.121E-01,  7.651E-01         F               0         Blade 1 Z orientation angle, node 26, rad
        280    9.634E-01,  1.975E-02, -2.674E-01         F               0         Blade 1 X orientation angle, node 27, rad
        281   -1.788E-01,  7.906E-01, -5.857E-01         F               0         Blade 1 Y orientation angle, node 27, rad
        282    1.999E-01,  6.121E-01,  7.651E-01         F               0         Blade 1 Z orientation angle, node 27, rad
        283    9.631E-01,  2.085E-02, -2.683E-01         F               0         Blade 1 X orientation angle, node 28, rad
        284   -1.802E-01,  7.905E-01, -5.853E-01         F               0         Blade 1 Y orientation angle, node 28, rad
        285    1.999E-01,  6.121E-01,  7.651E-01         F               0         Blade 1 Z orientation angle, node 28, rad
        286    1.033E+00                                 F               0         Blade 1 X translation velocity, node 1, m/s
        287   -4.719E+00                                 F               0         Blade 1 Y translation velocity, node 1, m/s
        288    3.378E+00                                 F               0         Blade 1 Z translation velocity, node 1, m/s
        289    1.282E+00                                 F               0         Blade 1 X translation velocity, node 2, m/s
        290   -5.818E+00                                 F               0         Blade 1 Y translation velocity, node 2, m/s
        291    4.193E+00                                 F               0         Blade 1 Z translation velocity, node 2, m/s
        292    4.667E+00                                 F               0         Blade 1 X translation velocity, node 3, m/s
        293   -2.077E+01                                 F               0         Blade 1 Y translation velocity, node 3, m/s
        294    1.527E+01                                 F               0         Blade 1 Z translation velocity, node 3, m/s
        295    5.388E+00                                 F               0         Blade 1 X translation velocity, node 4, m/s
        296   -2.396E+01                                 F               0         Blade 1 Y translation velocity, node 4, m/s
        297    1.763E+01                                 F               0         Blade 1 Z translation velocity, node 4, m/s
        298    6.110E+00                                 F               0         Blade 1 X translation velocity, node 5, m/s
        299   -2.714E+01                                 F               0         Blade 1 Y translation velocity, node 5, m/s
        300    1.999E+01                                 F               0         Blade 1 Z translation velocity, node 5, m/s
        301    6.831E+00                                 F               0         Blade 1 X translation velocity, node 6, m/s
        302   -3.033E+01                                 F               0         Blade 1 Y translation velocity, node 6, m/s
        303    2.235E+01                                 F               0         Blade 1 Z translation velocity, node 6, m/s
        304    7.552E+00                                 F               0         Blade 1 X translation velocity, node 7, m/s
        305   -3.351E+01                                 F               0         Blade 1 Y translation velocity, node 7, m/s
        306    2.471E+01                                 F               0         Blade 1 Z translation velocity, node 7, m/s
        307    8.274E+00                                 F               0         Blade 1 X translation velocity, node 8, m/s
