
Linearized model: Predictions were generated on 19-Dec-2023 at 09:27:32 using OpenFAST, compiled as a 64-bit application using single precision at commit v3.5.1
 linked with  NWTC Subroutine Library; ElastoDyn; InflowWind; AeroDyn; ServoDyn; HydroDyn; MoorDyn (v2.0.0, 2023-09-18)

Description from the FAST input file: CCT-9 Campign 4 model. Input files to be run with OpenFAST 3.5.0. GitHub branch from Lu Wang (https://github.com/luwang00/openfast/tree/dev) compiled on March 7, 2023.

Simulation information:
   Simulation time:                  1004.2250 s
   Rotor Speed:                         1.0411 rad/s
   Azimuth:                             3.2430 rad
   Wind Speed:                         12.0000 m/s
   Number of continuous states:         0
   Number of discrete states:           0
   Number of constraint states:         0
   Number of inputs:                 1746
   Number of outputs:                   4
   Jacobians included in this file?    No

Order of inputs:
     Column   Operating Point                     Rotating Frame? Derivative Order Description
   ---------- ---------------                     --------------- ---------------- -----------
          1    1.511E+01                                 F               0         Tower X translation displacement, node 1, m
          2   -8.865E-01                                 F               0         Tower Y translation displacement, node 1, m
          3   -4.260E-01                                 F               0         Tower Z translation displacement, node 1, m
          4    1.702E+01                                 F               0         Tower X translation displacement, node 2, m
          5   -1.347E+00                                 F               0         Tower Y translation displacement, node 2, m
          6   -5.828E-01                                 F               0         Tower Z translation displacement, node 2, m
          7    1.896E+01                                 F               0         Tower X translation displacement, node 3, m
          8   -1.812E+00                                 F               0         Tower Y translation displacement, node 3, m
          9   -7.452E-01                                 F               0         Tower Z translation displacement, node 3, m
         10    2.093E+01                                 F               0         Tower X translation displacement, node 4, m
         11   -2.280E+00                                 F               0         Tower Y translation displacement, node 4, m
         12   -9.119E-01                                 F               0         Tower Z translation displacement, node 4, m
         13    2.292E+01                                 F               0         Tower X translation displacement, node 5, m
         14   -2.751E+00                                 F               0         Tower Y translation displacement, node 5, m
         15   -1.082E+00                                 F               0         Tower Z translation displacement, node 5, m
         16    2.493E+01                                 F               0         Tower X translation displacement, node 6, m
         17   -3.223E+00                                 F               0         Tower Y translation displacement, node 6, m
         18   -1.256E+00                                 F               0         Tower Z translation displacement, node 6, m
         19    2.695E+01                                 F               0         Tower X translation displacement, node 7, m
         20   -3.698E+00                                 F               0         Tower Y translation displacement, node 7, m
         21   -1.431E+00                                 F               0         Tower Z translation displacement, node 7, m
         22    2.898E+01                                 F               0         Tower X translation displacement, node 8, m
         23   -4.174E+00                                 F               0         Tower Y translation displacement, node 8, m
         24   -1.609E+00                                 F               0         Tower Z translation displacement, node 8, m
         25    3.102E+01                                 F               0         Tower X translation displacement, node 9, m
         26   -4.651E+00                                 F               0         Tower Y translation displacement, node 9, m
         27   -1.788E+00                                 F               0         Tower Z translation displacement, node 9, m
         28    3.307E+01                                 F               0         Tower X translation displacement, node 10, m
         29   -5.129E+00                                 F               0         Tower Y translation displacement, node 10, m
         30   -1.968E+00                                 F               0         Tower Z translation displacement, node 10, m
         31    3.512E+01                                 F               0         Tower X translation displacement, node 11, m
         32   -5.607E+00                                 F               0         Tower Y translation displacement, node 11, m
         33   -2.149E+00                                 F               0         Tower Z translation displacement, node 11, m
         34    9.881E-01,  1.572E-02, -1.528E-01         F               0         Tower X orientation angle, node 1, rad
         35   -9.841E-03,  9.992E-01,  3.916E-02         F               0         Tower Y orientation angle, node 1, rad
         36    1.533E-01, -3.719E-02,  9.875E-01         F               0         Tower Z orientation angle, node 1, rad
         37    9.877E-01,  1.582E-02, -1.554E-01         F               0         Tower X orientation angle, node 2, rad
         38   -9.789E-03,  9.992E-01,  3.949E-02         F               0         Tower Y orientation angle, node 2, rad
         39    1.559E-01, -3.748E-02,  9.871E-01         F               0         Tower Z orientation angle, node 2, rad
         40    9.874E-01,  1.591E-02, -1.577E-01         F               0         Tower X orientation angle, node 3, rad
         41   -9.742E-03,  9.992E-01,  3.978E-02         F               0         Tower Y orientation angle, node 3, rad
         42    1.582E-01, -3.774E-02,  9.867E-01         F               0         Tower Z orientation angle, node 3, rad
         43    9.870E-01,  1.598E-02, -1.596E-01         F               0         Tower X orientation angle, node 4, rad
         44   -9.701E-03,  9.992E-01,  4.004E-02         F               0         Tower Y orientation angle, node 4, rad
         45    1.601E-01, -3.797E-02,  9.864E-01         F               0         Tower Z orientation angle, node 4, rad
         46    9.868E-01,  1.604E-02, -1.613E-01         F               0         Tower X orientation angle, node 5, rad
         47   -9.665E-03,  9.991E-01,  4.026E-02         F               0         Tower Y orientation angle, node 5, rad
         48    1.618E-01, -3.817E-02,  9.861E-01         F               0         Tower Z orientation angle, node 5, rad
         49    9.866E-01,  1.609E-02, -1.626E-01         F               0         Tower X orientation angle, node 6, rad
         50   -9.634E-03,  9.991E-01,  4.045E-02         F               0         Tower Y orientation angle, node 6, rad
         51    1.631E-01, -3.834E-02,  9.859E-01         F               0         Tower Z orientation angle, node 6, rad
         52    9.864E-01,  1.613E-02, -1.636E-01         F               0         Tower X orientation angle, node 7, rad
         53   -9.610E-03,  9.991E-01,  4.059E-02         F               0         Tower Y orientation angle, node 7, rad
         54    1.641E-01, -3.847E-02,  9.857E-01         F               0         Tower Z orientation angle, node 7, rad
         55    9.863E-01,  1.616E-02, -1.644E-01         F               0         Tower X orientation angle, node 8, rad
         56   -9.591E-03,  9.991E-01,  4.071E-02         F               0         Tower Y orientation angle, node 8, rad
         57    1.649E-01, -3.857E-02,  9.856E-01         F               0         Tower Z orientation angle, node 8, rad
         58    9.862E-01,  1.618E-02, -1.649E-01         F               0         Tower X orientation angle, node 9, rad
         59   -9.577E-03,  9.991E-01,  4.079E-02         F               0         Tower Y orientation angle, node 9, rad
         60    1.654E-01, -3.865E-02,  9.855E-01         F               0         Tower Z orientation angle, node 9, rad
         61    9.861E-01,  1.620E-02, -1.652E-01         F               0         Tower X orientation angle, node 10, rad
         62   -9.567E-03,  9.991E-01,  4.085E-02         F               0         Tower Y orientation angle, node 10, rad
         63    1.657E-01, -3.870E-02,  9.854E-01         F               0         Tower Z orientation angle, node 10, rad
         64    9.861E-01,  1.621E-02, -1.654E-01         F               0         Tower X orientation angle, node 11, rad
         65   -9.562E-03,  9.991E-01,  4.088E-02         F               0         Tower Y orientation angle, node 11, rad
         66    1.659E-01, -3.873E-02,  9.854E-01         F               0         Tower Z orientation angle, node 11, rad
         67    7.187E-04                                 F               0         Tower X translation velocity, node 1, m/s
         68   -1.494E-02                                 F               0         Tower Y translation velocity, node 1, m/s
         69    4.841E-03                                 F               0         Tower Z translation velocity, node 1, m/s
         70    1.195E-03                                 F               0         Tower X translation velocity, node 2, m/s
         71   -2.499E-02                                 F               0         Tower Y translation velocity, node 2, m/s
         72    4.387E-03                                 F               0         Tower Z translation velocity, node 2, m/s
         73    1.601E-03                                 F               0         Tower X translation velocity, node 3, m/s
         74   -3.518E-02                                 F               0         Tower Y translation velocity, node 3, m/s
         75    3.934E-03                                 F               0         Tower Z translation velocity, node 3, m/s
         76    1.957E-03                                 F               0         Tower X translation velocity, node 4, m/s
         77   -4.547E-02                                 F               0         Tower Y translation velocity, node 4, m/s
         78    3.481E-03                                 F               0         Tower Z translation velocity, node 4, m/s
         79    2.272E-03                                 F               0         Tower X translation velocity, node 5, m/s
         80   -5.585E-02                                 F               0         Tower Y translation velocity, node 5, m/s
         81    3.029E-03                                 F               0         Tower Z translation velocity, node 5, m/s
         82    2.555E-03                                 F               0         Tower X translation velocity, node 6, m/s
         83   -6.631E-02                                 F               0         Tower Y translation velocity, node 6, m/s
         84    2.577E-03                                 F               0         Tower Z translation velocity, node 6, m/s
         85    2.815E-03                                 F               0         Tower X translation velocity, node 7, m/s
         86   -7.682E-02                                 F               0         Tower Y translation velocity, node 7, m/s
         87    2.124E-03                                 F               0         Tower Z translation velocity, node 7, m/s
         88    3.059E-03                                 F               0         Tower X translation velocity, node 8, m/s
         89   -8.738E-02                                 F               0         Tower Y translation velocity, node 8, m/s
         90    1.671E-03                                 F               0         Tower Z translation velocity, node 8, m/s
         91    3.290E-03                                 F               0         Tower X translation velocity, node 9, m/s
         92   -9.798E-02                                 F               0         Tower Y translation velocity, node 9, m/s
         93    1.216E-03                                 F               0         Tower Z translation velocity, node 9, m/s
         94    3.516E-03                                 F               0         Tower X translation velocity, node 10, m/s
         95   -1.086E-01                                 F               0         Tower Y translation velocity, node 10, m/s
         96    7.616E-04                                 F               0         Tower Z translation velocity, node 10, m/s
         97    3.738E-03                                 F               0         Tower X translation velocity, node 11, m/s
         98   -1.192E-01                                 F               0         Tower Y translation velocity, node 11, m/s
         99    3.062E-04                                 F               0         Tower Z translation velocity, node 11, m/s
        100    3.657E+01                                 F               0         Hub X translation displacement, node 1, m
        101   -6.086E+00                                 F               0         Hub Y translation displacement, node 1, m
        102   -4.769E-01                                 F               0         Hub Z translation displacement, node 1, m
        103    9.633E-01,  2.016E-02, -2.675E-01         F               0         Hub X orientation angle, node 1, rad
        104   -1.762E-02, -9.903E-01, -1.381E-01         F               0         Hub Y orientation angle, node 1, rad
        105   -2.677E-01,  1.377E-01, -9.536E-01         F               0         Hub Z orientation angle, node 1, rad
        106    1.004E+00                                 F               0         Hub X rotation velocity, node 1, rad/s
        107    2.102E-02                                 F               0         Hub Y rotation velocity, node 1, rad/s
        108   -2.788E-01                                 F               0         Hub Z rotation velocity, node 1, rad/s
        109    9.634E-01,  4.953E-02, -2.633E-01         F               0         Blade root 1 X orientation angle, node 1, rad
        110    1.097E-02, -9.892E-01, -1.460E-01         F               0         Blade root 1 Y orientation angle, node 1, rad
        111   -2.677E-01,  1.377E-01, -9.536E-01         F               0         Blade root 1 Z orientation angle, node 1, rad
        112    9.695E-01,  1.928E-03, -2.449E-01         F               0         Blade root 2 X orientation angle, node 1, rad
        113   -1.943E-01,  6.147E-01, -7.644E-01         F               0         Blade root 2 Y orientation angle, node 1, rad
        114    1.491E-01,  7.887E-01,  5.964E-01         F               0         Blade root 2 Z orientation angle, node 1, rad
        115    9.558E-01,  9.005E-03, -2.939E-01         F               0         Blade root 3 X orientation angle, node 1, rad
        116    2.691E-01,  3.763E-01,  8.866E-01         F               0         Blade root 3 Y orientation angle, node 1, rad
        117    1.186E-01, -9.265E-01,  3.572E-01         F               0         Blade root 3 Z orientation angle, node 1, rad
        118    3.451E+01                                 F               0         Blade 1 X translation displacement, node 1, m
        119   -5.323E+00                                 F               0         Blade 1 Y translation displacement, node 1, m
        120   -1.127E+01                                 F               0         Blade 1 Z translation displacement, node 1, m
        121    3.401E+01                                 F               0         Blade 1 X translation displacement, node 2, m
        122   -5.139E+00                                 F               0         Blade 1 Y translation displacement, node 2, m
        123   -1.387E+01                                 F               0         Blade 1 Z translation displacement, node 2, m
        124    2.726E+01                                 F               0         Blade 1 X translation displacement, node 3, m
        125   -2.639E+00                                 F               0         Blade 1 Y translation displacement, node 3, m
        126   -4.923E+01                                 F               0         Blade 1 Z translation displacement, node 3, m
        127    2.582E+01                                 F               0         Blade 1 X translation displacement, node 4, m
        128   -2.106E+00                                 F               0         Blade 1 Y translation displacement, node 4, m
        129   -5.677E+01                                 F               0         Blade 1 Z translation displacement, node 4, m
        130    2.438E+01                                 F               0         Blade 1 X translation displacement, node 5, m
        131   -1.574E+00                                 F               0         Blade 1 Y translation displacement, node 5, m
        132   -6.430E+01                                 F               0         Blade 1 Z translation displacement, node 5, m
        133    2.294E+01                                 F               0         Blade 1 X translation displacement, node 6, m
        134   -1.041E+00                                 F               0         Blade 1 Y translation displacement, node 6, m
        135   -7.184E+01                                 F               0         Blade 1 Z translation displacement, node 6, m
        136    2.150E+01                                 F               0         Blade 1 X translation displacement, node 7, m
        137   -5.082E-01                                 F               0         Blade 1 Y translation displacement, node 7, m
        138   -7.937E+01                                 F               0         Blade 1 Z translation displacement, node 7, m
        139    2.006E+01                                 F               0         Blade 1 X translation displacement, node 8, m
        140    2.459E-02                                 F               0         Blade 1 Y translation displacement, node 8, m
        141   -8.691E+01                                 F               0         Blade 1 Z translation displacement, node 8, m
        142    1.862E+01                                 F               0         Blade 1 X translation displacement, node 9, m
        143    5.573E-01                                 F               0         Blade 1 Y translation displacement, node 9, m
        144   -9.444E+01                                 F               0         Blade 1 Z translation displacement, node 9, m
        145    1.718E+01                                 F               0         Blade 1 X translation displacement, node 10, m
        146    1.090E+00                                 F               0         Blade 1 Y translation displacement, node 10, m
        147   -1.020E+02                                 F               0         Blade 1 Z translation displacement, node 10, m
        148    1.574E+01                                 F               0         Blade 1 X translation displacement, node 11, m
        149    1.623E+00                                 F               0         Blade 1 Y translation displacement, node 11, m
        150   -1.095E+02                                 F               0         Blade 1 Z translation displacement, node 11, m
        151    1.430E+01                                 F               0         Blade 1 X translation displacement, node 12, m
        152    2.155E+00                                 F               0         Blade 1 Y translation displacement, node 12, m
        153   -1.170E+02                                 F               0         Blade 1 Z translation displacement, node 12, m
        154    1.286E+01                                 F               0         Blade 1 X translation displacement, node 13, m
        155    2.688E+00                                 F               0         Blade 1 Y translation displacement, node 13, m
        156   -1.246E+02                                 F               0         Blade 1 Z translation displacement, node 13, m
        157    1.142E+01                                 F               0         Blade 1 X translation displacement, node 14, m
        158    3.221E+00                                 F               0         Blade 1 Y translation displacement, node 14, m
        159   -1.321E+02                                 F               0         Blade 1 Z translation displacement, node 14, m
        160    9.980E+00                                 F               0         Blade 1 X translation displacement, node 15, m
        161    3.754E+00                                 F               0         Blade 1 Y translation displacement, node 15, m
        162   -1.397E+02                                 F               0         Blade 1 Z translation displacement, node 15, m
        163    8.541E+00                                 F               0         Blade 1 X translation displacement, node 16, m
        164    4.286E+00                                 F               0         Blade 1 Y translation displacement, node 16, m
        165   -1.472E+02                                 F               0         Blade 1 Z translation displacement, node 16, m
        166    7.101E+00                                 F               0         Blade 1 X translation displacement, node 17, m
        167    4.819E+00                                 F               0         Blade 1 Y translation displacement, node 17, m
        168   -1.547E+02                                 F               0         Blade 1 Z translation displacement, node 17, m
        169    5.662E+00                                 F               0         Blade 1 X translation displacement, node 18, m
        170    5.352E+00                                 F               0         Blade 1 Y translation displacement, node 18, m
        171   -1.623E+02                                 F               0         Blade 1 Z translation displacement, node 18, m
        172    4.222E+00                                 F               0         Blade 1 X translation displacement, node 19, m
        173    5.884E+00                                 F               0         Blade 1 Y translation displacement, node 19, m
        174   -1.698E+02                                 F               0         Blade 1 Z translation displacement, node 19, m
        175    2.782E+00                                 F               0         Blade 1 X translation displacement, node 20, m
        176    6.417E+00                                 F               0         Blade 1 Y translation displacement, node 20, m
        177   -1.773E+02                                 F               0         Blade 1 Z translation displacement, node 20, m
        178    1.343E+00                                 F               0         Blade 1 X translation displacement, node 21, m
        179    6.950E+00                                 F               0         Blade 1 Y translation displacement, node 21, m
        180   -1.849E+02                                 F               0         Blade 1 Z translation displacement, node 21, m
        181   -9.680E-02                                 F               0         Blade 1 X translation displacement, node 22, m
        182    7.483E+00                                 F               0         Blade 1 Y translation displacement, node 22, m
        183   -1.924E+02                                 F               0         Blade 1 Z translation displacement, node 22, m
        184   -1.536E+00                                 F               0         Blade 1 X translation displacement, node 23, m
        185    8.015E+00                                 F               0         Blade 1 Y translation displacement, node 23, m
        186   -1.999E+02                                 F               0         Blade 1 Z translation displacement, node 23, m
        187   -2.976E+00                                 F               0         Blade 1 X translation displacement, node 24, m
        188    8.548E+00                                 F               0         Blade 1 Y translation displacement, node 24, m
        189   -2.075E+02                                 F               0         Blade 1 Z translation displacement, node 24, m
        190   -4.415E+00                                 F               0         Blade 1 X translation displacement, node 25, m
        191    9.081E+00                                 F               0         Blade 1 Y translation displacement, node 25, m
        192   -2.150E+02                                 F               0         Blade 1 Z translation displacement, node 25, m
        193   -5.855E+00                                 F               0         Blade 1 X translation displacement, node 26, m
        194    9.614E+00                                 F               0         Blade 1 Y translation displacement, node 26, m
        195   -2.225E+02                                 F               0         Blade 1 Z translation displacement, node 26, m
        196   -7.295E+00                                 F               0         Blade 1 X translation displacement, node 27, m
        197    1.015E+01                                 F               0         Blade 1 Y translation displacement, node 27, m
        198   -2.301E+02                                 F               0         Blade 1 Z translation displacement, node 27, m
        199   -8.515E+00                                 F               0         Blade 1 X translation displacement, node 28, m
        200    1.060E+01                                 F               0         Blade 1 Y translation displacement, node 28, m
        201   -2.365E+02                                 F               0         Blade 1 Z translation displacement, node 28, m
        202    8.524E-01,  4.952E-01, -1.678E-01         F               0         Blade 1 X orientation angle, node 1, rad
        203    4.491E-01, -8.578E-01, -2.500E-01         F               0         Blade 1 Y orientation angle, node 1, rad
        204   -2.677E-01,  1.377E-01, -9.536E-01         F               0         Blade 1 Z orientation angle, node 1, rad
        205    8.524E-01,  4.952E-01, -1.678E-01         F               0         Blade 1 X orientation angle, node 2, rad
        206    4.491E-01, -8.578E-01, -2.500E-01         F               0         Blade 1 Y orientation angle, node 2, rad
        207   -2.677E-01,  1.377E-01, -9.536E-01         F               0         Blade 1 Z orientation angle, node 2, rad
        208    9.346E-01,  2.778E-01, -2.222E-01         F               0         Blade 1 X orientation angle, node 3, rad
        209    2.343E-01, -9.507E-01, -2.031E-01         F               0         Blade 1 Y orientation angle, node 3, rad
        210   -2.677E-01,  1.377E-01, -9.536E-01         F               0         Blade 1 Z orientation angle, node 3, rad
        211    9.437E-01,  2.374E-01, -2.306E-01         F               0         Blade 1 X orientation angle, node 4, rad
        212    1.946E-01, -9.616E-01, -1.935E-01         F               0         Blade 1 Y orientation angle, node 4, rad
        213   -2.677E-01,  1.377E-01, -9.536E-01         F               0         Blade 1 Z orientation angle, node 4, rad
        214    9.496E-01,  2.054E-01, -2.369E-01         F               0         Blade 1 X orientation angle, node 5, rad
        215    1.632E-01, -9.689E-01, -1.858E-01         F               0         Blade 1 Y orientation angle, node 5, rad
        216   -2.677E-01,  1.377E-01, -9.536E-01         F               0         Blade 1 Z orientation angle, node 5, rad
        217    9.536E-01,  1.796E-01, -2.417E-01         F               0         Blade 1 X orientation angle, node 6, rad
        218    1.380E-01, -9.741E-01, -1.794E-01         F               0         Blade 1 Y orientation angle, node 6, rad
        219   -2.677E-01,  1.377E-01, -9.536E-01         F               0         Blade 1 Z orientation angle, node 6, rad
        220    9.564E-01,  1.583E-01, -2.456E-01         F               0         Blade 1 X orientation angle, node 7, rad
        221    1.171E-01, -9.777E-01, -1.741E-01         F               0         Blade 1 Y orientation angle, node 7, rad
        222   -2.677E-01,  1.377E-01, -9.536E-01         F               0         Blade 1 Z orientation angle, node 7, rad
        223    9.583E-01,  1.405E-01, -2.487E-01         F               0         Blade 1 X orientation angle, node 8, rad
        224    9.975E-02, -9.804E-01, -1.696E-01         F               0         Blade 1 Y orientation angle, node 8, rad
        225   -2.677E-01,  1.377E-01, -9.536E-01         F               0         Blade 1 Z orientation angle, node 8, rad
        226    9.597E-01,  1.255E-01, -2.513E-01         F               0         Blade 1 X orientation angle, node 9, rad
        227    8.502E-02, -9.825E-01, -1.658E-01         F               0         Blade 1 Y orientation angle, node 9, rad
        228   -2.677E-01,  1.377E-01, -9.536E-01         F               0         Blade 1 Z orientation angle, node 9, rad
        229    9.608E-01,  1.124E-01, -2.535E-01         F               0         Blade 1 X orientation angle, node 10, rad
        230    7.228E-02, -9.841E-01, -1.624E-01         F               0         Blade 1 Y orientation angle, node 10, rad
        231   -2.677E-01,  1.377E-01, -9.536E-01         F               0         Blade 1 Z orientation angle, node 10, rad
        232    9.616E-01,  1.012E-01, -2.553E-01         F               0         Blade 1 X orientation angle, node 11, rad
        233    6.138E-02, -9.853E-01, -1.595E-01         F               0         Blade 1 Y orientation angle, node 11, rad
        234   -2.677E-01,  1.377E-01, -9.536E-01         F               0         Blade 1 Z orientation angle, node 11, rad
        235    9.621E-01,  9.143E-02, -2.569E-01         F               0         Blade 1 X orientation angle, node 12, rad
        236    5.181E-02, -9.862E-01, -1.570E-01         F               0         Blade 1 Y orientation angle, node 12, rad
        237   -2.677E-01,  1.377E-01, -9.536E-01         F               0         Blade 1 Z orientation angle, node 12, rad
        238    9.625E-01,  8.282E-02, -2.582E-01         F               0         Blade 1 X orientation angle, node 13, rad
        239    4.341E-02, -9.870E-01, -1.547E-01         F               0         Blade 1 Y orientation angle, node 13, rad
        240   -2.677E-01,  1.377E-01, -9.536E-01         F               0         Blade 1 Z orientation angle, node 13, rad
        241    9.628E-01,  7.507E-02, -2.594E-01         F               0         Blade 1 X orientation angle, node 14, rad
        242    3.585E-02, -9.876E-01, -1.527E-01         F               0         Blade 1 Y orientation angle, node 14, rad
        243   -2.677E-01,  1.377E-01, -9.536E-01         F               0         Blade 1 Z orientation angle, node 14, rad
        244    9.631E-01,  6.817E-02, -2.605E-01         F               0         Blade 1 X orientation angle, node 15, rad
        245    2.913E-02, -9.881E-01, -1.509E-01         F               0         Blade 1 Y orientation angle, node 15, rad
        246   -2.677E-01,  1.377E-01, -9.536E-01         F               0         Blade 1 Z orientation angle, node 15, rad
        247    9.632E-01,  6.196E-02, -2.614E-01         F               0         Blade 1 X orientation angle, node 16, rad
        248    2.308E-02, -9.885E-01, -1.493E-01         F               0         Blade 1 Y orientation angle, node 16, rad
        249   -2.677E-01,  1.377E-01, -9.536E-01         F               0         Blade 1 Z orientation angle, node 16, rad
        250    9.633E-01,  5.644E-02, -2.623E-01         F               0         Blade 1 X orientation angle, node 17, rad
        251    1.770E-02, -9.889E-01, -1.478E-01         F               0         Blade 1 Y orientation angle, node 17, rad
        252   -2.677E-01,  1.377E-01, -9.536E-01         F               0         Blade 1 Z orientation angle, node 17, rad
        253    9.634E-01,  5.126E-02, -2.630E-01         F               0         Blade 1 X orientation angle, node 18, rad
        254    1.265E-02, -9.891E-01, -1.464E-01         F               0         Blade 1 Y orientation angle, node 18, rad
        255   -2.677E-01,  1.377E-01, -9.536E-01         F               0         Blade 1 Z orientation angle, node 18, rad
        256    9.635E-01,  4.660E-02, -2.637E-01         F               0         Blade 1 X orientation angle, node 19, rad
        257    8.113E-03, -9.894E-01, -1.452E-01         F               0         Blade 1 Y orientation angle, node 19, rad
        258   -2.677E-01,  1.377E-01, -9.536E-01         F               0         Blade 1 Z orientation angle, node 19, rad
        259    9.635E-01,  4.245E-02, -2.643E-01         F               0         Blade 1 X orientation angle, node 20, rad
        260    4.077E-03, -9.896E-01, -1.441E-01         F               0         Blade 1 Y orientation angle, node 20, rad
        261   -2.677E-01,  1.377E-01, -9.536E-01         F               0         Blade 1 Z orientation angle, node 20, rad
        262    9.635E-01,  3.848E-02, -2.649E-01         F               0         Blade 1 X orientation angle, node 21, rad
        263    2.090E-04, -9.897E-01, -1.430E-01         F               0         Blade 1 Y orientation angle, node 21, rad
        264   -2.677E-01,  1.377E-01, -9.536E-01         F               0         Blade 1 Z orientation angle, node 21, rad
        265    9.635E-01,  3.485E-02, -2.654E-01         F               0         Blade 1 X orientation angle, node 22, rad
        266   -3.322E-03, -9.899E-01, -1.420E-01         F               0         Blade 1 Y orientation angle, node 22, rad
        267   -2.677E-01,  1.377E-01, -9.536E-01         F               0         Blade 1 Z orientation angle, node 22, rad
        268    9.635E-01,  3.157E-02, -2.659E-01         F               0         Blade 1 X orientation angle, node 23, rad
        269   -6.518E-03, -9.900E-01, -1.412E-01         F               0         Blade 1 Y orientation angle, node 23, rad
        270   -2.677E-01,  1.377E-01, -9.536E-01         F               0         Blade 1 Z orientation angle, node 23, rad
        271    9.635E-01,  2.846E-02, -2.663E-01         F               0         Blade 1 X orientation angle, node 24, rad
        272   -9.544E-03, -9.901E-01, -1.403E-01         F               0         Blade 1 Y orientation angle, node 24, rad
        273   -2.677E-01,  1.377E-01, -9.536E-01         F               0         Blade 1 Z orientation angle, node 24, rad
        274    9.634E-01,  2.552E-02, -2.667E-01         F               0         Blade 1 X orientation angle, node 25, rad
        275   -1.240E-02, -9.901E-01, -1.395E-01         F               0         Blade 1 Y orientation angle, node 25, rad
        276   -2.677E-01,  1.377E-01, -9.536E-01         F               0         Blade 1 Z orientation angle, node 25, rad
        277    9.634E-01,  2.293E-02, -2.671E-01         F               0         Blade 1 X orientation angle, node 26, rad
        278   -1.493E-02, -9.902E-01, -1.388E-01         F               0         Blade 1 Y orientation angle, node 26, rad
        279   -2.677E-01,  1.377E-01, -9.536E-01         F               0         Blade 1 Z orientation angle, node 26, rad
        280    9.633E-01,  2.034E-02, -2.675E-01         F               0         Blade 1 X orientation angle, node 27, rad
        281   -1.745E-02, -9.903E-01, -1.381E-01         F               0         Blade 1 Y orientation angle, node 27, rad
        282   -2.677E-01,  1.377E-01, -9.536E-01         F               0         Blade 1 Z orientation angle, node 27, rad
        283    9.633E-01,  1.895E-02, -2.677E-01         F               0         Blade 1 X orientation angle, node 28, rad
        284   -1.879E-02, -9.903E-01, -1.378E-01         F               0         Blade 1 Y orientation angle, node 28, rad
        285   -2.677E-01,  1.377E-01, -9.536E-01         F               0         Blade 1 Z orientation angle, node 28, rad
        286    1.056E-01                                 F               0         Blade 1 X translation velocity, node 1, m/s
        287    5.592E+00                                 F               0         Blade 1 Y translation velocity, node 1, m/s
        288    7.973E-01                                 F               0         Blade 1 Z translation velocity, node 1, m/s
        289    1.301E-01                                 F               0         Blade 1 X translation velocity, node 2, m/s
        290    6.970E+00                                 F               0         Blade 1 Y translation velocity, node 2, m/s
        291    9.894E-01                                 F               0         Blade 1 Z translation velocity, node 2, m/s
        292    4.632E-01                                 F               0         Blade 1 X translation velocity, node 3, m/s
        293    2.570E+01                                 F               0         Blade 1 Y translation velocity, node 3, m/s
        294    3.601E+00                                 F               0         Blade 1 Z translation velocity, node 3, m/s
        295    5.342E-01                                 F               0         Blade 1 X translation velocity, node 4, m/s
        296    2.969E+01                                 F               0         Blade 1 Y translation velocity, node 4, m/s
        297    4.158E+00                                 F               0         Blade 1 Z translation velocity, node 4, m/s
        298    6.052E-01                                 F               0         Blade 1 X translation velocity, node 5, m/s
        299    3.368E+01                                 F               0         Blade 1 Y translation velocity, node 5, m/s
        300    4.714E+00                                 F               0         Blade 1 Z translation velocity, node 5, m/s
        301    6.762E-01                                 F               0         Blade 1 X translation velocity, node 6, m/s
        302    3.767E+01                                 F               0         Blade 1 Y translation velocity, node 6, m/s
        303    5.271E+00                                 F               0         Blade 1 Z translation velocity, node 6, m/s
        304    7.472E-01                                 F               0         Blade 1 X translation velocity, node 7, m/s
        305    4.166E+01                                 F               0         Blade 1 Y translation velocity, node 7, m/s
        306    5.827E+00                                 F               0         Blade 1 Z translation velocity, node 7, m/s
        307    8.182E-01                                 F               0         Blade 1 X translation velocity, node 8, m/s
