
Linearized model: Predictions were generated on 19-Dec-2023 at 09:27:32 using OpenFAST, compiled as a 64-bit application using single precision at commit v3.5.1
 linked with  NWTC Subroutine Library; ElastoDyn; InflowWind; AeroDyn; ServoDyn; HydroDyn; MoorDyn (v2.0.0, 2023-09-18)

Description from the FAST input file: CCT-9 Campign 4 model. Input files to be run with OpenFAST 3.5.0. GitHub branch from Lu Wang (https://github.com/luwang00/openfast/tree/dev) compiled on March 7, 2023.

Simulation information:
   Simulation time:                  1000.5000 s
   Rotor Speed:                         1.0418 rad/s
   Azimuth:                             5.6472 rad
   Wind Speed:                         12.0000 m/s
   Number of continuous states:         0
   Number of discrete states:           0
   Number of constraint states:         0
   Number of inputs:                 1746
   Number of outputs:                   4
   Jacobians included in this file?    No

Order of inputs:
     Column   Operating Point                     Rotating Frame? Derivative Order Description
   ---------- ---------------                     --------------- ---------------- -----------
          1    1.511E+01                                 F               0         Tower X translation displacement, node 1, m
          2   -8.596E-01                                 F               0         Tower Y translation displacement, node 1, m
          3   -4.393E-01                                 F               0         Tower Z translation displacement, node 1, m
          4    1.702E+01                                 F               0         Tower X translation displacement, node 2, m
          5   -1.301E+00                                 F               0         Tower Y translation displacement, node 2, m
          6   -5.951E-01                                 F               0         Tower Z translation displacement, node 2, m
          7    1.896E+01                                 F               0         Tower X translation displacement, node 3, m
          8   -1.745E+00                                 F               0         Tower Y translation displacement, node 3, m
          9   -7.564E-01                                 F               0         Tower Z translation displacement, node 3, m
         10    2.092E+01                                 F               0         Tower X translation displacement, node 4, m
         11   -2.192E+00                                 F               0         Tower Y translation displacement, node 4, m
         12   -9.220E-01                                 F               0         Tower Z translation displacement, node 4, m
         13    2.291E+01                                 F               0         Tower X translation displacement, node 5, m
         14   -2.642E+00                                 F               0         Tower Y translation displacement, node 5, m
         15   -1.091E+00                                 F               0         Tower Z translation displacement, node 5, m
         16    2.492E+01                                 F               0         Tower X translation displacement, node 6, m
         17   -3.093E+00                                 F               0         Tower Y translation displacement, node 6, m
         18   -1.264E+00                                 F               0         Tower Z translation displacement, node 6, m
         19    2.694E+01                                 F               0         Tower X translation displacement, node 7, m
         20   -3.546E+00                                 F               0         Tower Y translation displacement, node 7, m
         21   -1.438E+00                                 F               0         Tower Z translation displacement, node 7, m
         22    2.897E+01                                 F               0         Tower X translation displacement, node 8, m
         23   -4.001E+00                                 F               0         Tower Y translation displacement, node 8, m
         24   -1.615E+00                                 F               0         Tower Z translation displacement, node 8, m
         25    3.100E+01                                 F               0         Tower X translation displacement, node 9, m
         26   -4.456E+00                                 F               0         Tower Y translation displacement, node 9, m
         27   -1.792E+00                                 F               0         Tower Z translation displacement, node 9, m
         28    3.305E+01                                 F               0         Tower X translation displacement, node 10, m
         29   -4.912E+00                                 F               0         Tower Y translation displacement, node 10, m
         30   -1.971E+00                                 F               0         Tower Z translation displacement, node 10, m
         31    3.510E+01                                 F               0         Tower X translation displacement, node 11, m
         32   -5.369E+00                                 F               0         Tower Y translation displacement, node 11, m
         33   -2.151E+00                                 F               0         Tower Z translation displacement, node 11, m
         34    9.881E-01,  1.649E-02, -1.526E-01         F               0         Tower X orientation angle, node 1, rad
         35   -1.085E-02,  9.992E-01,  3.769E-02         F               0         Tower Y orientation angle, node 1, rad
         36    1.531E-01, -3.559E-02,  9.876E-01         F               0         Tower Z orientation angle, node 1, rad
         37    9.877E-01,  1.659E-02, -1.552E-01         F               0         Tower X orientation angle, node 2, rad
         38   -1.081E-02,  9.992E-01,  3.799E-02         F               0         Tower Y orientation angle, node 2, rad
         39    1.557E-01, -3.585E-02,  9.871E-01         F               0         Tower Z orientation angle, node 2, rad
         40    9.874E-01,  1.667E-02, -1.575E-01         F               0         Tower X orientation angle, node 3, rad
         41   -1.077E-02,  9.992E-01,  3.826E-02         F               0         Tower Y orientation angle, node 3, rad
         42    1.580E-01, -3.608E-02,  9.868E-01         F               0         Tower Z orientation angle, node 3, rad
         43    9.871E-01,  1.674E-02, -1.595E-01         F               0         Tower X orientation angle, node 4, rad
         44   -1.073E-02,  9.992E-01,  3.849E-02         F               0         Tower Y orientation angle, node 4, rad
         45    1.600E-01, -3.629E-02,  9.865E-01         F               0         Tower Z orientation angle, node 4, rad
         46    9.868E-01,  1.680E-02, -1.611E-01         F               0         Tower X orientation angle, node 5, rad
         47   -1.069E-02,  9.992E-01,  3.870E-02         F               0         Tower Y orientation angle, node 5, rad
         48    1.616E-01, -3.646E-02,  9.862E-01         F               0         Tower Z orientation angle, node 5, rad
         49    9.866E-01,  1.685E-02, -1.624E-01         F               0         Tower X orientation angle, node 6, rad
         50   -1.067E-02,  9.992E-01,  3.886E-02         F               0         Tower Y orientation angle, node 6, rad
         51    1.629E-01, -3.661E-02,  9.860E-01         F               0         Tower Z orientation angle, node 6, rad
         52    9.864E-01,  1.689E-02, -1.634E-01         F               0         Tower X orientation angle, node 7, rad
         53   -1.065E-02,  9.992E-01,  3.900E-02         F               0         Tower Y orientation angle, node 7, rad
         54    1.639E-01, -3.673E-02,  9.858E-01         F               0         Tower Z orientation angle, node 7, rad
         55    9.863E-01,  1.692E-02, -1.642E-01         F               0         Tower X orientation angle, node 8, rad
         56   -1.063E-02,  9.992E-01,  3.910E-02         F               0         Tower Y orientation angle, node 8, rad
         57    1.647E-01, -3.682E-02,  9.857E-01         F               0         Tower Z orientation angle, node 8, rad
         58    9.862E-01,  1.694E-02, -1.647E-01         F               0         Tower X orientation angle, node 9, rad
         59   -1.062E-02,  9.992E-01,  3.918E-02         F               0         Tower Y orientation angle, node 9, rad
         60    1.652E-01, -3.689E-02,  9.856E-01         F               0         Tower Z orientation angle, node 9, rad
         61    9.861E-01,  1.695E-02, -1.651E-01         F               0         Tower X orientation angle, node 10, rad
         62   -1.061E-02,  9.992E-01,  3.923E-02         F               0         Tower Y orientation angle, node 10, rad
         63    1.656E-01, -3.693E-02,  9.855E-01         F               0         Tower Z orientation angle, node 10, rad
         64    9.861E-01,  1.695E-02, -1.652E-01         F               0         Tower X orientation angle, node 11, rad
         65   -1.060E-02,  9.992E-01,  3.925E-02         F               0         Tower Y orientation angle, node 11, rad
         66    1.658E-01, -3.696E-02,  9.855E-01         F               0         Tower Z orientation angle, node 11, rad
         67    5.744E-04                                 F               0         Tower X translation velocity, node 1, m/s
         68   -1.861E-03                                 F               0         Tower Y translation velocity, node 1, m/s
         69    1.207E-03                                 F               0         Tower Z translation velocity, node 1, m/s
         70    9.854E-04                                 F               0         Tower X translation velocity, node 2, m/s
         71   -3.268E-03                                 F               0         Tower Y translation velocity, node 2, m/s
         72    1.091E-03                                 F               0         Tower Z translation velocity, node 2, m/s
         73    1.385E-03                                 F               0         Tower X translation velocity, node 3, m/s
         74   -4.674E-03                                 F               0         Tower Y translation velocity, node 3, m/s
         75    9.767E-04                                 F               0         Tower Z translation velocity, node 3, m/s
         76    1.782E-03                                 F               0         Tower X translation velocity, node 4, m/s
         77   -6.079E-03                                 F               0         Tower Y translation velocity, node 4, m/s
         78    8.610E-04                                 F               0         Tower Z translation velocity, node 4, m/s
         79    2.184E-03                                 F               0         Tower X translation velocity, node 5, m/s
         80   -7.483E-03                                 F               0         Tower Y translation velocity, node 5, m/s
         81    7.438E-04                                 F               0         Tower Z translation velocity, node 5, m/s
         82    2.594E-03                                 F               0         Tower X translation velocity, node 6, m/s
         83   -8.887E-03                                 F               0         Tower Y translation velocity, node 6, m/s
         84    6.242E-04                                 F               0         Tower Z translation velocity, node 6, m/s
         85    3.016E-03                                 F               0         Tower X translation velocity, node 7, m/s
         86   -1.029E-02                                 F               0         Tower Y translation velocity, node 7, m/s
         87    5.019E-04                                 F               0         Tower Z translation velocity, node 7, m/s
         88    3.453E-03                                 F               0         Tower X translation velocity, node 8, m/s
         89   -1.170E-02                                 F               0         Tower Y translation velocity, node 8, m/s
         90    3.767E-04                                 F               0         Tower Z translation velocity, node 8, m/s
         91    3.904E-03                                 F               0         Tower X translation velocity, node 9, m/s
         92   -1.310E-02                                 F               0         Tower Y translation velocity, node 9, m/s
         93    2.487E-04                                 F               0         Tower Z translation velocity, node 9, m/s
         94    4.368E-03                                 F               0         Tower X translation velocity, node 10, m/s
         95   -1.450E-02                                 F               0         Tower Y translation velocity, node 10, m/s
         96    1.182E-04                                 F               0         Tower Z translation velocity, node 10, m/s
         97    4.842E-03                                 F               0         Tower X translation velocity, node 11, m/s
         98   -1.591E-02                                 F               0         Tower Y translation velocity, node 11, m/s
         99   -1.406E-05                                 F               0         Tower Z translation velocity, node 11, m/s
        100    3.655E+01                                 F               0         Hub X translation displacement, node 1, m
        101   -5.842E+00                                 F               0         Hub Y translation displacement, node 1, m
        102   -4.801E-01                                 F               0         Hub Z translation displacement, node 1, m
        103    9.634E-01,  2.072E-02, -2.673E-01         F               0         Hub X orientation angle, node 1, rad
        104   -1.677E-01,  8.246E-01, -5.403E-01         F               0         Hub Y orientation angle, node 1, rad
        105    2.092E-01,  5.653E-01,  7.979E-01         F               0         Hub Z orientation angle, node 1, rad
        106    1.004E+00                                 F               0         Hub X rotation velocity, node 1, rad/s
        107    2.164E-02                                 F               0         Hub Y rotation velocity, node 1, rad/s
        108   -2.787E-01                                 F               0         Hub Z rotation velocity, node 1, rad/s
        109    9.679E-01, -3.747E-03, -2.512E-01         F               0         Blade root 1 X orientation angle, node 1, rad
        110   -1.390E-01,  8.248E-01, -5.480E-01         F               0         Blade root 1 Y orientation angle, node 1, rad
        111    2.092E-01,  5.653E-01,  7.979E-01         F               0         Blade root 1 Z orientation angle, node 1, rad
        112    9.551E-01,  1.842E-02, -2.957E-01         F               0         Blade root 2 X orientation angle, node 1, rad
        113    2.935E-01,  7.789E-02,  9.528E-01         F               0         Blade root 2 Y orientation angle, node 1, rad
        114    4.059E-02, -9.968E-01,  6.898E-02         F               0         Blade root 2 Z orientation angle, node 1, rad
        115    9.658E-01,  4.747E-02, -2.547E-01         F               0         Blade root 3 X orientation angle, node 1, rad
        116   -6.875E-02, -9.009E-01, -4.286E-01         F               0         Blade root 3 Y orientation angle, node 1, rad
        117   -2.498E-01,  4.314E-01, -8.669E-01         F               0         Blade root 3 Z orientation angle, node 1, rad
        118    3.713E+01                                 F               0         Blade 1 X translation displacement, node 1, m
        119   -2.710E+00                                 F               0         Blade 1 Y translation displacement, node 1, m
        120   -1.570E+00                                 F               0         Blade 1 Z translation displacement, node 1, m
        121    3.727E+01                                 F               0         Blade 1 X translation displacement, node 2, m
        122   -1.955E+00                                 F               0         Blade 1 Y translation displacement, node 2, m
        123   -1.832E+00                                 F               0         Blade 1 Z translation displacement, node 2, m
        124    3.917E+01                                 F               0         Blade 1 X translation displacement, node 3, m
        125    8.307E+00                                 F               0         Blade 1 Y translation displacement, node 3, m
        126   -5.402E+00                                 F               0         Blade 1 Z translation displacement, node 3, m
        127    3.957E+01                                 F               0         Blade 1 X translation displacement, node 4, m
        128    1.049E+01                                 F               0         Blade 1 Y translation displacement, node 4, m
        129   -6.162E+00                                 F               0         Blade 1 Z translation displacement, node 4, m
        130    3.998E+01                                 F               0         Blade 1 X translation displacement, node 5, m
        131    1.268E+01                                 F               0         Blade 1 Y translation displacement, node 5, m
        132   -6.923E+00                                 F               0         Blade 1 Z translation displacement, node 5, m
        133    4.038E+01                                 F               0         Blade 1 X translation displacement, node 6, m
        134    1.487E+01                                 F               0         Blade 1 Y translation displacement, node 6, m
        135   -7.683E+00                                 F               0         Blade 1 Z translation displacement, node 6, m
        136    4.079E+01                                 F               0         Blade 1 X translation displacement, node 7, m
        137    1.705E+01                                 F               0         Blade 1 Y translation displacement, node 7, m
        138   -8.444E+00                                 F               0         Blade 1 Z translation displacement, node 7, m
        139    4.119E+01                                 F               0         Blade 1 X translation displacement, node 8, m
        140    1.924E+01                                 F               0         Blade 1 Y translation displacement, node 8, m
        141   -9.205E+00                                 F               0         Blade 1 Z translation displacement, node 8, m
        142    4.160E+01                                 F               0         Blade 1 X translation displacement, node 9, m
        143    2.143E+01                                 F               0         Blade 1 Y translation displacement, node 9, m
        144   -9.965E+00                                 F               0         Blade 1 Z translation displacement, node 9, m
        145    4.200E+01                                 F               0         Blade 1 X translation displacement, node 10, m
        146    2.361E+01                                 F               0         Blade 1 Y translation displacement, node 10, m
        147   -1.073E+01                                 F               0         Blade 1 Z translation displacement, node 10, m
        148    4.241E+01                                 F               0         Blade 1 X translation displacement, node 11, m
        149    2.580E+01                                 F               0         Blade 1 Y translation displacement, node 11, m
        150   -1.149E+01                                 F               0         Blade 1 Z translation displacement, node 11, m
        151    4.281E+01                                 F               0         Blade 1 X translation displacement, node 12, m
        152    2.799E+01                                 F               0         Blade 1 Y translation displacement, node 12, m
        153   -1.225E+01                                 F               0         Blade 1 Z translation displacement, node 12, m
        154    4.322E+01                                 F               0         Blade 1 X translation displacement, node 13, m
        155    3.017E+01                                 F               0         Blade 1 Y translation displacement, node 13, m
        156   -1.301E+01                                 F               0         Blade 1 Z translation displacement, node 13, m
        157    4.362E+01                                 F               0         Blade 1 X translation displacement, node 14, m
        158    3.236E+01                                 F               0         Blade 1 Y translation displacement, node 14, m
        159   -1.377E+01                                 F               0         Blade 1 Z translation displacement, node 14, m
        160    4.403E+01                                 F               0         Blade 1 X translation displacement, node 15, m
        161    3.455E+01                                 F               0         Blade 1 Y translation displacement, node 15, m
        162   -1.453E+01                                 F               0         Blade 1 Z translation displacement, node 15, m
        163    4.443E+01                                 F               0         Blade 1 X translation displacement, node 16, m
        164    3.673E+01                                 F               0         Blade 1 Y translation displacement, node 16, m
        165   -1.529E+01                                 F               0         Blade 1 Z translation displacement, node 16, m
        166    4.484E+01                                 F               0         Blade 1 X translation displacement, node 17, m
        167    3.892E+01                                 F               0         Blade 1 Y translation displacement, node 17, m
        168   -1.605E+01                                 F               0         Blade 1 Z translation displacement, node 17, m
        169    4.524E+01                                 F               0         Blade 1 X translation displacement, node 18, m
        170    4.111E+01                                 F               0         Blade 1 Y translation displacement, node 18, m
        171   -1.681E+01                                 F               0         Blade 1 Z translation displacement, node 18, m
        172    4.565E+01                                 F               0         Blade 1 X translation displacement, node 19, m
        173    4.329E+01                                 F               0         Blade 1 Y translation displacement, node 19, m
        174   -1.757E+01                                 F               0         Blade 1 Z translation displacement, node 19, m
        175    4.605E+01                                 F               0         Blade 1 X translation displacement, node 20, m
        176    4.548E+01                                 F               0         Blade 1 Y translation displacement, node 20, m
        177   -1.833E+01                                 F               0         Blade 1 Z translation displacement, node 20, m
        178    4.646E+01                                 F               0         Blade 1 X translation displacement, node 21, m
        179    4.767E+01                                 F               0         Blade 1 Y translation displacement, node 21, m
        180   -1.909E+01                                 F               0         Blade 1 Z translation displacement, node 21, m
        181    4.686E+01                                 F               0         Blade 1 X translation displacement, node 22, m
        182    4.985E+01                                 F               0         Blade 1 Y translation displacement, node 22, m
        183   -1.985E+01                                 F               0         Blade 1 Z translation displacement, node 22, m
        184    4.727E+01                                 F               0         Blade 1 X translation displacement, node 23, m
        185    5.204E+01                                 F               0         Blade 1 Y translation displacement, node 23, m
        186   -2.061E+01                                 F               0         Blade 1 Z translation displacement, node 23, m
        187    4.767E+01                                 F               0         Blade 1 X translation displacement, node 24, m
        188    5.423E+01                                 F               0         Blade 1 Y translation displacement, node 24, m
        189   -2.137E+01                                 F               0         Blade 1 Z translation displacement, node 24, m
        190    4.808E+01                                 F               0         Blade 1 X translation displacement, node 25, m
        191    5.641E+01                                 F               0         Blade 1 Y translation displacement, node 25, m
        192   -2.213E+01                                 F               0         Blade 1 Z translation displacement, node 25, m
        193    4.848E+01                                 F               0         Blade 1 X translation displacement, node 26, m
        194    5.860E+01                                 F               0         Blade 1 Y translation displacement, node 26, m
        195   -2.290E+01                                 F               0         Blade 1 Z translation displacement, node 26, m
        196    4.889E+01                                 F               0         Blade 1 X translation displacement, node 27, m
        197    6.079E+01                                 F               0         Blade 1 Y translation displacement, node 27, m
        198   -2.366E+01                                 F               0         Blade 1 Z translation displacement, node 27, m
        199    4.923E+01                                 F               0         Blade 1 X translation displacement, node 28, m
        200    6.264E+01                                 F               0         Blade 1 Y translation displacement, node 28, m
        201   -2.430E+01                                 F               0         Blade 1 Z translation displacement, node 28, m
        202    9.248E-01, -3.795E-01,  2.634E-02         F               0         Blade 1 X orientation angle, node 1, rad
        203    3.177E-01,  7.324E-01, -6.022E-01         F               0         Blade 1 Y orientation angle, node 1, rad
        204    2.092E-01,  5.653E-01,  7.979E-01         F               0         Blade 1 Z orientation angle, node 1, rad
        205    9.248E-01, -3.795E-01,  2.634E-02         F               0         Blade 1 X orientation angle, node 2, rad
        206    3.177E-01,  7.324E-01, -6.022E-01         F               0         Blade 1 Y orientation angle, node 2, rad
        207    2.092E-01,  5.653E-01,  7.979E-01         F               0         Blade 1 Z orientation angle, node 2, rad
        208    9.738E-01, -1.951E-01, -1.171E-01         F               0         Blade 1 X orientation angle, node 3, rad
        209    8.942E-02,  8.015E-01, -5.913E-01         F               0         Blade 1 Y orientation angle, node 3, rad
        210    2.092E-01,  5.653E-01,  7.979E-01         F               0         Blade 1 Z orientation angle, node 3, rad
        211    9.767E-01, -1.611E-01, -1.420E-01         F               0         Blade 1 X orientation angle, node 4, rad
        212    4.823E-02,  8.090E-01, -5.859E-01         F               0         Blade 1 Y orientation angle, node 4, rad
        213    2.092E-01,  5.653E-01,  7.979E-01         F               0         Blade 1 Z orientation angle, node 4, rad
        214    9.777E-01, -1.342E-01, -1.614E-01         F               0         Blade 1 X orientation angle, node 5, rad
        215    1.582E-02,  8.139E-01, -5.808E-01         F               0         Blade 1 Y orientation angle, node 5, rad
        216    2.092E-01,  5.653E-01,  7.979E-01         F               0         Blade 1 Z orientation angle, node 5, rad
        217    9.778E-01, -1.125E-01, -1.767E-01         F               0         Blade 1 X orientation angle, node 6, rad
        218   -1.012E-02,  8.171E-01, -5.763E-01         F               0         Blade 1 Y orientation angle, node 6, rad
        219    2.092E-01,  5.653E-01,  7.979E-01         F               0         Blade 1 Z orientation angle, node 6, rad
        220    9.774E-01, -9.467E-02, -1.892E-01         F               0         Blade 1 X orientation angle, node 7, rad
        221   -3.145E-02,  8.194E-01, -5.724E-01         F               0         Blade 1 Y orientation angle, node 7, rad
        222    2.092E-01,  5.653E-01,  7.979E-01         F               0         Blade 1 Z orientation angle, node 7, rad
        223    9.766E-01, -7.978E-02, -1.996E-01         F               0         Blade 1 X orientation angle, node 8, rad
        224   -4.919E-02,  8.210E-01, -5.688E-01         F               0         Blade 1 Y orientation angle, node 8, rad
        225    2.092E-01,  5.653E-01,  7.979E-01         F               0         Blade 1 Z orientation angle, node 8, rad
        226    9.758E-01, -6.716E-02, -2.083E-01         F               0         Blade 1 X orientation angle, node 9, rad
        227   -6.418E-02,  8.221E-01, -5.657E-01         F               0         Blade 1 Y orientation angle, node 9, rad
        228    2.092E-01,  5.653E-01,  7.979E-01         F               0         Blade 1 Z orientation angle, node 9, rad
        229    9.748E-01, -5.625E-02, -2.158E-01         F               0         Blade 1 X orientation angle, node 10, rad
        230   -7.712E-02,  8.229E-01, -5.629E-01         F               0         Blade 1 Y orientation angle, node 10, rad
        231    2.092E-01,  5.653E-01,  7.979E-01         F               0         Blade 1 Z orientation angle, node 10, rad
        232    9.739E-01, -4.691E-02, -2.222E-01         F               0         Blade 1 X orientation angle, node 11, rad
        233   -8.817E-02,  8.235E-01, -5.604E-01         F               0         Blade 1 Y orientation angle, node 11, rad
        234    2.092E-01,  5.653E-01,  7.979E-01         F               0         Blade 1 Z orientation angle, node 11, rad
        235    9.730E-01, -3.872E-02, -2.277E-01         F               0         Blade 1 X orientation angle, node 12, rad
        236   -9.785E-02,  8.239E-01, -5.582E-01         F               0         Blade 1 Y orientation angle, node 12, rad
        237    2.092E-01,  5.653E-01,  7.979E-01         F               0         Blade 1 Z orientation angle, node 12, rad
        238    9.721E-01, -3.152E-02, -2.326E-01         F               0         Blade 1 X orientation angle, node 13, rad
        239   -1.063E-01,  8.243E-01, -5.561E-01         F               0         Blade 1 Y orientation angle, node 13, rad
        240    2.092E-01,  5.653E-01,  7.979E-01         F               0         Blade 1 Z orientation angle, node 13, rad
        241    9.712E-01, -2.505E-02, -2.369E-01         F               0         Blade 1 X orientation angle, node 14, rad
        242   -1.140E-01,  8.245E-01, -5.543E-01         F               0         Blade 1 Y orientation angle, node 14, rad
        243    2.092E-01,  5.653E-01,  7.979E-01         F               0         Blade 1 Z orientation angle, node 14, rad
        244    9.704E-01, -1.929E-02, -2.408E-01         F               0         Blade 1 X orientation angle, node 15, rad
        245   -1.207E-01,  8.246E-01, -5.526E-01         F               0         Blade 1 Y orientation angle, node 15, rad
        246    2.092E-01,  5.653E-01,  7.979E-01         F               0         Blade 1 Z orientation angle, node 15, rad
        247    9.696E-01, -1.411E-02, -2.443E-01         F               0         Blade 1 X orientation angle, node 16, rad
        248   -1.268E-01,  8.247E-01, -5.511E-01         F               0         Blade 1 Y orientation angle, node 16, rad
        249    2.092E-01,  5.653E-01,  7.979E-01         F               0         Blade 1 Z orientation angle, node 16, rad
        250    9.689E-01, -9.505E-03, -2.474E-01         F               0         Blade 1 X orientation angle, node 17, rad
        251   -1.323E-01,  8.248E-01, -5.497E-01         F               0         Blade 1 Y orientation angle, node 17, rad
        252    2.092E-01,  5.653E-01,  7.979E-01         F               0         Blade 1 Z orientation angle, node 17, rad
        253    9.682E-01, -5.186E-03, -2.502E-01         F               0         Blade 1 X orientation angle, node 18, rad
        254   -1.373E-01,  8.248E-01, -5.484E-01         F               0         Blade 1 Y orientation angle, node 18, rad
        255    2.092E-01,  5.653E-01,  7.979E-01         F               0         Blade 1 Z orientation angle, node 18, rad
        256    9.675E-01, -1.299E-03, -2.528E-01         F               0         Blade 1 X orientation angle, node 19, rad
        257   -1.419E-01,  8.249E-01, -5.473E-01         F               0         Blade 1 Y orientation angle, node 19, rad
        258    2.092E-01,  5.653E-01,  7.979E-01         F               0         Blade 1 Z orientation angle, node 19, rad
        259    9.669E-01,  2.156E-03, -2.551E-01         F               0         Blade 1 X orientation angle, node 20, rad
        260   -1.459E-01,  8.249E-01, -5.462E-01         F               0         Blade 1 Y orientation angle, node 20, rad
        261    2.092E-01,  5.653E-01,  7.979E-01         F               0         Blade 1 Z orientation angle, node 20, rad
        262    9.663E-01,  5.467E-03, -2.573E-01         F               0         Blade 1 X orientation angle, node 21, rad
        263   -1.498E-01,  8.248E-01, -5.452E-01         F               0         Blade 1 Y orientation angle, node 21, rad
        264    2.092E-01,  5.653E-01,  7.979E-01         F               0         Blade 1 Z orientation angle, node 21, rad
        265    9.658E-01,  8.490E-03, -2.593E-01         F               0         Blade 1 X orientation angle, node 22, rad
        266   -1.534E-01,  8.248E-01, -5.442E-01         F               0         Blade 1 Y orientation angle, node 22, rad
        267    2.092E-01,  5.653E-01,  7.979E-01         F               0         Blade 1 Z orientation angle, node 22, rad
        268    9.652E-01,  1.123E-02, -2.611E-01         F               0         Blade 1 X orientation angle, node 23, rad
        269   -1.566E-01,  8.248E-01, -5.434E-01         F               0         Blade 1 Y orientation angle, node 23, rad
        270    2.092E-01,  5.653E-01,  7.979E-01         F               0         Blade 1 Z orientation angle, node 23, rad
        271    9.648E-01,  1.382E-02, -2.628E-01         F               0         Blade 1 X orientation angle, node 24, rad
        272   -1.596E-01,  8.247E-01, -5.425E-01         F               0         Blade 1 Y orientation angle, node 24, rad
        273    2.092E-01,  5.653E-01,  7.979E-01         F               0         Blade 1 Z orientation angle, node 24, rad
        274    9.643E-01,  1.626E-02, -2.644E-01         F               0         Blade 1 X orientation angle, node 25, rad
        275   -1.625E-01,  8.247E-01, -5.417E-01         F               0         Blade 1 Y orientation angle, node 25, rad
        276    2.092E-01,  5.653E-01,  7.979E-01         F               0         Blade 1 Z orientation angle, node 25, rad
        277    9.638E-01,  1.842E-02, -2.658E-01         F               0         Blade 1 X orientation angle, node 26, rad
        278   -1.650E-01,  8.246E-01, -5.411E-01         F               0         Blade 1 Y orientation angle, node 26, rad
        279    2.092E-01,  5.653E-01,  7.979E-01         F               0         Blade 1 Z orientation angle, node 26, rad
        280    9.634E-01,  2.058E-02, -2.672E-01         F               0         Blade 1 X orientation angle, node 27, rad
        281   -1.675E-01,  8.246E-01, -5.404E-01         F               0         Blade 1 Y orientation angle, node 27, rad
        282    2.092E-01,  5.653E-01,  7.979E-01         F               0         Blade 1 Z orientation angle, node 27, rad
        283    9.632E-01,  2.173E-02, -2.680E-01         F               0         Blade 1 X orientation angle, node 28, rad
        284   -1.688E-01,  8.246E-01, -5.400E-01         F               0         Blade 1 Y orientation angle, node 28, rad
        285    2.092E-01,  5.653E-01,  7.979E-01         F               0         Blade 1 Z orientation angle, node 28, rad
        286    9.736E-01                                 F               0         Blade 1 X translation velocity, node 1, m/s
        287   -4.775E+00                                 F               0         Blade 1 Y translation velocity, node 1, m/s
        288    3.119E+00                                 F               0         Blade 1 Z translation velocity, node 1, m/s
        289    1.207E+00                                 F               0         Blade 1 X translation velocity, node 2, m/s
        290   -5.922E+00                                 F               0         Blade 1 Y translation velocity, node 2, m/s
        291    3.871E+00                                 F               0         Blade 1 Z translation velocity, node 2, m/s
        292    4.380E+00                                 F               0         Blade 1 X translation velocity, node 3, m/s
        293   -2.152E+01                                 F               0         Blade 1 Y translation velocity, node 3, m/s
        294    1.409E+01                                 F               0         Blade 1 Z translation velocity, node 3, m/s
        295    5.056E+00                                 F               0         Blade 1 X translation velocity, node 4, m/s
        296   -2.484E+01                                 F               0         Blade 1 Y translation velocity, node 4, m/s
        297    1.627E+01                                 F               0         Blade 1 Z translation velocity, node 4, m/s
        298    5.733E+00                                 F               0         Blade 1 X translation velocity, node 5, m/s
        299   -2.817E+01                                 F               0         Blade 1 Y translation velocity, node 5, m/s
        300    1.844E+01                                 F               0         Blade 1 Z translation velocity, node 5, m/s
        301    6.409E+00                                 F               0         Blade 1 X translation velocity, node 6, m/s
        302   -3.149E+01                                 F               0         Blade 1 Y translation velocity, node 6, m/s
        303    2.062E+01                                 F               0         Blade 1 Z translation velocity, node 6, m/s
        304    7.085E+00                                 F               0         Blade 1 X translation velocity, node 7, m/s
        305   -3.481E+01                                 F               0         Blade 1 Y translation velocity, node 7, m/s
        306    2.280E+01                                 F               0         Blade 1 Z translation velocity, node 7, m/s
        307    7.761E+00                                 F               0         Blade 1 X translation velocity, node 8, m/s
