
Linearized model: Predictions were generated on 19-Dec-2023 at 09:27:32 using OpenFAST, compiled as a 64-bit application using single precision at commit v3.5.1
 linked with  NWTC Subroutine Library; ElastoDyn; InflowWind; AeroDyn; ServoDyn; HydroDyn; MoorDyn (v2.0.0, 2023-09-18)

Description from the FAST input file: CCT-9 Campign 4 model. Input files to be run with OpenFAST 3.5.0. GitHub branch from Lu Wang (https://github.com/luwang00/openfast/tree/dev) compiled on March 7, 2023.

Simulation information:
   Simulation time:                  1006.9750 s
   Rotor Speed:                         1.0408 rad/s
   Azimuth:                             6.1057 rad
   Wind Speed:                         12.0000 m/s
   Number of continuous states:         0
   Number of discrete states:           0
   Number of constraint states:         0
   Number of inputs:                 1746
   Number of outputs:                   4
   Jacobians included in this file?    No

Order of inputs:
     Column   Operating Point                     Rotating Frame? Derivative Order Description
   ---------- ---------------                     --------------- ---------------- -----------
          1    1.511E+01                                 F               0         Tower X translation displacement, node 1, m
          2   -9.338E-01                                 F               0         Tower Y translation displacement, node 1, m
          3   -4.151E-01                                 F               0         Tower Z translation displacement, node 1, m
          4    1.702E+01                                 F               0         Tower X translation displacement, node 2, m
          5   -1.426E+00                                 F               0         Tower Y translation displacement, node 2, m
          6   -5.733E-01                                 F               0         Tower Z translation displacement, node 2, m
          7    1.896E+01                                 F               0         Tower X translation displacement, node 3, m
          8   -1.923E+00                                 F               0         Tower Y translation displacement, node 3, m
          9   -7.371E-01                                 F               0         Tower Z translation displacement, node 3, m
         10    2.093E+01                                 F               0         Tower X translation displacement, node 4, m
         11   -2.424E+00                                 F               0         Tower Y translation displacement, node 4, m
         12   -9.052E-01                                 F               0         Tower Z translation displacement, node 4, m
         13    2.292E+01                                 F               0         Tower X translation displacement, node 5, m
         14   -2.927E+00                                 F               0         Tower Y translation displacement, node 5, m
         15   -1.077E+00                                 F               0         Tower Z translation displacement, node 5, m
         16    2.493E+01                                 F               0         Tower X translation displacement, node 6, m
         17   -3.433E+00                                 F               0         Tower Y translation displacement, node 6, m
         18   -1.252E+00                                 F               0         Tower Z translation displacement, node 6, m
         19    2.695E+01                                 F               0         Tower X translation displacement, node 7, m
         20   -3.940E+00                                 F               0         Tower Y translation displacement, node 7, m
         21   -1.429E+00                                 F               0         Tower Z translation displacement, node 7, m
         22    2.899E+01                                 F               0         Tower X translation displacement, node 8, m
         23   -4.450E+00                                 F               0         Tower Y translation displacement, node 8, m
         24   -1.608E+00                                 F               0         Tower Z translation displacement, node 8, m
         25    3.103E+01                                 F               0         Tower X translation displacement, node 9, m
         26   -4.960E+00                                 F               0         Tower Y translation displacement, node 9, m
         27   -1.789E+00                                 F               0         Tower Z translation displacement, node 9, m
         28    3.308E+01                                 F               0         Tower X translation displacement, node 10, m
         29   -5.471E+00                                 F               0         Tower Y translation displacement, node 10, m
         30   -1.970E+00                                 F               0         Tower Z translation displacement, node 10, m
         31    3.513E+01                                 F               0         Tower X translation displacement, node 11, m
         32   -5.983E+00                                 F               0         Tower Y translation displacement, node 11, m
         33   -2.152E+00                                 F               0         Tower Z translation displacement, node 11, m
         34    9.881E-01,  1.507E-02, -1.529E-01         F               0         Tower X orientation angle, node 1, rad
         35   -8.803E-03,  9.991E-01,  4.158E-02         F               0         Tower Y orientation angle, node 1, rad
         36    1.533E-01, -3.974E-02,  9.874E-01         F               0         Tower Z orientation angle, node 1, rad
         37    9.877E-01,  1.517E-02, -1.554E-01         F               0         Tower X orientation angle, node 2, rad
         38   -8.747E-03,  9.991E-01,  4.194E-02         F               0         Tower Y orientation angle, node 2, rad
         39    1.559E-01, -4.006E-02,  9.870E-01         F               0         Tower Z orientation angle, node 2, rad
         40    9.874E-01,  1.527E-02, -1.577E-01         F               0         Tower X orientation angle, node 3, rad
         41   -8.696E-03,  9.991E-01,  4.226E-02         F               0         Tower Y orientation angle, node 3, rad
         42    1.582E-01, -4.036E-02,  9.866E-01         F               0         Tower Z orientation angle, node 3, rad
         43    9.870E-01,  1.535E-02, -1.597E-01         F               0         Tower X orientation angle, node 4, rad
         44   -8.650E-03,  9.991E-01,  4.254E-02         F               0         Tower Y orientation angle, node 4, rad
         45    1.602E-01, -4.061E-02,  9.863E-01         F               0         Tower Z orientation angle, node 4, rad
         46    9.868E-01,  1.541E-02, -1.613E-01         F               0         Tower X orientation angle, node 5, rad
         47   -8.611E-03,  9.990E-01,  4.278E-02         F               0         Tower Y orientation angle, node 5, rad
         48    1.618E-01, -4.083E-02,  9.860E-01         F               0         Tower Z orientation angle, node 5, rad
         49    9.866E-01,  1.547E-02, -1.626E-01         F               0         Tower X orientation angle, node 6, rad
         50   -8.578E-03,  9.990E-01,  4.298E-02         F               0         Tower Y orientation angle, node 6, rad
         51    1.631E-01, -4.101E-02,  9.857E-01         F               0         Tower Z orientation angle, node 6, rad
         52    9.864E-01,  1.551E-02, -1.637E-01         F               0         Tower X orientation angle, node 7, rad
         53   -8.551E-03,  9.990E-01,  4.314E-02         F               0         Tower Y orientation angle, node 7, rad
         54    1.642E-01, -4.116E-02,  9.856E-01         F               0         Tower Z orientation angle, node 7, rad
         55    9.863E-01,  1.554E-02, -1.644E-01         F               0         Tower X orientation angle, node 8, rad
         56   -8.531E-03,  9.990E-01,  4.327E-02         F               0         Tower Y orientation angle, node 8, rad
         57    1.649E-01, -4.127E-02,  9.854E-01         F               0         Tower Z orientation angle, node 8, rad
         58    9.862E-01,  1.557E-02, -1.650E-01         F               0         Tower X orientation angle, node 9, rad
         59   -8.515E-03,  9.990E-01,  4.336E-02         F               0         Tower Y orientation angle, node 9, rad
         60    1.655E-01, -4.136E-02,  9.853E-01         F               0         Tower Z orientation angle, node 9, rad
         61    9.861E-01,  1.558E-02, -1.653E-01         F               0         Tower X orientation angle, node 10, rad
         62   -8.506E-03,  9.990E-01,  4.342E-02         F               0         Tower Y orientation angle, node 10, rad
         63    1.658E-01, -4.141E-02,  9.853E-01         F               0         Tower Z orientation angle, node 10, rad
         64    9.861E-01,  1.559E-02, -1.655E-01         F               0         Tower X orientation angle, node 11, rad
         65   -8.500E-03,  9.990E-01,  4.345E-02         F               0         Tower Y orientation angle, node 11, rad
         66    1.660E-01, -4.144E-02,  9.853E-01         F               0         Tower Z orientation angle, node 11, rad
         67   -9.769E-04                                 F               0         Tower X translation velocity, node 1, m/s
         68   -1.800E-02                                 F               0         Tower Y translation velocity, node 1, m/s
         69    2.591E-03                                 F               0         Tower Z translation velocity, node 1, m/s
         70   -1.092E-03                                 F               0         Tower X translation velocity, node 2, m/s
         71   -3.048E-02                                 F               0         Tower Y translation velocity, node 2, m/s
         72    2.105E-03                                 F               0         Tower Z translation velocity, node 2, m/s
         73   -1.133E-03                                 F               0         Tower X translation velocity, node 3, m/s
         74   -4.316E-02                                 F               0         Tower Y translation velocity, node 3, m/s
         75    1.595E-03                                 F               0         Tower Z translation velocity, node 3, m/s
         76   -1.117E-03                                 F               0         Tower X translation velocity, node 4, m/s
         77   -5.598E-02                                 F               0         Tower Y translation velocity, node 4, m/s
         78    1.065E-03                                 F               0         Tower Z translation velocity, node 4, m/s
         79   -1.052E-03                                 F               0         Tower X translation velocity, node 5, m/s
         80   -6.894E-02                                 F               0         Tower Y translation velocity, node 5, m/s
         81    5.194E-04                                 F               0         Tower Z translation velocity, node 5, m/s
         82   -9.465E-04                                 F               0         Tower X translation velocity, node 6, m/s
         83   -8.202E-02                                 F               0         Tower Y translation velocity, node 6, m/s
         84   -4.083E-05                                 F               0         Tower Z translation velocity, node 6, m/s
         85   -8.111E-04                                 F               0         Tower X translation velocity, node 7, m/s
         86   -9.519E-02                                 F               0         Tower Y translation velocity, node 7, m/s
         87   -6.121E-04                                 F               0         Tower Z translation velocity, node 7, m/s
         88   -6.495E-04                                 F               0         Tower X translation velocity, node 8, m/s
         89   -1.084E-01                                 F               0         Tower Y translation velocity, node 8, m/s
         90   -1.193E-03                                 F               0         Tower Z translation velocity, node 8, m/s
         91   -4.686E-04                                 F               0         Tower X translation velocity, node 9, m/s
         92   -1.217E-01                                 F               0         Tower Y translation velocity, node 9, m/s
         93   -1.781E-03                                 F               0         Tower Z translation velocity, node 9, m/s
         94   -2.746E-04                                 F               0         Tower X translation velocity, node 10, m/s
         95   -1.351E-01                                 F               0         Tower Y translation velocity, node 10, m/s
         96   -2.375E-03                                 F               0         Tower Z translation velocity, node 10, m/s
         97   -7.301E-05                                 F               0         Tower X translation velocity, node 11, m/s
         98   -1.485E-01                                 F               0         Tower Y translation velocity, node 11, m/s
         99   -2.971E-03                                 F               0         Tower Z translation velocity, node 11, m/s
        100    3.658E+01                                 F               0         Hub X translation displacement, node 1, m
        101   -6.477E+00                                 F               0         Hub Y translation displacement, node 1, m
        102   -4.807E-01                                 F               0         Hub Z translation displacement, node 1, m
        103    9.633E-01,  1.983E-02, -2.676E-01         F               0         Hub X orientation angle, node 1, rad
        104   -5.571E-02,  9.903E-01, -1.272E-01         F               0         Hub Y orientation angle, node 1, rad
        105    2.624E-01,  1.374E-01,  9.551E-01         F               0         Hub Z orientation angle, node 1, rad
        106    1.004E+00                                 F               0         Hub X rotation velocity, node 1, rad/s
        107    2.067E-02                                 F               0         Hub Y rotation velocity, node 1, rad/s
        108   -2.788E-01                                 F               0         Hub Z rotation velocity, node 1, rad/s
        109    9.646E-01, -9.554E-03, -2.637E-01         F               0         Blade root 1 X orientation angle, node 1, rad
        110   -2.711E-02,  9.905E-01, -1.351E-01         F               0         Blade root 1 Y orientation angle, node 1, rad
        111    2.624E-01,  1.374E-01,  9.551E-01         F               0         Blade root 1 Z orientation angle, node 1, rad
        112    9.553E-01,  3.098E-02, -2.939E-01         F               0         Blade root 2 X orientation angle, node 1, rad
        113    2.836E-01, -3.754E-01,  8.824E-01         F               0         Blade root 2 Y orientation angle, node 1, rad
        114   -8.297E-02, -9.263E-01, -3.674E-01         F               0         Blade root 2 Z orientation angle, node 1, rad
        115    9.688E-01,  3.805E-02, -2.448E-01         F               0         Blade root 3 X orientation angle, node 1, rad
        116   -1.708E-01, -6.133E-01, -7.712E-01         F               0         Blade root 3 Y orientation angle, node 1, rad
        117   -1.795E-01,  7.889E-01, -5.877E-01         F               0         Blade root 3 Z orientation angle, node 1, rad
        118    3.745E+01                                 F               0         Blade 1 X translation displacement, node 1, m
        119   -5.716E+00                                 F               0         Blade 1 Y translation displacement, node 1, m
        120   -6.990E-01                                 F               0         Blade 1 Z translation displacement, node 1, m
        121    3.766E+01                                 F               0         Blade 1 X translation displacement, node 2, m
        122   -5.532E+00                                 F               0         Blade 1 Y translation displacement, node 2, m
        123   -7.516E-01                                 F               0         Blade 1 Z translation displacement, node 2, m
        124    4.053E+01                                 F               0         Blade 1 X translation displacement, node 3, m
        125   -3.038E+00                                 F               0         Blade 1 Y translation displacement, node 3, m
        126   -1.467E+00                                 F               0         Blade 1 Z translation displacement, node 3, m
        127    4.114E+01                                 F               0         Blade 1 X translation displacement, node 4, m
        128   -2.506E+00                                 F               0         Blade 1 Y translation displacement, node 4, m
        129   -1.619E+00                                 F               0         Blade 1 Z translation displacement, node 4, m
        130    4.175E+01                                 F               0         Blade 1 X translation displacement, node 5, m
        131   -1.975E+00                                 F               0         Blade 1 Y translation displacement, node 5, m
        132   -1.772E+00                                 F               0         Blade 1 Z translation displacement, node 5, m
        133    4.236E+01                                 F               0         Blade 1 X translation displacement, node 6, m
        134   -1.443E+00                                 F               0         Blade 1 Y translation displacement, node 6, m
        135   -1.924E+00                                 F               0         Blade 1 Z translation displacement, node 6, m
        136    4.297E+01                                 F               0         Blade 1 X translation displacement, node 7, m
        137   -9.118E-01                                 F               0         Blade 1 Y translation displacement, node 7, m
        138   -2.077E+00                                 F               0         Blade 1 Z translation displacement, node 7, m
        139    4.358E+01                                 F               0         Blade 1 X translation displacement, node 8, m
        140   -3.803E-01                                 F               0         Blade 1 Y translation displacement, node 8, m
        141   -2.229E+00                                 F               0         Blade 1 Z translation displacement, node 8, m
        142    4.420E+01                                 F               0         Blade 1 X translation displacement, node 9, m
        143    1.512E-01                                 F               0         Blade 1 Y translation displacement, node 9, m
        144   -2.382E+00                                 F               0         Blade 1 Z translation displacement, node 9, m
        145    4.481E+01                                 F               0         Blade 1 X translation displacement, node 10, m
        146    6.827E-01                                 F               0         Blade 1 Y translation displacement, node 10, m
        147   -2.534E+00                                 F               0         Blade 1 Z translation displacement, node 10, m
        148    4.542E+01                                 F               0         Blade 1 X translation displacement, node 11, m
        149    1.214E+00                                 F               0         Blade 1 Y translation displacement, node 11, m
        150   -2.686E+00                                 F               0         Blade 1 Z translation displacement, node 11, m
        151    4.603E+01                                 F               0         Blade 1 X translation displacement, node 12, m
        152    1.746E+00                                 F               0         Blade 1 Y translation displacement, node 12, m
        153   -2.839E+00                                 F               0         Blade 1 Z translation displacement, node 12, m
        154    4.664E+01                                 F               0         Blade 1 X translation displacement, node 13, m
        155    2.277E+00                                 F               0         Blade 1 Y translation displacement, node 13, m
        156   -2.991E+00                                 F               0         Blade 1 Z translation displacement, node 13, m
        157    4.725E+01                                 F               0         Blade 1 X translation displacement, node 14, m
        158    2.809E+00                                 F               0         Blade 1 Y translation displacement, node 14, m
        159   -3.144E+00                                 F               0         Blade 1 Z translation displacement, node 14, m
        160    4.786E+01                                 F               0         Blade 1 X translation displacement, node 15, m
        161    3.340E+00                                 F               0         Blade 1 Y translation displacement, node 15, m
        162   -3.296E+00                                 F               0         Blade 1 Z translation displacement, node 15, m
        163    4.847E+01                                 F               0         Blade 1 X translation displacement, node 16, m
        164    3.872E+00                                 F               0         Blade 1 Y translation displacement, node 16, m
        165   -3.448E+00                                 F               0         Blade 1 Z translation displacement, node 16, m
        166    4.908E+01                                 F               0         Blade 1 X translation displacement, node 17, m
        167    4.403E+00                                 F               0         Blade 1 Y translation displacement, node 17, m
        168   -3.601E+00                                 F               0         Blade 1 Z translation displacement, node 17, m
        169    4.969E+01                                 F               0         Blade 1 X translation displacement, node 18, m
        170    4.935E+00                                 F               0         Blade 1 Y translation displacement, node 18, m
        171   -3.753E+00                                 F               0         Blade 1 Z translation displacement, node 18, m
        172    5.030E+01                                 F               0         Blade 1 X translation displacement, node 19, m
        173    5.466E+00                                 F               0         Blade 1 Y translation displacement, node 19, m
        174   -3.906E+00                                 F               0         Blade 1 Z translation displacement, node 19, m
        175    5.091E+01                                 F               0         Blade 1 X translation displacement, node 20, m
        176    5.998E+00                                 F               0         Blade 1 Y translation displacement, node 20, m
        177   -4.058E+00                                 F               0         Blade 1 Z translation displacement, node 20, m
        178    5.152E+01                                 F               0         Blade 1 X translation displacement, node 21, m
        179    6.529E+00                                 F               0         Blade 1 Y translation displacement, node 21, m
        180   -4.211E+00                                 F               0         Blade 1 Z translation displacement, node 21, m
        181    5.214E+01                                 F               0         Blade 1 X translation displacement, node 22, m
        182    7.061E+00                                 F               0         Blade 1 Y translation displacement, node 22, m
        183   -4.363E+00                                 F               0         Blade 1 Z translation displacement, node 22, m
        184    5.275E+01                                 F               0         Blade 1 X translation displacement, node 23, m
        185    7.592E+00                                 F               0         Blade 1 Y translation displacement, node 23, m
        186   -4.515E+00                                 F               0         Blade 1 Z translation displacement, node 23, m
        187    5.336E+01                                 F               0         Blade 1 X translation displacement, node 24, m
        188    8.124E+00                                 F               0         Blade 1 Y translation displacement, node 24, m
        189   -4.668E+00                                 F               0         Blade 1 Z translation displacement, node 24, m
        190    5.397E+01                                 F               0         Blade 1 X translation displacement, node 25, m
        191    8.655E+00                                 F               0         Blade 1 Y translation displacement, node 25, m
        192   -4.820E+00                                 F               0         Blade 1 Z translation displacement, node 25, m
        193    5.458E+01                                 F               0         Blade 1 X translation displacement, node 26, m
        194    9.187E+00                                 F               0         Blade 1 Y translation displacement, node 26, m
        195   -4.973E+00                                 F               0         Blade 1 Z translation displacement, node 26, m
        196    5.519E+01                                 F               0         Blade 1 X translation displacement, node 27, m
        197    9.718E+00                                 F               0         Blade 1 Y translation displacement, node 27, m
        198   -5.125E+00                                 F               0         Blade 1 Z translation displacement, node 27, m
        199    5.571E+01                                 F               0         Blade 1 X translation displacement, node 28, m
        200    1.017E+01                                 F               0         Blade 1 Y translation displacement, node 28, m
        201   -5.254E+00                                 F               0         Blade 1 Z translation displacement, node 28, m
        202    8.708E-01, -4.602E-01, -1.731E-01         F               0         Blade 1 X orientation angle, node 1, rad
        203    4.157E-01,  8.771E-01, -2.404E-01         F               0         Blade 1 Y orientation angle, node 1, rad
        204    2.624E-01,  1.374E-01,  9.551E-01         F               0         Blade 1 Z orientation angle, node 1, rad
        205    8.708E-01, -4.602E-01, -1.731E-01         F               0         Blade 1 X orientation angle, node 2, rad
        206    4.157E-01,  8.771E-01, -2.404E-01         F               0         Blade 1 Y orientation angle, node 2, rad
        207    2.624E-01,  1.374E-01,  9.551E-01         F               0         Blade 1 Z orientation angle, node 2, rad
        208    9.445E-01, -2.392E-01, -2.251E-01         F               0         Blade 1 X orientation angle, node 3, rad
        209    1.975E-01,  9.612E-01, -1.926E-01         F               0         Blade 1 Y orientation angle, node 3, rad
        210    2.624E-01,  1.374E-01,  9.551E-01         F               0         Blade 1 Z orientation angle, node 3, rad
        211    9.520E-01, -1.984E-01, -2.330E-01         F               0         Blade 1 X orientation angle, node 4, rad
        212    1.574E-01,  9.704E-01, -1.829E-01         F               0         Blade 1 Y orientation angle, node 4, rad
        213    2.624E-01,  1.374E-01,  9.551E-01         F               0         Blade 1 Z orientation angle, node 4, rad
        214    9.567E-01, -1.661E-01, -2.390E-01         F               0         Blade 1 X orientation angle, node 5, rad
        215    1.258E-01,  9.765E-01, -1.751E-01         F               0         Blade 1 Y orientation angle, node 5, rad
        216    2.624E-01,  1.374E-01,  9.551E-01         F               0         Blade 1 Z orientation angle, node 5, rad
        217    9.597E-01, -1.401E-01, -2.435E-01         F               0         Blade 1 X orientation angle, node 6, rad
        218    1.004E-01,  9.806E-01, -1.687E-01         F               0         Blade 1 Y orientation angle, node 6, rad
        219    2.624E-01,  1.374E-01,  9.551E-01         F               0         Blade 1 Z orientation angle, node 6, rad
        220    9.617E-01, -1.187E-01, -2.472E-01         F               0         Blade 1 X orientation angle, node 7, rad
        221    7.941E-02,  9.834E-01, -1.633E-01         F               0         Blade 1 Y orientation angle, node 7, rad
        222    2.624E-01,  1.374E-01,  9.551E-01         F               0         Blade 1 Z orientation angle, node 7, rad
        223    9.630E-01, -1.008E-01, -2.501E-01         F               0         Blade 1 X orientation angle, node 8, rad
        224    6.194E-02,  9.854E-01, -1.588E-01         F               0         Blade 1 Y orientation angle, node 8, rad
        225    2.624E-01,  1.374E-01,  9.551E-01         F               0         Blade 1 Z orientation angle, node 8, rad
        226    9.638E-01, -8.569E-02, -2.525E-01         F               0         Blade 1 X orientation angle, node 9, rad
        227    4.714E-02,  9.868E-01, -1.549E-01         F               0         Blade 1 Y orientation angle, node 9, rad
        228    2.624E-01,  1.374E-01,  9.551E-01         F               0         Blade 1 Z orientation angle, node 9, rad
        229    9.643E-01, -7.259E-02, -2.545E-01         F               0         Blade 1 X orientation angle, node 10, rad
        230    3.435E-02,  9.878E-01, -1.516E-01         F               0         Blade 1 Y orientation angle, node 10, rad
        231    2.624E-01,  1.374E-01,  9.551E-01         F               0         Blade 1 Z orientation angle, node 10, rad
        232    9.647E-01, -6.138E-02, -2.562E-01         F               0         Blade 1 X orientation angle, node 11, rad
        233    2.341E-02,  9.886E-01, -1.487E-01         F               0         Blade 1 Y orientation angle, node 11, rad
        234    2.624E-01,  1.374E-01,  9.551E-01         F               0         Blade 1 Z orientation angle, node 11, rad
        235    9.648E-01, -5.154E-02, -2.577E-01         F               0         Blade 1 X orientation angle, node 12, rad
        236    1.381E-02,  9.892E-01, -1.461E-01         F               0         Blade 1 Y orientation angle, node 12, rad
        237    2.624E-01,  1.374E-01,  9.551E-01         F               0         Blade 1 Z orientation angle, node 12, rad
        238    9.649E-01, -4.291E-02, -2.590E-01         F               0         Blade 1 X orientation angle, node 13, rad
        239    5.393E-03,  9.896E-01, -1.439E-01         F               0         Blade 1 Y orientation angle, node 13, rad
        240    2.624E-01,  1.374E-01,  9.551E-01         F               0         Blade 1 Z orientation angle, node 13, rad
        241    9.649E-01, -3.513E-02, -2.601E-01         F               0         Blade 1 X orientation angle, node 14, rad
        242   -2.185E-03,  9.899E-01, -1.418E-01         F               0         Blade 1 Y orientation angle, node 14, rad
        243    2.624E-01,  1.374E-01,  9.551E-01         F               0         Blade 1 Z orientation angle, node 14, rad
        244    9.649E-01, -2.822E-02, -2.611E-01         F               0         Blade 1 X orientation angle, node 15, rad
        245   -8.922E-03,  9.901E-01, -1.400E-01         F               0         Blade 1 Y orientation angle, node 15, rad
        246    2.624E-01,  1.374E-01,  9.551E-01         F               0         Blade 1 Z orientation angle, node 15, rad
        247    9.648E-01, -2.200E-02, -2.619E-01         F               0         Blade 1 X orientation angle, node 16, rad
        248   -1.498E-02,  9.903E-01, -1.384E-01         F               0         Blade 1 Y orientation angle, node 16, rad
        249    2.624E-01,  1.374E-01,  9.551E-01         F               0         Blade 1 Z orientation angle, node 16, rad
        250    9.647E-01, -1.647E-02, -2.627E-01         F               0         Blade 1 X orientation angle, node 17, rad
        251   -2.037E-02,  9.904E-01, -1.369E-01         F               0         Blade 1 Y orientation angle, node 17, rad
        252    2.624E-01,  1.374E-01,  9.551E-01         F               0         Blade 1 Z orientation angle, node 17, rad
        253    9.646E-01, -1.128E-02, -2.634E-01         F               0         Blade 1 X orientation angle, node 18, rad
        254   -2.542E-02,  9.904E-01, -1.355E-01         F               0         Blade 1 Y orientation angle, node 18, rad
        255    2.624E-01,  1.374E-01,  9.551E-01         F               0         Blade 1 Z orientation angle, node 18, rad
        256    9.645E-01, -6.615E-03, -2.641E-01         F               0         Blade 1 X orientation angle, node 19, rad
        257   -2.997E-02,  9.905E-01, -1.343E-01         F               0         Blade 1 Y orientation angle, node 19, rad
        258    2.624E-01,  1.374E-01,  9.551E-01         F               0         Blade 1 Z orientation angle, node 19, rad
        259    9.643E-01, -2.466E-03, -2.646E-01         F               0         Blade 1 X orientation angle, node 20, rad
        260   -3.401E-02,  9.905E-01, -1.332E-01         F               0         Blade 1 Y orientation angle, node 20, rad
        261    2.624E-01,  1.374E-01,  9.551E-01         F               0         Blade 1 Z orientation angle, node 20, rad
        262    9.642E-01,  1.510E-03, -2.652E-01         F               0         Blade 1 X orientation angle, node 21, rad
        263   -3.788E-02,  9.905E-01, -1.321E-01         F               0         Blade 1 Y orientation angle, node 21, rad
        264    2.624E-01,  1.374E-01,  9.551E-01         F               0         Blade 1 Z orientation angle, node 21, rad
        265    9.641E-01,  5.141E-03, -2.656E-01         F               0         Blade 1 X orientation angle, node 22, rad
        266   -4.141E-02,  9.905E-01, -1.311E-01         F               0         Blade 1 Y orientation angle, node 22, rad
        267    2.624E-01,  1.374E-01,  9.551E-01         F               0         Blade 1 Z orientation angle, node 22, rad
        268    9.639E-01,  8.425E-03, -2.661E-01         F               0         Blade 1 X orientation angle, node 23, rad
        269   -4.461E-02,  9.905E-01, -1.302E-01         F               0         Blade 1 Y orientation angle, node 23, rad
        270    2.624E-01,  1.374E-01,  9.551E-01         F               0         Blade 1 Z orientation angle, node 23, rad
        271    9.638E-01,  1.154E-02, -2.665E-01         F               0         Blade 1 X orientation angle, node 24, rad
        272   -4.764E-02,  9.904E-01, -1.294E-01         F               0         Blade 1 Y orientation angle, node 24, rad
        273    2.624E-01,  1.374E-01,  9.551E-01         F               0         Blade 1 Z orientation angle, node 24, rad
        274    9.636E-01,  1.448E-02, -2.669E-01         F               0         Blade 1 X orientation angle, node 25, rad
        275   -5.050E-02,  9.904E-01, -1.286E-01         F               0         Blade 1 Y orientation angle, node 25, rad
        276    2.624E-01,  1.374E-01,  9.551E-01         F               0         Blade 1 Z orientation angle, node 25, rad
        277    9.635E-01,  1.707E-02, -2.672E-01         F               0         Blade 1 X orientation angle, node 26, rad
        278   -5.302E-02,  9.904E-01, -1.279E-01         F               0         Blade 1 Y orientation angle, node 26, rad
        279    2.624E-01,  1.374E-01,  9.551E-01         F               0         Blade 1 Z orientation angle, node 26, rad
        280    9.633E-01,  1.966E-02, -2.675E-01         F               0         Blade 1 X orientation angle, node 27, rad
        281   -5.554E-02,  9.903E-01, -1.272E-01         F               0         Blade 1 Y orientation angle, node 27, rad
        282    2.624E-01,  1.374E-01,  9.551E-01         F               0         Blade 1 Z orientation angle, node 27, rad
        283    9.633E-01,  2.104E-02, -2.677E-01         F               0         Blade 1 X orientation angle, node 28, rad
        284   -5.689E-02,  9.903E-01, -1.268E-01         F               0         Blade 1 Y orientation angle, node 28, rad
        285    2.624E-01,  1.374E-01,  9.551E-01         F               0         Blade 1 Z orientation angle, node 28, rad
        286    3.217E-01                                 F               0         Blade 1 X translation velocity, node 1, m/s
        287   -5.872E+00                                 F               0         Blade 1 Y translation velocity, node 1, m/s
        288    7.308E-01                                 F               0         Blade 1 Z translation velocity, node 1, m/s
        289    3.992E-01                                 F               0         Blade 1 X translation velocity, node 2, m/s
        290   -7.249E+00                                 F               0         Blade 1 Y translation velocity, node 2, m/s
        291    9.077E-01                                 F               0         Blade 1 Z translation velocity, node 2, m/s
        292    1.453E+00                                 F               0         Blade 1 X translation velocity, node 3, m/s
        293   -2.598E+01                                 F               0         Blade 1 Y translation velocity, node 3, m/s
        294    3.313E+00                                 F               0         Blade 1 Z translation velocity, node 3, m/s
        295    1.678E+00                                 F               0         Blade 1 X translation velocity, node 4, m/s
        296   -2.997E+01                                 F               0         Blade 1 Y translation velocity, node 4, m/s
        297    3.825E+00                                 F               0         Blade 1 Z translation velocity, node 4, m/s
        298    1.902E+00                                 F               0         Blade 1 X translation velocity, node 5, m/s
        299   -3.396E+01                                 F               0         Blade 1 Y translation velocity, node 5, m/s
        300    4.338E+00                                 F               0         Blade 1 Z translation velocity, node 5, m/s
        301    2.127E+00                                 F               0         Blade 1 X translation velocity, node 6, m/s
        302   -3.795E+01                                 F               0         Blade 1 Y translation velocity, node 6, m/s
        303    4.850E+00                                 F               0         Blade 1 Z translation velocity, node 6, m/s
        304    2.351E+00                                 F               0         Blade 1 X translation velocity, node 7, m/s
        305   -4.194E+01                                 F               0         Blade 1 Y translation velocity, node 7, m/s
        306    5.363E+00                                 F               0         Blade 1 Z translation velocity, node 7, m/s
        307    2.576E+00                                 F               0         Blade 1 X translation velocity, node 8, m/s
