
Linearized model: Predictions were generated on 19-Dec-2023 at 09:27:32 using OpenFAST, compiled as a 64-bit application using single precision at commit v3.5.1
 linked with  NWTC Subroutine Library; ElastoDyn; InflowWind; AeroDyn; ServoDyn; HydroDyn; MoorDyn (v2.0.0, 2023-09-18)

Description from the FAST input file: CCT-9 Campign 4 model. Input files to be run with OpenFAST 3.5.0. GitHub branch from Lu Wang (https://github.com/luwang00/openfast/tree/dev) compiled on March 7, 2023.

Simulation information:
   Simulation time:                  1004.7250 s
   Rotor Speed:                         1.0411 rad/s
   Azimuth:                             3.7635 rad
   Wind Speed:                         12.0000 m/s
   Number of continuous states:         0
   Number of discrete states:           0
   Number of constraint states:         0
   Number of inputs:                 1746
   Number of outputs:                   4
   Jacobians included in this file?    No

Order of inputs:
     Column   Operating Point                     Rotating Frame? Derivative Order Description
   ---------- ---------------                     --------------- ---------------- -----------
          1    1.511E+01                                 F               0         Tower X translation displacement, node 1, m
          2   -8.942E-01                                 F               0         Tower Y translation displacement, node 1, m
          3   -4.236E-01                                 F               0         Tower Z translation displacement, node 1, m
          4    1.702E+01                                 F               0         Tower X translation displacement, node 2, m
          5   -1.360E+00                                 F               0         Tower Y translation displacement, node 2, m
          6   -5.807E-01                                 F               0         Tower Z translation displacement, node 2, m
          7    1.896E+01                                 F               0         Tower X translation displacement, node 3, m
          8   -1.830E+00                                 F               0         Tower Y translation displacement, node 3, m
          9   -7.433E-01                                 F               0         Tower Z translation displacement, node 3, m
         10    2.093E+01                                 F               0         Tower X translation displacement, node 4, m
         11   -2.303E+00                                 F               0         Tower Y translation displacement, node 4, m
         12   -9.102E-01                                 F               0         Tower Z translation displacement, node 4, m
         13    2.292E+01                                 F               0         Tower X translation displacement, node 5, m
         14   -2.779E+00                                 F               0         Tower Y translation displacement, node 5, m
         15   -1.081E+00                                 F               0         Tower Z translation displacement, node 5, m
         16    2.493E+01                                 F               0         Tower X translation displacement, node 6, m
         17   -3.257E+00                                 F               0         Tower Y translation displacement, node 6, m
         18   -1.254E+00                                 F               0         Tower Z translation displacement, node 6, m
         19    2.695E+01                                 F               0         Tower X translation displacement, node 7, m
         20   -3.737E+00                                 F               0         Tower Y translation displacement, node 7, m
         21   -1.430E+00                                 F               0         Tower Z translation displacement, node 7, m
         22    2.898E+01                                 F               0         Tower X translation displacement, node 8, m
         23   -4.218E+00                                 F               0         Tower Y translation displacement, node 8, m
         24   -1.608E+00                                 F               0         Tower Z translation displacement, node 8, m
         25    3.102E+01                                 F               0         Tower X translation displacement, node 9, m
         26   -4.701E+00                                 F               0         Tower Y translation displacement, node 9, m
         27   -1.788E+00                                 F               0         Tower Z translation displacement, node 9, m
         28    3.307E+01                                 F               0         Tower X translation displacement, node 10, m
         29   -5.184E+00                                 F               0         Tower Y translation displacement, node 10, m
         30   -1.968E+00                                 F               0         Tower Z translation displacement, node 10, m
         31    3.512E+01                                 F               0         Tower X translation displacement, node 11, m
         32   -5.668E+00                                 F               0         Tower Y translation displacement, node 11, m
         33   -2.149E+00                                 F               0         Tower Z translation displacement, node 11, m
         34    9.881E-01,  1.560E-02, -1.528E-01         F               0         Tower X orientation angle, node 1, rad
         35   -9.657E-03,  9.992E-01,  3.955E-02         F               0         Tower Y orientation angle, node 1, rad
         36    1.533E-01, -3.760E-02,  9.875E-01         F               0         Tower Z orientation angle, node 1, rad
         37    9.877E-01,  1.570E-02, -1.554E-01         F               0         Tower X orientation angle, node 2, rad
         38   -9.605E-03,  9.992E-01,  3.988E-02         F               0         Tower Y orientation angle, node 2, rad
         39    1.559E-01, -3.790E-02,  9.870E-01         F               0         Tower Z orientation angle, node 2, rad
         40    9.874E-01,  1.579E-02, -1.577E-01         F               0         Tower X orientation angle, node 3, rad
         41   -9.558E-03,  9.991E-01,  4.018E-02         F               0         Tower Y orientation angle, node 3, rad
         42    1.582E-01, -3.816E-02,  9.867E-01         F               0         Tower Z orientation angle, node 3, rad
         43    9.870E-01,  1.586E-02, -1.596E-01         F               0         Tower X orientation angle, node 4, rad
         44   -9.515E-03,  9.991E-01,  4.044E-02         F               0         Tower Y orientation angle, node 4, rad
         45    1.601E-01, -3.840E-02,  9.863E-01         F               0         Tower Z orientation angle, node 4, rad
         46    9.868E-01,  1.593E-02, -1.613E-01         F               0         Tower X orientation angle, node 5, rad
         47   -9.479E-03,  9.991E-01,  4.066E-02         F               0         Tower Y orientation angle, node 5, rad
         48    1.618E-01, -3.860E-02,  9.861E-01         F               0         Tower Z orientation angle, node 5, rad
         49    9.866E-01,  1.598E-02, -1.626E-01         F               0         Tower X orientation angle, node 6, rad
         50   -9.448E-03,  9.991E-01,  4.085E-02         F               0         Tower Y orientation angle, node 6, rad
         51    1.631E-01, -3.877E-02,  9.858E-01         F               0         Tower Z orientation angle, node 6, rad
         52    9.864E-01,  1.602E-02, -1.636E-01         F               0         Tower X orientation angle, node 7, rad
         53   -9.423E-03,  9.991E-01,  4.100E-02         F               0         Tower Y orientation angle, node 7, rad
         54    1.641E-01, -3.890E-02,  9.857E-01         F               0         Tower Z orientation angle, node 7, rad
         55    9.863E-01,  1.605E-02, -1.644E-01         F               0         Tower X orientation angle, node 8, rad
         56   -9.404E-03,  9.991E-01,  4.112E-02         F               0         Tower Y orientation angle, node 8, rad
         57    1.649E-01, -3.901E-02,  9.855E-01         F               0         Tower Z orientation angle, node 8, rad
         58    9.862E-01,  1.607E-02, -1.649E-01         F               0         Tower X orientation angle, node 9, rad
         59   -9.390E-03,  9.991E-01,  4.120E-02         F               0         Tower Y orientation angle, node 9, rad
         60    1.654E-01, -3.908E-02,  9.854E-01         F               0         Tower Z orientation angle, node 9, rad
         61    9.861E-01,  1.608E-02, -1.652E-01         F               0         Tower X orientation angle, node 10, rad
         62   -9.381E-03,  9.991E-01,  4.126E-02         F               0         Tower Y orientation angle, node 10, rad
         63    1.658E-01, -3.914E-02,  9.854E-01         F               0         Tower Z orientation angle, node 10, rad
         64    9.861E-01,  1.609E-02, -1.654E-01         F               0         Tower X orientation angle, node 11, rad
         65   -9.375E-03,  9.991E-01,  4.129E-02         F               0         Tower Y orientation angle, node 11, rad
         66    1.659E-01, -3.916E-02,  9.854E-01         F               0         Tower Z orientation angle, node 11, rad
         67    1.750E-04                                 F               0         Tower X translation velocity, node 1, m/s
         68   -1.669E-02                                 F               0         Tower Y translation velocity, node 1, m/s
         69    4.698E-03                                 F               0         Tower Z translation velocity, node 1, m/s
         70    4.973E-04                                 F               0         Tower X translation velocity, node 2, m/s
         71   -2.773E-02                                 F               0         Tower Y translation velocity, node 2, m/s
         72    4.225E-03                                 F               0         Tower Z translation velocity, node 2, m/s
         73    8.390E-04                                 F               0         Tower X translation velocity, node 3, m/s
         74   -3.889E-02                                 F               0         Tower Y translation velocity, node 3, m/s
         75    3.741E-03                                 F               0         Tower Z translation velocity, node 3, m/s
         76    1.195E-03                                 F               0         Tower X translation velocity, node 4, m/s
         77   -5.012E-02                                 F               0         Tower Y translation velocity, node 4, m/s
         78    3.247E-03                                 F               0         Tower Z translation velocity, node 4, m/s
         79    1.561E-03                                 F               0         Tower X translation velocity, node 5, m/s
         80   -6.144E-02                                 F               0         Tower Y translation velocity, node 5, m/s
         81    2.746E-03                                 F               0         Tower Z translation velocity, node 5, m/s
         82    1.935E-03                                 F               0         Tower X translation velocity, node 6, m/s
         83   -7.281E-02                                 F               0         Tower Y translation velocity, node 6, m/s
         84    2.238E-03                                 F               0         Tower Z translation velocity, node 6, m/s
         85    2.314E-03                                 F               0         Tower X translation velocity, node 7, m/s
         86   -8.424E-02                                 F               0         Tower Y translation velocity, node 7, m/s
         87    1.725E-03                                 F               0         Tower Z translation velocity, node 7, m/s
         88    2.697E-03                                 F               0         Tower X translation velocity, node 8, m/s
         89   -9.570E-02                                 F               0         Tower Y translation velocity, node 8, m/s
         90    1.208E-03                                 F               0         Tower Z translation velocity, node 8, m/s
         91    3.081E-03                                 F               0         Tower X translation velocity, node 9, m/s
         92   -1.072E-01                                 F               0         Tower Y translation velocity, node 9, m/s
         93    6.880E-04                                 F               0         Tower Z translation velocity, node 9, m/s
         94    3.465E-03                                 F               0         Tower X translation velocity, node 10, m/s
         95   -1.187E-01                                 F               0         Tower Y translation velocity, node 10, m/s
         96    1.662E-04                                 F               0         Tower Z translation velocity, node 10, m/s
         97    3.850E-03                                 F               0         Tower X translation velocity, node 11, m/s
         98   -1.302E-01                                 F               0         Tower Y translation velocity, node 11, m/s
         99   -3.566E-04                                 F               0         Tower Z translation velocity, node 11, m/s
        100    3.657E+01                                 F               0         Hub X translation displacement, node 1, m
        101   -6.149E+00                                 F               0         Hub Y translation displacement, node 1, m
        102   -4.769E-01                                 F               0         Hub Z translation displacement, node 1, m
        103    9.633E-01,  2.010E-02, -2.675E-01         F               0         Hub X orientation angle, node 1, rad
        104   -1.486E-01, -7.903E-01, -5.944E-01         F               0         Hub Y orientation angle, node 1, rad
        105   -2.234E-01,  6.124E-01, -7.584E-01         F               0         Hub Z orientation angle, node 1, rad
        106    1.004E+00                                 F               0         Hub X rotation velocity, node 1, rad/s
        107    2.097E-02                                 F               0         Hub Y rotation velocity, node 1, rad/s
        108   -2.788E-01                                 F               0         Hub Z rotation velocity, node 1, rad/s
        109    9.673E-01,  4.353E-02, -2.498E-01         F               0         Blade root 1 X orientation angle, node 1, rad
        110   -1.199E-01, -7.894E-01, -6.021E-01         F               0         Blade root 1 Y orientation angle, node 1, rad
        111   -2.234E-01,  6.124E-01, -7.584E-01         F               0         Blade root 1 Z orientation angle, node 1, rad
        112    9.665E-01, -7.369E-03, -2.567E-01         F               0         Blade root 2 X orientation angle, node 1, rad
        113   -9.052E-02,  9.257E-01, -3.673E-01         F               0         Blade root 2 Y orientation angle, node 1, rad
        114    2.404E-01,  3.782E-01,  8.940E-01         F               0         Blade root 2 Z orientation angle, node 1, rad
        115    9.550E-01,  2.410E-02, -2.957E-01         F               0         Blade root 3 X orientation angle, node 1, rad
        116    2.962E-01, -1.345E-01,  9.456E-01         F               0         Blade root 3 Y orientation angle, node 1, rad
        117   -1.699E-02, -9.906E-01, -1.356E-01         F               0         Blade root 3 Z orientation angle, node 1, rad
        118    3.476E+01                                 F               0         Blade 1 X translation displacement, node 1, m
        119   -2.757E+00                                 F               0         Blade 1 Y translation displacement, node 1, m
        120   -1.019E+01                                 F               0         Blade 1 Z translation displacement, node 1, m
        121    3.432E+01                                 F               0         Blade 1 X translation displacement, node 2, m
        122   -1.939E+00                                 F               0         Blade 1 Y translation displacement, node 2, m
        123   -1.253E+01                                 F               0         Blade 1 Z translation displacement, node 2, m
        124    2.837E+01                                 F               0         Blade 1 X translation displacement, node 3, m
        125    9.177E+00                                 F               0         Blade 1 Y translation displacement, node 3, m
        126   -4.435E+01                                 F               0         Blade 1 Z translation displacement, node 3, m
        127    2.710E+01                                 F               0         Blade 1 X translation displacement, node 4, m
        128    1.155E+01                                 F               0         Blade 1 Y translation displacement, node 4, m
        129   -5.113E+01                                 F               0         Blade 1 Z translation displacement, node 4, m
        130    2.583E+01                                 F               0         Blade 1 X translation displacement, node 5, m
        131    1.391E+01                                 F               0         Blade 1 Y translation displacement, node 5, m
        132   -5.791E+01                                 F               0         Blade 1 Z translation displacement, node 5, m
        133    2.456E+01                                 F               0         Blade 1 X translation displacement, node 6, m
        134    1.628E+01                                 F               0         Blade 1 Y translation displacement, node 6, m
        135   -6.469E+01                                 F               0         Blade 1 Z translation displacement, node 6, m
        136    2.329E+01                                 F               0         Blade 1 X translation displacement, node 7, m
        137    1.865E+01                                 F               0         Blade 1 Y translation displacement, node 7, m
        138   -7.147E+01                                 F               0         Blade 1 Z translation displacement, node 7, m
        139    2.203E+01                                 F               0         Blade 1 X translation displacement, node 8, m
        140    2.102E+01                                 F               0         Blade 1 Y translation displacement, node 8, m
        141   -7.825E+01                                 F               0         Blade 1 Z translation displacement, node 8, m
        142    2.076E+01                                 F               0         Blade 1 X translation displacement, node 9, m
        143    2.339E+01                                 F               0         Blade 1 Y translation displacement, node 9, m
        144   -8.502E+01                                 F               0         Blade 1 Z translation displacement, node 9, m
        145    1.949E+01                                 F               0         Blade 1 X translation displacement, node 10, m
        146    2.576E+01                                 F               0         Blade 1 Y translation displacement, node 10, m
        147   -9.180E+01                                 F               0         Blade 1 Z translation displacement, node 10, m
        148    1.822E+01                                 F               0         Blade 1 X translation displacement, node 11, m
        149    2.812E+01                                 F               0         Blade 1 Y translation displacement, node 11, m
        150   -9.858E+01                                 F               0         Blade 1 Z translation displacement, node 11, m
        151    1.695E+01                                 F               0         Blade 1 X translation displacement, node 12, m
        152    3.049E+01                                 F               0         Blade 1 Y translation displacement, node 12, m
        153   -1.054E+02                                 F               0         Blade 1 Z translation displacement, node 12, m
        154    1.569E+01                                 F               0         Blade 1 X translation displacement, node 13, m
        155    3.286E+01                                 F               0         Blade 1 Y translation displacement, node 13, m
        156   -1.121E+02                                 F               0         Blade 1 Z translation displacement, node 13, m
        157    1.442E+01                                 F               0         Blade 1 X translation displacement, node 14, m
        158    3.523E+01                                 F               0         Blade 1 Y translation displacement, node 14, m
        159   -1.189E+02                                 F               0         Blade 1 Z translation displacement, node 14, m
        160    1.315E+01                                 F               0         Blade 1 X translation displacement, node 15, m
        161    3.760E+01                                 F               0         Blade 1 Y translation displacement, node 15, m
        162   -1.257E+02                                 F               0         Blade 1 Z translation displacement, node 15, m
        163    1.188E+01                                 F               0         Blade 1 X translation displacement, node 16, m
        164    3.997E+01                                 F               0         Blade 1 Y translation displacement, node 16, m
        165   -1.325E+02                                 F               0         Blade 1 Z translation displacement, node 16, m
        166    1.061E+01                                 F               0         Blade 1 X translation displacement, node 17, m
        167    4.234E+01                                 F               0         Blade 1 Y translation displacement, node 17, m
        168   -1.393E+02                                 F               0         Blade 1 Z translation displacement, node 17, m
        169    9.344E+00                                 F               0         Blade 1 X translation displacement, node 18, m
        170    4.470E+01                                 F               0         Blade 1 Y translation displacement, node 18, m
        171   -1.460E+02                                 F               0         Blade 1 Z translation displacement, node 18, m
        172    8.076E+00                                 F               0         Blade 1 X translation displacement, node 19, m
        173    4.707E+01                                 F               0         Blade 1 Y translation displacement, node 19, m
        174   -1.528E+02                                 F               0         Blade 1 Z translation displacement, node 19, m
        175    6.808E+00                                 F               0         Blade 1 X translation displacement, node 20, m
        176    4.944E+01                                 F               0         Blade 1 Y translation displacement, node 20, m
        177   -1.596E+02                                 F               0         Blade 1 Z translation displacement, node 20, m
        178    5.540E+00                                 F               0         Blade 1 X translation displacement, node 21, m
        179    5.181E+01                                 F               0         Blade 1 Y translation displacement, node 21, m
        180   -1.664E+02                                 F               0         Blade 1 Z translation displacement, node 21, m
        181    4.271E+00                                 F               0         Blade 1 X translation displacement, node 22, m
        182    5.418E+01                                 F               0         Blade 1 Y translation displacement, node 22, m
        183   -1.732E+02                                 F               0         Blade 1 Z translation displacement, node 22, m
        184    3.003E+00                                 F               0         Blade 1 X translation displacement, node 23, m
        185    5.655E+01                                 F               0         Blade 1 Y translation displacement, node 23, m
        186   -1.799E+02                                 F               0         Blade 1 Z translation displacement, node 23, m
        187    1.735E+00                                 F               0         Blade 1 X translation displacement, node 24, m
        188    5.891E+01                                 F               0         Blade 1 Y translation displacement, node 24, m
        189   -1.867E+02                                 F               0         Blade 1 Z translation displacement, node 24, m
        190    4.669E-01                                 F               0         Blade 1 X translation displacement, node 25, m
        191    6.128E+01                                 F               0         Blade 1 Y translation displacement, node 25, m
        192   -1.935E+02                                 F               0         Blade 1 Z translation displacement, node 25, m
        193   -8.015E-01                                 F               0         Blade 1 X translation displacement, node 26, m
        194    6.365E+01                                 F               0         Blade 1 Y translation displacement, node 26, m
        195   -2.003E+02                                 F               0         Blade 1 Z translation displacement, node 26, m
        196   -2.070E+00                                 F               0         Blade 1 X translation displacement, node 27, m
        197    6.602E+01                                 F               0         Blade 1 Y translation displacement, node 27, m
        198   -2.071E+02                                 F               0         Blade 1 Z translation displacement, node 27, m
        199   -3.145E+00                                 F               0         Blade 1 X translation displacement, node 28, m
        200    6.803E+01                                 F               0         Blade 1 Y translation displacement, node 28, m
        201   -2.128E+02                                 F               0         Blade 1 Z translation displacement, node 28, m
        202    9.156E-01,  3.987E-01,  5.228E-02         F               0         Blade 1 X orientation angle, node 1, rad
        203    3.344E-01, -6.827E-01, -6.497E-01         F               0         Blade 1 Y orientation angle, node 1, rad
        204   -2.234E-01,  6.124E-01, -7.584E-01         F               0         Blade 1 Z orientation angle, node 1, rad
        205    9.156E-01,  3.987E-01,  5.228E-02         F               0         Blade 1 X orientation angle, node 2, rad
        206    3.344E-01, -6.827E-01, -6.497E-01         F               0         Blade 1 Y orientation angle, node 2, rad
        207   -2.234E-01,  6.124E-01, -7.584E-01         F               0         Blade 1 Z orientation angle, node 2, rad
        208    9.688E-01,  2.255E-01, -1.032E-01         F               0         Blade 1 X orientation angle, node 3, rad
        209    1.078E-01, -7.577E-01, -6.436E-01         F               0         Blade 1 Y orientation angle, node 3, rad
        210   -2.234E-01,  6.124E-01, -7.584E-01         F               0         Blade 1 Z orientation angle, node 3, rad
        211    9.724E-01,  1.934E-01, -1.303E-01         F               0         Blade 1 X orientation angle, node 4, rad
        212    6.684E-02, -7.666E-01, -6.387E-01         F               0         Blade 1 Y orientation angle, node 4, rad
        213   -2.234E-01,  6.124E-01, -7.584E-01         F               0         Blade 1 Z orientation angle, node 4, rad
        214    9.741E-01,  1.678E-01, -1.514E-01         F               0         Blade 1 X orientation angle, node 5, rad
        215    3.457E-02, -7.726E-01, -6.340E-01         F               0         Blade 1 Y orientation angle, node 5, rad
        216   -2.234E-01,  6.124E-01, -7.584E-01         F               0         Blade 1 Z orientation angle, node 5, rad
        217    9.747E-01,  1.473E-01, -1.682E-01         F               0         Blade 1 X orientation angle, node 6, rad
        218    8.715E-03, -7.767E-01, -6.298E-01         F               0         Blade 1 Y orientation angle, node 6, rad
        219   -2.234E-01,  6.124E-01, -7.584E-01         F               0         Blade 1 Z orientation angle, node 6, rad
        220    9.747E-01,  1.303E-01, -1.819E-01         F               0         Blade 1 X orientation angle, node 7, rad
        221   -1.255E-02, -7.798E-01, -6.260E-01         F               0         Blade 1 Y orientation angle, node 7, rad
        222   -2.234E-01,  6.124E-01, -7.584E-01         F               0         Blade 1 Z orientation angle, node 7, rad
        223    9.743E-01,  1.161E-01, -1.932E-01         F               0         Blade 1 X orientation angle, node 8, rad
        224   -3.024E-02, -7.820E-01, -6.225E-01         F               0         Blade 1 Y orientation angle, node 8, rad
        225   -2.234E-01,  6.124E-01, -7.584E-01         F               0         Blade 1 Z orientation angle, node 8, rad
        226    9.737E-01,  1.041E-01, -2.027E-01         F               0         Blade 1 X orientation angle, node 9, rad
        227   -4.520E-02, -7.837E-01, -6.195E-01         F               0         Blade 1 Y orientation angle, node 9, rad
        228   -2.234E-01,  6.124E-01, -7.584E-01         F               0         Blade 1 Z orientation angle, node 9, rad
        229    9.730E-01,  9.370E-02, -2.109E-01         F               0         Blade 1 X orientation angle, node 10, rad
        230   -5.811E-02, -7.850E-01, -6.168E-01         F               0         Blade 1 Y orientation angle, node 10, rad
        231   -2.234E-01,  6.124E-01, -7.584E-01         F               0         Blade 1 Z orientation angle, node 10, rad
        232    9.723E-01,  8.478E-02, -2.179E-01         F               0         Blade 1 X orientation angle, node 11, rad
        233   -6.914E-02, -7.860E-01, -6.143E-01         F               0         Blade 1 Y orientation angle, node 11, rad
        234   -2.234E-01,  6.124E-01, -7.584E-01         F               0         Blade 1 Z orientation angle, node 11, rad
        235    9.715E-01,  7.696E-02, -2.240E-01         F               0         Blade 1 X orientation angle, node 12, rad
        236   -7.881E-02, -7.868E-01, -6.121E-01         F               0         Blade 1 Y orientation angle, node 12, rad
        237   -2.234E-01,  6.124E-01, -7.584E-01         F               0         Blade 1 Z orientation angle, node 12, rad
        238    9.708E-01,  7.009E-02, -2.293E-01         F               0         Blade 1 X orientation angle, node 13, rad
        239   -8.729E-02, -7.875E-01, -6.102E-01         F               0         Blade 1 Y orientation angle, node 13, rad
        240   -2.234E-01,  6.124E-01, -7.584E-01         F               0         Blade 1 Z orientation angle, node 13, rad
        241    9.701E-01,  6.391E-02, -2.341E-01         F               0         Blade 1 X orientation angle, node 14, rad
        242   -9.491E-02, -7.880E-01, -6.083E-01         F               0         Blade 1 Y orientation angle, node 14, rad
        243   -2.234E-01,  6.124E-01, -7.584E-01         F               0         Blade 1 Z orientation angle, node 14, rad
        244    9.694E-01,  5.840E-02, -2.384E-01         F               0         Blade 1 X orientation angle, node 15, rad
        245   -1.017E-01, -7.884E-01, -6.067E-01         F               0         Blade 1 Y orientation angle, node 15, rad
        246   -2.234E-01,  6.124E-01, -7.584E-01         F               0         Blade 1 Z orientation angle, node 15, rad
        247    9.688E-01,  5.345E-02, -2.422E-01         F               0         Blade 1 X orientation angle, node 16, rad
        248   -1.078E-01, -7.888E-01, -6.052E-01         F               0         Blade 1 Y orientation angle, node 16, rad
        249   -2.234E-01,  6.124E-01, -7.584E-01         F               0         Blade 1 Z orientation angle, node 16, rad
        250    9.681E-01,  4.904E-02, -2.456E-01         F               0         Blade 1 X orientation angle, node 17, rad
        251   -1.132E-01, -7.890E-01, -6.038E-01         F               0         Blade 1 Y orientation angle, node 17, rad
        252   -2.234E-01,  6.124E-01, -7.584E-01         F               0         Blade 1 Z orientation angle, node 17, rad
        253    9.675E-01,  4.491E-02, -2.487E-01         F               0         Blade 1 X orientation angle, node 18, rad
        254   -1.182E-01, -7.893E-01, -6.025E-01         F               0         Blade 1 Y orientation angle, node 18, rad
        255   -2.234E-01,  6.124E-01, -7.584E-01         F               0         Blade 1 Z orientation angle, node 18, rad
        256    9.670E-01,  4.119E-02, -2.515E-01         F               0         Blade 1 X orientation angle, node 19, rad
        257   -1.228E-01, -7.895E-01, -6.013E-01         F               0         Blade 1 Y orientation angle, node 19, rad
        258   -2.234E-01,  6.124E-01, -7.584E-01         F               0         Blade 1 Z orientation angle, node 19, rad
        259    9.664E-01,  3.788E-02, -2.541E-01         F               0         Blade 1 X orientation angle, node 20, rad
        260   -1.269E-01, -7.897E-01, -6.003E-01         F               0         Blade 1 Y orientation angle, node 20, rad
        261   -2.234E-01,  6.124E-01, -7.584E-01         F               0         Blade 1 Z orientation angle, node 20, rad
        262    9.659E-01,  3.471E-02, -2.565E-01         F               0         Blade 1 X orientation angle, node 21, rad
        263   -1.307E-01, -7.898E-01, -5.993E-01         F               0         Blade 1 Y orientation angle, node 21, rad
        264   -2.234E-01,  6.124E-01, -7.584E-01         F               0         Blade 1 Z orientation angle, node 21, rad
        265    9.654E-01,  3.182E-02, -2.587E-01         F               0         Blade 1 X orientation angle, node 22, rad
        266   -1.343E-01, -7.899E-01, -5.983E-01         F               0         Blade 1 Y orientation angle, node 22, rad
        267   -2.234E-01,  6.124E-01, -7.584E-01         F               0         Blade 1 Z orientation angle, node 22, rad
        268    9.650E-01,  2.920E-02, -2.606E-01         F               0         Blade 1 X orientation angle, node 23, rad
        269   -1.375E-01, -7.900E-01, -5.975E-01         F               0         Blade 1 Y orientation angle, node 23, rad
        270   -2.234E-01,  6.124E-01, -7.584E-01         F               0         Blade 1 Z orientation angle, node 23, rad
        271    9.646E-01,  2.672E-02, -2.625E-01         F               0         Blade 1 X orientation angle, node 24, rad
        272   -1.405E-01, -7.901E-01, -5.966E-01         F               0         Blade 1 Y orientation angle, node 24, rad
        273   -2.234E-01,  6.124E-01, -7.584E-01         F               0         Blade 1 Z orientation angle, node 24, rad
        274    9.641E-01,  2.437E-02, -2.643E-01         F               0         Blade 1 X orientation angle, node 25, rad
        275   -1.434E-01, -7.902E-01, -5.959E-01         F               0         Blade 1 Y orientation angle, node 25, rad
        276   -2.234E-01,  6.124E-01, -7.584E-01         F               0         Blade 1 Z orientation angle, node 25, rad
        277    9.638E-01,  2.230E-02, -2.659E-01         F               0         Blade 1 X orientation angle, node 26, rad
        278   -1.459E-01, -7.903E-01, -5.952E-01         F               0         Blade 1 Y orientation angle, node 26, rad
        279   -2.234E-01,  6.124E-01, -7.584E-01         F               0         Blade 1 Z orientation angle, node 26, rad
        280    9.634E-01,  2.023E-02, -2.674E-01         F               0         Blade 1 X orientation angle, node 27, rad
        281   -1.484E-01, -7.903E-01, -5.945E-01         F               0         Blade 1 Y orientation angle, node 27, rad
        282   -2.234E-01,  6.124E-01, -7.584E-01         F               0         Blade 1 Z orientation angle, node 27, rad
        283    9.632E-01,  1.913E-02, -2.682E-01         F               0         Blade 1 X orientation angle, node 28, rad
        284   -1.498E-01, -7.903E-01, -5.941E-01         F               0         Blade 1 Y orientation angle, node 28, rad
        285   -2.234E-01,  6.124E-01, -7.584E-01         F               0         Blade 1 Z orientation angle, node 28, rad
        286    8.620E-01                                 F               0         Blade 1 X translation velocity, node 1, m/s
        287    4.427E+00                                 F               0         Blade 1 Y translation velocity, node 1, m/s
        288    3.431E+00                                 F               0         Blade 1 Z translation velocity, node 1, m/s
        289    1.069E+00                                 F               0         Blade 1 X translation velocity, node 2, m/s
        290    5.526E+00                                 F               0         Blade 1 Y translation velocity, node 2, m/s
        291    4.258E+00                                 F               0         Blade 1 Z translation velocity, node 2, m/s
        292    3.880E+00                                 F               0         Blade 1 X translation velocity, node 3, m/s
        293    2.048E+01                                 F               0         Blade 1 Y translation velocity, node 3, m/s
        294    1.550E+01                                 F               0         Blade 1 Z translation velocity, node 3, m/s
        295    4.478E+00                                 F               0         Blade 1 X translation velocity, node 4, m/s
        296    2.366E+01                                 F               0         Blade 1 Y translation velocity, node 4, m/s
        297    1.790E+01                                 F               0         Blade 1 Z translation velocity, node 4, m/s
        298    5.077E+00                                 F               0         Blade 1 X translation velocity, node 5, m/s
        299    2.685E+01                                 F               0         Blade 1 Y translation velocity, node 5, m/s
        300    2.029E+01                                 F               0         Blade 1 Z translation velocity, node 5, m/s
        301    5.676E+00                                 F               0         Blade 1 X translation velocity, node 6, m/s
        302    3.003E+01                                 F               0         Blade 1 Y translation velocity, node 6, m/s
        303    2.269E+01                                 F               0         Blade 1 Z translation velocity, node 6, m/s
        304    6.275E+00                                 F               0         Blade 1 X translation velocity, node 7, m/s
        305    3.322E+01                                 F               0         Blade 1 Y translation velocity, node 7, m/s
        306    2.508E+01                                 F               0         Blade 1 Z translation velocity, node 7, m/s
        307    6.874E+00                                 F               0         Blade 1 X translation velocity, node 8, m/s
