
Linearized model: Predictions were generated on 19-Dec-2023 at 09:27:32 using OpenFAST, compiled as a 64-bit application using single precision at commit v3.5.1
 linked with  NWTC Subroutine Library; ElastoDyn; InflowWind; AeroDyn; ServoDyn; HydroDyn; MoorDyn (v2.0.0, 2023-09-18)

Description from the FAST input file: CCT-9 Campign 4 model. Input files to be run with OpenFAST 3.5.0. GitHub branch from Lu Wang (https://github.com/luwang00/openfast/tree/dev) compiled on March 7, 2023.

Simulation information:
   Simulation time:                  1001.2500 s
   Rotor Speed:                         1.0415 rad/s
   Azimuth:                             0.1453 rad
   Wind Speed:                         12.0000 m/s
   Number of continuous states:         0
   Number of discrete states:           0
   Number of constraint states:         0
   Number of inputs:                 1746
   Number of outputs:                   4
   Jacobians included in this file?    No

Order of inputs:
     Column   Operating Point                     Rotating Frame? Derivative Order Description
   ---------- ---------------                     --------------- ---------------- -----------
          1    1.511E+01                                 F               0         Tower X translation displacement, node 1, m
          2   -8.614E-01                                 F               0         Tower Y translation displacement, node 1, m
          3   -4.380E-01                                 F               0         Tower Z translation displacement, node 1, m
          4    1.702E+01                                 F               0         Tower X translation displacement, node 2, m
          5   -1.304E+00                                 F               0         Tower Y translation displacement, node 2, m
          6   -5.939E-01                                 F               0         Tower Z translation displacement, node 2, m
          7    1.896E+01                                 F               0         Tower X translation displacement, node 3, m
          8   -1.750E+00                                 F               0         Tower Y translation displacement, node 3, m
          9   -7.553E-01                                 F               0         Tower Z translation displacement, node 3, m
         10    2.092E+01                                 F               0         Tower X translation displacement, node 4, m
         11   -2.199E+00                                 F               0         Tower Y translation displacement, node 4, m
         12   -9.210E-01                                 F               0         Tower Z translation displacement, node 4, m
         13    2.291E+01                                 F               0         Tower X translation displacement, node 5, m
         14   -2.650E+00                                 F               0         Tower Y translation displacement, node 5, m
         15   -1.090E+00                                 F               0         Tower Z translation displacement, node 5, m
         16    2.492E+01                                 F               0         Tower X translation displacement, node 6, m
         17   -3.103E+00                                 F               0         Tower Y translation displacement, node 6, m
         18   -1.263E+00                                 F               0         Tower Z translation displacement, node 6, m
         19    2.694E+01                                 F               0         Tower X translation displacement, node 7, m
         20   -3.558E+00                                 F               0         Tower Y translation displacement, node 7, m
         21   -1.437E+00                                 F               0         Tower Z translation displacement, node 7, m
         22    2.897E+01                                 F               0         Tower X translation displacement, node 8, m
         23   -4.013E+00                                 F               0         Tower Y translation displacement, node 8, m
         24   -1.614E+00                                 F               0         Tower Z translation displacement, node 8, m
         25    3.101E+01                                 F               0         Tower X translation displacement, node 9, m
         26   -4.470E+00                                 F               0         Tower Y translation displacement, node 9, m
         27   -1.792E+00                                 F               0         Tower Z translation displacement, node 9, m
         28    3.305E+01                                 F               0         Tower X translation displacement, node 10, m
         29   -4.928E+00                                 F               0         Tower Y translation displacement, node 10, m
         30   -1.971E+00                                 F               0         Tower Z translation displacement, node 10, m
         31    3.510E+01                                 F               0         Tower X translation displacement, node 11, m
         32   -5.386E+00                                 F               0         Tower Y translation displacement, node 11, m
         33   -2.151E+00                                 F               0         Tower Z translation displacement, node 11, m
         34    9.881E-01,  1.637E-02, -1.527E-01         F               0         Tower X orientation angle, node 1, rad
         35   -1.071E-02,  9.992E-01,  3.779E-02         F               0         Tower Y orientation angle, node 1, rad
         36    1.532E-01, -3.571E-02,  9.876E-01         F               0         Tower Z orientation angle, node 1, rad
         37    9.877E-01,  1.646E-02, -1.553E-01         F               0         Tower X orientation angle, node 2, rad
         38   -1.067E-02,  9.992E-01,  3.809E-02         F               0         Tower Y orientation angle, node 2, rad
         39    1.558E-01, -3.597E-02,  9.871E-01         F               0         Tower Z orientation angle, node 2, rad
         40    9.874E-01,  1.655E-02, -1.575E-01         F               0         Tower X orientation angle, node 3, rad
         41   -1.062E-02,  9.992E-01,  3.836E-02         F               0         Tower Y orientation angle, node 3, rad
         42    1.580E-01, -3.621E-02,  9.868E-01         F               0         Tower Z orientation angle, node 3, rad
         43    9.871E-01,  1.662E-02, -1.595E-01         F               0         Tower X orientation angle, node 4, rad
         44   -1.058E-02,  9.992E-01,  3.860E-02         F               0         Tower Y orientation angle, node 4, rad
         45    1.600E-01, -3.641E-02,  9.864E-01         F               0         Tower Z orientation angle, node 4, rad
         46    9.868E-01,  1.668E-02, -1.611E-01         F               0         Tower X orientation angle, node 5, rad
         47   -1.055E-02,  9.992E-01,  3.880E-02         F               0         Tower Y orientation angle, node 5, rad
         48    1.616E-01, -3.659E-02,  9.862E-01         F               0         Tower Z orientation angle, node 5, rad
         49    9.866E-01,  1.673E-02, -1.624E-01         F               0         Tower X orientation angle, node 6, rad
         50   -1.052E-02,  9.992E-01,  3.897E-02         F               0         Tower Y orientation angle, node 6, rad
         51    1.630E-01, -3.674E-02,  9.859E-01         F               0         Tower Z orientation angle, node 6, rad
         52    9.864E-01,  1.676E-02, -1.635E-01         F               0         Tower X orientation angle, node 7, rad
         53   -1.050E-02,  9.992E-01,  3.910E-02         F               0         Tower Y orientation angle, node 7, rad
         54    1.640E-01, -3.686E-02,  9.858E-01         F               0         Tower Z orientation angle, node 7, rad
         55    9.863E-01,  1.679E-02, -1.642E-01         F               0         Tower X orientation angle, node 8, rad
         56   -1.048E-02,  9.992E-01,  3.921E-02         F               0         Tower Y orientation angle, node 8, rad
         57    1.647E-01, -3.695E-02,  9.856E-01         F               0         Tower Z orientation angle, node 8, rad
         58    9.862E-01,  1.681E-02, -1.648E-01         F               0         Tower X orientation angle, node 9, rad
         59   -1.047E-02,  9.992E-01,  3.929E-02         F               0         Tower Y orientation angle, node 9, rad
         60    1.653E-01, -3.702E-02,  9.856E-01         F               0         Tower Z orientation angle, node 9, rad
         61    9.861E-01,  1.683E-02, -1.651E-01         F               0         Tower X orientation angle, node 10, rad
         62   -1.046E-02,  9.992E-01,  3.934E-02         F               0         Tower Y orientation angle, node 10, rad
         63    1.656E-01, -3.706E-02,  9.855E-01         F               0         Tower Z orientation angle, node 10, rad
         64    9.861E-01,  1.683E-02, -1.653E-01         F               0         Tower X orientation angle, node 11, rad
         65   -1.046E-02,  9.992E-01,  3.936E-02         F               0         Tower Y orientation angle, node 11, rad
         66    1.658E-01, -3.709E-02,  9.855E-01         F               0         Tower Z orientation angle, node 11, rad
         67    1.986E-04                                 F               0         Tower X translation velocity, node 1, m/s
         68   -3.606E-03                                 F               0         Tower Y translation velocity, node 1, m/s
         69    2.354E-03                                 F               0         Tower Z translation velocity, node 1, m/s
         70    5.486E-04                                 F               0         Tower X translation velocity, node 2, m/s
         71   -6.570E-03                                 F               0         Tower Y translation velocity, node 2, m/s
         72    2.192E-03                                 F               0         Tower Z translation velocity, node 2, m/s
         73    9.861E-04                                 F               0         Tower X translation velocity, node 3, m/s
         74   -9.607E-03                                 F               0         Tower Y translation velocity, node 3, m/s
         75    2.011E-03                                 F               0         Tower Z translation velocity, node 3, m/s
         76    1.489E-03                                 F               0         Tower X translation velocity, node 4, m/s
         77   -1.270E-02                                 F               0         Tower Y translation velocity, node 4, m/s
         78    1.816E-03                                 F               0         Tower Z translation velocity, node 4, m/s
         79    2.046E-03                                 F               0         Tower X translation velocity, node 5, m/s
         80   -1.585E-02                                 F               0         Tower Y translation velocity, node 5, m/s
         81    1.609E-03                                 F               0         Tower Z translation velocity, node 5, m/s
         82    2.646E-03                                 F               0         Tower X translation velocity, node 6, m/s
         83   -1.904E-02                                 F               0         Tower Y translation velocity, node 6, m/s
         84    1.391E-03                                 F               0         Tower Z translation velocity, node 6, m/s
         85    3.275E-03                                 F               0         Tower X translation velocity, node 7, m/s
         86   -2.226E-02                                 F               0         Tower Y translation velocity, node 7, m/s
         87    1.167E-03                                 F               0         Tower Z translation velocity, node 7, m/s
         88    3.930E-03                                 F               0         Tower X translation velocity, node 8, m/s
         89   -2.552E-02                                 F               0         Tower Y translation velocity, node 8, m/s
         90    9.357E-04                                 F               0         Tower Z translation velocity, node 8, m/s
         91    4.601E-03                                 F               0         Tower X translation velocity, node 9, m/s
         92   -2.880E-02                                 F               0         Tower Y translation velocity, node 9, m/s
         93    7.002E-04                                 F               0         Tower Z translation velocity, node 9, m/s
         94    5.282E-03                                 F               0         Tower X translation velocity, node 10, m/s
         95   -3.209E-02                                 F               0         Tower Y translation velocity, node 10, m/s
         96    4.619E-04                                 F               0         Tower Z translation velocity, node 10, m/s
         97    5.969E-03                                 F               0         Tower X translation velocity, node 11, m/s
         98   -3.540E-02                                 F               0         Tower Y translation velocity, node 11, m/s
         99    2.219E-04                                 F               0         Tower Z translation velocity, node 11, m/s
        100    3.655E+01                                 F               0         Hub X translation displacement, node 1, m
        101   -5.859E+00                                 F               0         Hub Y translation displacement, node 1, m
        102   -4.797E-01                                 F               0         Hub Z translation displacement, node 1, m
        103    9.634E-01,  2.062E-02, -2.674E-01         F               0         Hub X orientation angle, node 1, rad
        104    2.844E-02,  9.836E-01,  1.783E-01         F               0         Hub Y orientation angle, node 1, rad
        105    2.667E-01, -1.794E-01,  9.469E-01         F               0         Hub Z orientation angle, node 1, rad
        106    1.004E+00                                 F               0         Hub X rotation velocity, node 1, rad/s
        107    2.154E-02                                 F               0         Hub Y rotation velocity, node 1, rad/s
        108   -2.787E-01                                 F               0         Hub Z rotation velocity, node 1, rad/s
        109    9.621E-01, -8.570E-03, -2.725E-01         F               0         Blade root 1 X orientation angle, node 1, rad
        110    5.701E-02,  9.837E-01,  1.703E-01         F               0         Blade root 1 Y orientation angle, node 1, rad
        111    2.667E-01, -1.794E-01,  9.469E-01         F               0         Blade root 1 Z orientation angle, node 1, rad
        112    9.565E-01,  3.981E-02, -2.889E-01         F               0         Blade root 2 X orientation angle, node 1, rad
        113    2.452E-01, -6.462E-01,  7.227E-01         F               0         Blade root 2 Y orientation angle, node 1, rad
        114   -1.580E-01, -7.621E-01, -6.279E-01         F               0         Blade root 2 Z orientation angle, node 1, rad
        115    9.702E-01,  3.059E-02, -2.403E-01         F               0         Blade root 3 X orientation angle, node 1, rad
        116   -2.165E-01, -3.357E-01, -9.168E-01         F               0         Blade root 3 Y orientation angle, node 1, rad
        117   -1.087E-01,  9.415E-01, -3.190E-01         F               0         Blade root 3 Z orientation angle, node 1, rad
        118    3.745E+01                                 F               0         Blade 1 X translation displacement, node 1, m
        119   -6.853E+00                                 F               0         Blade 1 Y translation displacement, node 1, m
        120   -7.432E-01                                 F               0         Blade 1 Z translation displacement, node 1, m
        121    3.767E+01                                 F               0         Blade 1 X translation displacement, node 2, m
        122   -7.093E+00                                 F               0         Blade 1 Y translation displacement, node 2, m
        123   -8.067E-01                                 F               0         Blade 1 Z translation displacement, node 2, m
        124    4.061E+01                                 F               0         Blade 1 X translation displacement, node 3, m
        125   -1.035E+01                                 F               0         Blade 1 Y translation displacement, node 3, m
        126   -1.670E+00                                 F               0         Blade 1 Z translation displacement, node 3, m
        127    4.124E+01                                 F               0         Blade 1 X translation displacement, node 4, m
        128   -1.104E+01                                 F               0         Blade 1 Y translation displacement, node 4, m
        129   -1.854E+00                                 F               0         Blade 1 Z translation displacement, node 4, m
        130    4.186E+01                                 F               0         Blade 1 X translation displacement, node 5, m
        131   -1.174E+01                                 F               0         Blade 1 Y translation displacement, node 5, m
        132   -2.038E+00                                 F               0         Blade 1 Z translation displacement, node 5, m
        133    4.249E+01                                 F               0         Blade 1 X translation displacement, node 6, m
        134   -1.243E+01                                 F               0         Blade 1 Y translation displacement, node 6, m
        135   -2.222E+00                                 F               0         Blade 1 Z translation displacement, node 6, m
        136    4.312E+01                                 F               0         Blade 1 X translation displacement, node 7, m
        137   -1.312E+01                                 F               0         Blade 1 Y translation displacement, node 7, m
        138   -2.406E+00                                 F               0         Blade 1 Z translation displacement, node 7, m
        139    4.375E+01                                 F               0         Blade 1 X translation displacement, node 8, m
        140   -1.382E+01                                 F               0         Blade 1 Y translation displacement, node 8, m
        141   -2.590E+00                                 F               0         Blade 1 Z translation displacement, node 8, m
        142    4.437E+01                                 F               0         Blade 1 X translation displacement, node 9, m
        143   -1.451E+01                                 F               0         Blade 1 Y translation displacement, node 9, m
        144   -2.774E+00                                 F               0         Blade 1 Z translation displacement, node 9, m
        145    4.500E+01                                 F               0         Blade 1 X translation displacement, node 10, m
        146   -1.521E+01                                 F               0         Blade 1 Y translation displacement, node 10, m
        147   -2.958E+00                                 F               0         Blade 1 Z translation displacement, node 10, m
        148    4.563E+01                                 F               0         Blade 1 X translation displacement, node 11, m
        149   -1.590E+01                                 F               0         Blade 1 Y translation displacement, node 11, m
        150   -3.142E+00                                 F               0         Blade 1 Z translation displacement, node 11, m
        151    4.625E+01                                 F               0         Blade 1 X translation displacement, node 12, m
        152   -1.659E+01                                 F               0         Blade 1 Y translation displacement, node 12, m
        153   -3.326E+00                                 F               0         Blade 1 Z translation displacement, node 12, m
        154    4.688E+01                                 F               0         Blade 1 X translation displacement, node 13, m
        155   -1.729E+01                                 F               0         Blade 1 Y translation displacement, node 13, m
        156   -3.510E+00                                 F               0         Blade 1 Z translation displacement, node 13, m
        157    4.751E+01                                 F               0         Blade 1 X translation displacement, node 14, m
        158   -1.798E+01                                 F               0         Blade 1 Y translation displacement, node 14, m
        159   -3.694E+00                                 F               0         Blade 1 Z translation displacement, node 14, m
        160    4.813E+01                                 F               0         Blade 1 X translation displacement, node 15, m
        161   -1.868E+01                                 F               0         Blade 1 Y translation displacement, node 15, m
        162   -3.878E+00                                 F               0         Blade 1 Z translation displacement, node 15, m
        163    4.876E+01                                 F               0         Blade 1 X translation displacement, node 16, m
        164   -1.937E+01                                 F               0         Blade 1 Y translation displacement, node 16, m
        165   -4.062E+00                                 F               0         Blade 1 Z translation displacement, node 16, m
        166    4.939E+01                                 F               0         Blade 1 X translation displacement, node 17, m
        167   -2.006E+01                                 F               0         Blade 1 Y translation displacement, node 17, m
        168   -4.246E+00                                 F               0         Blade 1 Z translation displacement, node 17, m
        169    5.002E+01                                 F               0         Blade 1 X translation displacement, node 18, m
        170   -2.076E+01                                 F               0         Blade 1 Y translation displacement, node 18, m
        171   -4.430E+00                                 F               0         Blade 1 Z translation displacement, node 18, m
        172    5.064E+01                                 F               0         Blade 1 X translation displacement, node 19, m
        173   -2.145E+01                                 F               0         Blade 1 Y translation displacement, node 19, m
        174   -4.614E+00                                 F               0         Blade 1 Z translation displacement, node 19, m
        175    5.127E+01                                 F               0         Blade 1 X translation displacement, node 20, m
        176   -2.214E+01                                 F               0         Blade 1 Y translation displacement, node 20, m
        177   -4.798E+00                                 F               0         Blade 1 Z translation displacement, node 20, m
        178    5.190E+01                                 F               0         Blade 1 X translation displacement, node 21, m
        179   -2.284E+01                                 F               0         Blade 1 Y translation displacement, node 21, m
        180   -4.982E+00                                 F               0         Blade 1 Z translation displacement, node 21, m
        181    5.252E+01                                 F               0         Blade 1 X translation displacement, node 22, m
        182   -2.353E+01                                 F               0         Blade 1 Y translation displacement, node 22, m
        183   -5.166E+00                                 F               0         Blade 1 Z translation displacement, node 22, m
        184    5.315E+01                                 F               0         Blade 1 X translation displacement, node 23, m
        185   -2.423E+01                                 F               0         Blade 1 Y translation displacement, node 23, m
        186   -5.350E+00                                 F               0         Blade 1 Z translation displacement, node 23, m
        187    5.378E+01                                 F               0         Blade 1 X translation displacement, node 24, m
        188   -2.492E+01                                 F               0         Blade 1 Y translation displacement, node 24, m
        189   -5.534E+00                                 F               0         Blade 1 Z translation displacement, node 24, m
        190    5.441E+01                                 F               0         Blade 1 X translation displacement, node 25, m
        191   -2.561E+01                                 F               0         Blade 1 Y translation displacement, node 25, m
        192   -5.718E+00                                 F               0         Blade 1 Z translation displacement, node 25, m
        193    5.503E+01                                 F               0         Blade 1 X translation displacement, node 26, m
        194   -2.631E+01                                 F               0         Blade 1 Y translation displacement, node 26, m
        195   -5.902E+00                                 F               0         Blade 1 Z translation displacement, node 26, m
        196    5.566E+01                                 F               0         Blade 1 X translation displacement, node 27, m
        197   -2.700E+01                                 F               0         Blade 1 Y translation displacement, node 27, m
        198   -6.086E+00                                 F               0         Blade 1 Z translation displacement, node 27, m
        199    5.619E+01                                 F               0         Blade 1 X translation displacement, node 28, m
        200   -2.759E+01                                 F               0         Blade 1 Y translation displacement, node 28, m
        201   -6.242E+00                                 F               0         Blade 1 Z translation displacement, node 28, m
        202    8.303E-01, -4.562E-01, -3.202E-01         F               0         Blade 1 X orientation angle, node 1, rad
        203    4.895E-01,  8.716E-01,  2.729E-02         F               0         Blade 1 Y orientation angle, node 1, rad
        204    2.667E-01, -1.794E-01,  9.469E-01         F               0         Blade 1 Z orientation angle, node 1, rad
        205    8.303E-01, -4.562E-01, -3.202E-01         F               0         Blade 1 X orientation angle, node 2, rad
        206    4.895E-01,  8.716E-01,  2.729E-02         F               0         Blade 1 Y orientation angle, node 2, rad
        207    2.667E-01, -1.794E-01,  9.469E-01         F               0         Blade 1 Z orientation angle, node 2, rad
        208    9.226E-01, -2.366E-01, -3.046E-01         F               0         Blade 1 X orientation angle, node 3, rad
        209    2.787E-01,  9.549E-01,  1.024E-01         F               0         Blade 1 Y orientation angle, node 3, rad
        210    2.667E-01, -1.794E-01,  9.469E-01         F               0         Blade 1 Z orientation angle, node 3, rad
        211    9.335E-01, -1.961E-01, -3.000E-01         F               0         Blade 1 X orientation angle, node 4, rad
        212    2.395E-01,  9.640E-01,  1.152E-01         F               0         Blade 1 Y orientation angle, node 4, rad
        213    2.667E-01, -1.794E-01,  9.469E-01         F               0         Blade 1 Z orientation angle, node 4, rad
        214    9.410E-01, -1.640E-01, -2.961E-01         F               0         Blade 1 X orientation angle, node 5, rad
        215    2.085E-01,  9.700E-01,  1.251E-01         F               0         Blade 1 Y orientation angle, node 5, rad
        216    2.667E-01, -1.794E-01,  9.469E-01         F               0         Blade 1 Z orientation angle, node 5, rad
        217    9.462E-01, -1.383E-01, -2.926E-01         F               0         Blade 1 X orientation angle, node 6, rad
        218    1.834E-01,  9.740E-01,  1.329E-01         F               0         Blade 1 Y orientation angle, node 6, rad
        219    2.667E-01, -1.794E-01,  9.469E-01         F               0         Blade 1 Z orientation angle, node 6, rad
        220    9.500E-01, -1.170E-01, -2.897E-01         F               0         Blade 1 X orientation angle, node 7, rad
        221    1.627E-01,  9.768E-01,  1.392E-01         F               0         Blade 1 Y orientation angle, node 7, rad
        222    2.667E-01, -1.794E-01,  9.469E-01         F               0         Blade 1 Z orientation angle, node 7, rad
        223    9.528E-01, -9.923E-02, -2.871E-01         F               0         Blade 1 X orientation angle, node 8, rad
        224    1.455E-01,  9.788E-01,  1.445E-01         F               0         Blade 1 Y orientation angle, node 8, rad
        225    2.667E-01, -1.794E-01,  9.469E-01         F               0         Blade 1 Z orientation angle, node 8, rad
        226    9.549E-01, -8.419E-02, -2.848E-01         F               0         Blade 1 X orientation angle, node 9, rad
        227    1.308E-01,  9.802E-01,  1.488E-01         F               0         Blade 1 Y orientation angle, node 9, rad
        228    2.667E-01, -1.794E-01,  9.469E-01         F               0         Blade 1 Z orientation angle, node 9, rad
        229    9.565E-01, -7.118E-02, -2.828E-01         F               0         Blade 1 X orientation angle, node 10, rad
        230    1.181E-01,  9.812E-01,  1.526E-01         F               0         Blade 1 Y orientation angle, node 10, rad
        231    2.667E-01, -1.794E-01,  9.469E-01         F               0         Blade 1 Z orientation angle, node 10, rad
        232    9.578E-01, -6.004E-02, -2.811E-01         F               0         Blade 1 X orientation angle, node 11, rad
        233    1.073E-01,  9.819E-01,  1.558E-01         F               0         Blade 1 Y orientation angle, node 11, rad
        234    2.667E-01, -1.794E-01,  9.469E-01         F               0         Blade 1 Z orientation angle, node 11, rad
        235    9.588E-01, -5.027E-02, -2.795E-01         F               0         Blade 1 X orientation angle, node 12, rad
        236    9.775E-02,  9.825E-01,  1.586E-01         F               0         Blade 1 Y orientation angle, node 12, rad
        237    2.667E-01, -1.794E-01,  9.469E-01         F               0         Blade 1 Z orientation angle, node 12, rad
        238    9.596E-01, -4.170E-02, -2.781E-01         F               0         Blade 1 X orientation angle, node 13, rad
        239    8.938E-02,  9.829E-01,  1.610E-01         F               0         Blade 1 Y orientation angle, node 13, rad
        240    2.667E-01, -1.794E-01,  9.469E-01         F               0         Blade 1 Z orientation angle, node 13, rad
        241    9.603E-01, -3.398E-02, -2.769E-01         F               0         Blade 1 X orientation angle, node 14, rad
        242    8.184E-02,  9.832E-01,  1.632E-01         F               0         Blade 1 Y orientation angle, node 14, rad
        243    2.667E-01, -1.794E-01,  9.469E-01         F               0         Blade 1 Z orientation angle, node 14, rad
        244    9.609E-01, -2.711E-02, -2.757E-01         F               0         Blade 1 X orientation angle, node 15, rad
        245    7.513E-02,  9.834E-01,  1.651E-01         F               0         Blade 1 Y orientation angle, node 15, rad
        246    2.667E-01, -1.794E-01,  9.469E-01         F               0         Blade 1 Z orientation angle, node 15, rad
        247    9.613E-01, -2.093E-02, -2.747E-01         F               0         Blade 1 X orientation angle, node 16, rad
        248    6.909E-02,  9.836E-01,  1.669E-01         F               0         Blade 1 Y orientation angle, node 16, rad
        249    2.667E-01, -1.794E-01,  9.469E-01         F               0         Blade 1 Z orientation angle, node 16, rad
        250    9.617E-01, -1.544E-02, -2.737E-01         F               0         Blade 1 X orientation angle, node 17, rad
        251    6.372E-02,  9.837E-01,  1.684E-01         F               0         Blade 1 Y orientation angle, node 17, rad
        252    2.667E-01, -1.794E-01,  9.469E-01         F               0         Blade 1 Z orientation angle, node 17, rad
        253    9.620E-01, -1.029E-02, -2.728E-01         F               0         Blade 1 X orientation angle, node 18, rad
        254    5.869E-02,  9.837E-01,  1.698E-01         F               0         Blade 1 Y orientation angle, node 18, rad
        255    2.667E-01, -1.794E-01,  9.469E-01         F               0         Blade 1 Z orientation angle, node 18, rad
        256    9.623E-01, -5.651E-03, -2.720E-01         F               0         Blade 1 X orientation angle, node 19, rad
        257    5.415E-02,  9.838E-01,  1.711E-01         F               0         Blade 1 Y orientation angle, node 19, rad
        258    2.667E-01, -1.794E-01,  9.469E-01         F               0         Blade 1 Z orientation angle, node 19, rad
        259    9.625E-01, -1.530E-03, -2.713E-01         F               0         Blade 1 X orientation angle, node 20, rad
        260    5.012E-02,  9.838E-01,  1.723E-01         F               0         Blade 1 Y orientation angle, node 20, rad
        261    2.667E-01, -1.794E-01,  9.469E-01         F               0         Blade 1 Z orientation angle, node 20, rad
        262    9.627E-01,  2.419E-03, -2.706E-01         F               0         Blade 1 X orientation angle, node 21, rad
        263    4.626E-02,  9.838E-01,  1.733E-01         F               0         Blade 1 Y orientation angle, node 21, rad
        264    2.667E-01, -1.794E-01,  9.469E-01         F               0         Blade 1 Z orientation angle, node 21, rad
        265    9.628E-01,  6.024E-03, -2.700E-01         F               0         Blade 1 X orientation angle, node 22, rad
        266    4.273E-02,  9.838E-01,  1.743E-01         F               0         Blade 1 Y orientation angle, node 22, rad
        267    2.667E-01, -1.794E-01,  9.469E-01         F               0         Blade 1 Z orientation angle, node 22, rad
        268    9.630E-01,  9.287E-03, -2.694E-01         F               0         Blade 1 X orientation angle, node 23, rad
        269    3.954E-02,  9.837E-01,  1.752E-01         F               0         Blade 1 Y orientation angle, node 23, rad
        270    2.667E-01, -1.794E-01,  9.469E-01         F               0         Blade 1 Z orientation angle, node 23, rad
        271    9.631E-01,  1.238E-02, -2.689E-01         F               0         Blade 1 X orientation angle, node 24, rad
        272    3.651E-02,  9.837E-01,  1.761E-01         F               0         Blade 1 Y orientation angle, node 24, rad
        273    2.667E-01, -1.794E-01,  9.469E-01         F               0         Blade 1 Z orientation angle, node 24, rad
        274    9.632E-01,  1.530E-02, -2.683E-01         F               0         Blade 1 X orientation angle, node 25, rad
        275    3.365E-02,  9.837E-01,  1.769E-01         F               0         Blade 1 Y orientation angle, node 25, rad
        276    2.667E-01, -1.794E-01,  9.469E-01         F               0         Blade 1 Z orientation angle, node 25, rad
        277    9.633E-01,  1.787E-02, -2.679E-01         F               0         Blade 1 X orientation angle, node 26, rad
        278    3.113E-02,  9.836E-01,  1.776E-01         F               0         Blade 1 Y orientation angle, node 26, rad
        279    2.667E-01, -1.794E-01,  9.469E-01         F               0         Blade 1 Z orientation angle, node 26, rad
        280    9.634E-01,  2.045E-02, -2.674E-01         F               0         Blade 1 X orientation angle, node 27, rad
        281    2.861E-02,  9.836E-01,  1.783E-01         F               0         Blade 1 Y orientation angle, node 27, rad
        282    2.667E-01, -1.794E-01,  9.469E-01         F               0         Blade 1 Z orientation angle, node 27, rad
        283    9.634E-01,  2.182E-02, -2.672E-01         F               0         Blade 1 X orientation angle, node 28, rad
        284    2.726E-02,  9.835E-01,  1.786E-01         F               0         Blade 1 Y orientation angle, node 28, rad
        285    2.667E-01, -1.794E-01,  9.469E-01         F               0         Blade 1 Z orientation angle, node 28, rad
        286   -1.575E-01                                 F               0         Blade 1 X translation velocity, node 1, m/s
        287   -5.713E+00                                 F               0         Blade 1 Y translation velocity, node 1, m/s
        288   -1.029E+00                                 F               0         Blade 1 Z translation velocity, node 1, m/s
        289   -1.970E-01                                 F               0         Blade 1 X translation velocity, node 2, m/s
        290   -7.080E+00                                 F               0         Blade 1 Y translation velocity, node 2, m/s
        291   -1.277E+00                                 F               0         Blade 1 Z translation velocity, node 2, m/s
        292   -7.343E-01                                 F               0         Blade 1 X translation velocity, node 3, m/s
        293   -2.568E+01                                 F               0         Blade 1 Y translation velocity, node 3, m/s
        294   -4.649E+00                                 F               0         Blade 1 Z translation velocity, node 3, m/s
        295   -8.488E-01                                 F               0         Blade 1 X translation velocity, node 4, m/s
        296   -2.964E+01                                 F               0         Blade 1 Y translation velocity, node 4, m/s
        297   -5.368E+00                                 F               0         Blade 1 Z translation velocity, node 4, m/s
        298   -9.632E-01                                 F               0         Blade 1 X translation velocity, node 5, m/s
        299   -3.361E+01                                 F               0         Blade 1 Y translation velocity, node 5, m/s
        300   -6.086E+00                                 F               0         Blade 1 Z translation velocity, node 5, m/s
        301   -1.078E+00                                 F               0         Blade 1 X translation velocity, node 6, m/s
        302   -3.757E+01                                 F               0         Blade 1 Y translation velocity, node 6, m/s
        303   -6.805E+00                                 F               0         Blade 1 Z translation velocity, node 6, m/s
        304   -1.192E+00                                 F               0         Blade 1 X translation velocity, node 7, m/s
        305   -4.153E+01                                 F               0         Blade 1 Y translation velocity, node 7, m/s
        306   -7.523E+00                                 F               0         Blade 1 Z translation velocity, node 7, m/s
        307   -1.307E+00                                 F               0         Blade 1 X translation velocity, node 8, m/s
