
Linearized model: Predictions were generated on 19-Dec-2023 at 09:27:32 using OpenFAST, compiled as a 64-bit application using single precision at commit v3.5.1
 linked with  NWTC Subroutine Library; ElastoDyn; InflowWind; AeroDyn; ServoDyn; HydroDyn; MoorDyn (v2.0.0, 2023-09-18)

Description from the FAST input file: CCT-9 Campign 4 model. Input files to be run with OpenFAST 3.5.0. GitHub branch from Lu Wang (https://github.com/luwang00/openfast/tree/dev) compiled on March 7, 2023.

Simulation information:
   Simulation time:                  1005.2250 s
   Rotor Speed:                         1.0411 rad/s
   Azimuth:                             4.2841 rad
   Wind Speed:                         12.0000 m/s
   Number of continuous states:         0
   Number of discrete states:           0
   Number of constraint states:         0
   Number of inputs:                 1746
   Number of outputs:                   4
   Jacobians included in this file?    No

Order of inputs:
     Column   Operating Point                     Rotating Frame? Derivative Order Description
   ---------- ---------------                     --------------- ---------------- -----------
          1    1.511E+01                                 F               0         Tower X translation displacement, node 1, m
          2   -9.026E-01                                 F               0         Tower Y translation displacement, node 1, m
          3   -4.213E-01                                 F               0         Tower Z translation displacement, node 1, m
          4    1.702E+01                                 F               0         Tower X translation displacement, node 2, m
          5   -1.374E+00                                 F               0         Tower Y translation displacement, node 2, m
          6   -5.786E-01                                 F               0         Tower Z translation displacement, node 2, m
          7    1.896E+01                                 F               0         Tower X translation displacement, node 3, m
          8   -1.850E+00                                 F               0         Tower Y translation displacement, node 3, m
          9   -7.415E-01                                 F               0         Tower Z translation displacement, node 3, m
         10    2.093E+01                                 F               0         Tower X translation displacement, node 4, m
         11   -2.329E+00                                 F               0         Tower Y translation displacement, node 4, m
         12   -9.086E-01                                 F               0         Tower Z translation displacement, node 4, m
         13    2.292E+01                                 F               0         Tower X translation displacement, node 5, m
         14   -2.810E+00                                 F               0         Tower Y translation displacement, node 5, m
         15   -1.080E+00                                 F               0         Tower Z translation displacement, node 5, m
         16    2.493E+01                                 F               0         Tower X translation displacement, node 6, m
         17   -3.294E+00                                 F               0         Tower Y translation displacement, node 6, m
         18   -1.253E+00                                 F               0         Tower Z translation displacement, node 6, m
         19    2.695E+01                                 F               0         Tower X translation displacement, node 7, m
         20   -3.779E+00                                 F               0         Tower Y translation displacement, node 7, m
         21   -1.430E+00                                 F               0         Tower Z translation displacement, node 7, m
         22    2.899E+01                                 F               0         Tower X translation displacement, node 8, m
         23   -4.267E+00                                 F               0         Tower Y translation displacement, node 8, m
         24   -1.608E+00                                 F               0         Tower Z translation displacement, node 8, m
         25    3.103E+01                                 F               0         Tower X translation displacement, node 9, m
         26   -4.755E+00                                 F               0         Tower Y translation displacement, node 9, m
         27   -1.787E+00                                 F               0         Tower Z translation displacement, node 9, m
         28    3.307E+01                                 F               0         Tower X translation displacement, node 10, m
         29   -5.244E+00                                 F               0         Tower Y translation displacement, node 10, m
         30   -1.968E+00                                 F               0         Tower Z translation displacement, node 10, m
         31    3.512E+01                                 F               0         Tower X translation displacement, node 11, m
         32   -5.734E+00                                 F               0         Tower Y translation displacement, node 11, m
         33   -2.149E+00                                 F               0         Tower Z translation displacement, node 11, m
         34    9.881E-01,  1.548E-02, -1.528E-01         F               0         Tower X orientation angle, node 1, rad
         35   -9.469E-03,  9.992E-01,  3.997E-02         F               0         Tower Y orientation angle, node 1, rad
         36    1.533E-01, -3.805E-02,  9.874E-01         F               0         Tower Z orientation angle, node 1, rad
         37    9.877E-01,  1.558E-02, -1.554E-01         F               0         Tower X orientation angle, node 2, rad
         38   -9.416E-03,  9.991E-01,  4.031E-02         F               0         Tower Y orientation angle, node 2, rad
         39    1.559E-01, -3.835E-02,  9.870E-01         F               0         Tower Z orientation angle, node 2, rad
         40    9.874E-01,  1.567E-02, -1.577E-01         F               0         Tower X orientation angle, node 3, rad
         41   -9.368E-03,  9.991E-01,  4.061E-02         F               0         Tower Y orientation angle, node 3, rad
         42    1.582E-01, -3.862E-02,  9.866E-01         F               0         Tower Z orientation angle, node 3, rad
         43    9.870E-01,  1.574E-02, -1.597E-01         F               0         Tower X orientation angle, node 4, rad
         44   -9.325E-03,  9.991E-01,  4.088E-02         F               0         Tower Y orientation angle, node 4, rad
         45    1.602E-01, -3.886E-02,  9.863E-01         F               0         Tower Z orientation angle, node 4, rad
         46    9.868E-01,  1.581E-02, -1.613E-01         F               0         Tower X orientation angle, node 5, rad
         47   -9.288E-03,  9.991E-01,  4.110E-02         F               0         Tower Y orientation angle, node 5, rad
         48    1.618E-01, -3.906E-02,  9.861E-01         F               0         Tower Z orientation angle, node 5, rad
         49    9.866E-01,  1.586E-02, -1.626E-01         F               0         Tower X orientation angle, node 6, rad
         50   -9.257E-03,  9.991E-01,  4.129E-02         F               0         Tower Y orientation angle, node 6, rad
         51    1.631E-01, -3.923E-02,  9.858E-01         F               0         Tower Z orientation angle, node 6, rad
         52    9.864E-01,  1.590E-02, -1.636E-01         F               0         Tower X orientation angle, node 7, rad
         53   -9.232E-03,  9.991E-01,  4.144E-02         F               0         Tower Y orientation angle, node 7, rad
         54    1.641E-01, -3.937E-02,  9.857E-01         F               0         Tower Z orientation angle, node 7, rad
         55    9.863E-01,  1.593E-02, -1.644E-01         F               0         Tower X orientation angle, node 8, rad
         56   -9.212E-03,  9.991E-01,  4.156E-02         F               0         Tower Y orientation angle, node 8, rad
         57    1.649E-01, -3.948E-02,  9.855E-01         F               0         Tower Z orientation angle, node 8, rad
         58    9.862E-01,  1.595E-02, -1.649E-01         F               0         Tower X orientation angle, node 9, rad
         59   -9.198E-03,  9.991E-01,  4.165E-02         F               0         Tower Y orientation angle, node 9, rad
         60    1.654E-01, -3.955E-02,  9.854E-01         F               0         Tower Z orientation angle, node 9, rad
         61    9.861E-01,  1.597E-02, -1.653E-01         F               0         Tower X orientation angle, node 10, rad
         62   -9.188E-03,  9.991E-01,  4.170E-02         F               0         Tower Y orientation angle, node 10, rad
         63    1.658E-01, -3.961E-02,  9.854E-01         F               0         Tower Z orientation angle, node 10, rad
         64    9.861E-01,  1.597E-02, -1.654E-01         F               0         Tower X orientation angle, node 11, rad
         65   -9.183E-03,  9.991E-01,  4.173E-02         F               0         Tower Y orientation angle, node 11, rad
         66    1.660E-01, -3.963E-02,  9.853E-01         F               0         Tower Z orientation angle, node 11, rad
         67   -3.034E-04                                 F               0         Tower X translation velocity, node 1, m/s
         68   -1.782E-02                                 F               0         Tower Y translation velocity, node 1, m/s
         69    4.390E-03                                 F               0         Tower Z translation velocity, node 1, m/s
         70   -1.266E-04                                 F               0         Tower X translation velocity, node 2, m/s
         71   -2.959E-02                                 F               0         Tower Y translation velocity, node 2, m/s
         72    3.908E-03                                 F               0         Tower Z translation velocity, node 2, m/s
         73    1.282E-04                                 F               0         Tower X translation velocity, node 3, m/s
         74   -4.148E-02                                 F               0         Tower Y translation velocity, node 3, m/s
         75    3.403E-03                                 F               0         Tower Z translation velocity, node 3, m/s
         76    4.390E-04                                 F               0         Tower X translation velocity, node 4, m/s
         77   -5.348E-02                                 F               0         Tower Y translation velocity, node 4, m/s
         78    2.881E-03                                 F               0         Tower Z translation velocity, node 4, m/s
         79    7.926E-04                                 F               0         Tower X translation velocity, node 5, m/s
         80   -6.557E-02                                 F               0         Tower Y translation velocity, node 5, m/s
         81    2.346E-03                                 F               0         Tower Z translation velocity, node 5, m/s
         82    1.177E-03                                 F               0         Tower X translation velocity, node 6, m/s
         83   -7.772E-02                                 F               0         Tower Y translation velocity, node 6, m/s
         84    1.800E-03                                 F               0         Tower Z translation velocity, node 6, m/s
         85    1.582E-03                                 F               0         Tower X translation velocity, node 7, m/s
         86   -8.993E-02                                 F               0         Tower Y translation velocity, node 7, m/s
         87    1.246E-03                                 F               0         Tower Z translation velocity, node 7, m/s
         88    2.000E-03                                 F               0         Tower X translation velocity, node 8, m/s
         89   -1.022E-01                                 F               0         Tower Y translation velocity, node 8, m/s
         90    6.862E-04                                 F               0         Tower Z translation velocity, node 8, m/s
         91    2.425E-03                                 F               0         Tower X translation velocity, node 9, m/s
         92   -1.145E-01                                 F               0         Tower Y translation velocity, node 9, m/s
         93    1.221E-04                                 F               0         Tower Z translation velocity, node 9, m/s
         94    2.853E-03                                 F               0         Tower X translation velocity, node 10, m/s
         95   -1.268E-01                                 F               0         Tower Y translation velocity, node 10, m/s
         96   -4.445E-04                                 F               0         Tower Z translation velocity, node 10, m/s
         97    3.281E-03                                 F               0         Tower X translation velocity, node 11, m/s
         98   -1.391E-01                                 F               0         Tower Y translation velocity, node 11, m/s
         99   -1.012E-03                                 F               0         Tower Z translation velocity, node 11, m/s
        100    3.658E+01                                 F               0         Hub X translation displacement, node 1, m
        101   -6.217E+00                                 F               0         Hub Y translation displacement, node 1, m
        102   -4.772E-01                                 F               0         Hub Z translation displacement, node 1, m
        103    9.633E-01,  2.003E-02, -2.675E-01         F               0         Hub X orientation angle, node 1, rad
        104   -2.401E-01, -3.806E-01, -8.930E-01         F               0         Hub Y orientation angle, node 1, rad
        105   -1.197E-01,  9.245E-01, -3.619E-01         F               0         Hub Z orientation angle, node 1, rad
        106    1.004E+00                                 F               0         Hub X rotation velocity, node 1, rad/s
        107    2.090E-02                                 F               0         Hub Y rotation velocity, node 1, rad/s
        108   -2.788E-01                                 F               0         Hub Z rotation velocity, node 1, rad/s
        109    9.700E-01,  3.131E-02, -2.409E-01         F               0         Blade root 1 X orientation angle, node 1, rad
        110   -2.114E-01, -3.799E-01, -9.006E-01         F               0         Blade root 1 Y orientation angle, node 1, rad
        111   -1.197E-01,  9.245E-01, -3.619E-01         F               0         Blade root 1 Z orientation angle, node 1, rad
        112    9.624E-01, -9.377E-03, -2.714E-01         F               0         Blade root 2 X orientation angle, node 1, rad
        113    4.494E-02,  9.911E-01,  1.251E-01         F               0         Blade root 2 Y orientation angle, node 1, rad
        114    2.678E-01, -1.326E-01,  9.543E-01         F               0         Blade root 2 Z orientation angle, node 1, rad
        115    9.563E-01,  3.813E-02, -2.900E-01         F               0         Blade root 3 X orientation angle, node 1, rad
        116    2.522E-01, -6.095E-01,  7.516E-01         F               0         Blade root 3 Y orientation angle, node 1, rad
        117   -1.481E-01, -7.919E-01, -5.924E-01         F               0         Blade root 3 Z orientation angle, node 1, rad
        118    3.533E+01                                 F               0         Blade 1 X translation displacement, node 1, m
        119   -1.095E+00                                 F               0         Blade 1 Y translation displacement, node 1, m
        120   -7.992E+00                                 F               0         Blade 1 Z translation displacement, node 1, m
        121    3.503E+01                                 F               0         Blade 1 X translation displacement, node 2, m
        122    1.387E-01                                 F               0         Blade 1 Y translation displacement, node 2, m
        123   -9.802E+00                                 F               0         Blade 1 Z translation displacement, node 2, m
        124    3.096E+01                                 F               0         Blade 1 X translation displacement, node 3, m
        125    1.692E+01                                 F               0         Blade 1 Y translation displacement, node 3, m
        126   -3.442E+01                                 F               0         Blade 1 Z translation displacement, node 3, m
        127    3.010E+01                                 F               0         Blade 1 X translation displacement, node 4, m
        128    2.050E+01                                 F               0         Blade 1 Y translation displacement, node 4, m
        129   -3.967E+01                                 F               0         Blade 1 Z translation displacement, node 4, m
        130    2.923E+01                                 F               0         Blade 1 X translation displacement, node 5, m
        131    2.407E+01                                 F               0         Blade 1 Y translation displacement, node 5, m
        132   -4.492E+01                                 F               0         Blade 1 Z translation displacement, node 5, m
        133    2.836E+01                                 F               0         Blade 1 X translation displacement, node 6, m
        134    2.765E+01                                 F               0         Blade 1 Y translation displacement, node 6, m
        135   -5.016E+01                                 F               0         Blade 1 Z translation displacement, node 6, m
        136    2.749E+01                                 F               0         Blade 1 X translation displacement, node 7, m
        137    3.122E+01                                 F               0         Blade 1 Y translation displacement, node 7, m
        138   -5.541E+01                                 F               0         Blade 1 Z translation displacement, node 7, m
        139    2.663E+01                                 F               0         Blade 1 X translation displacement, node 8, m
        140    3.480E+01                                 F               0         Blade 1 Y translation displacement, node 8, m
        141   -6.065E+01                                 F               0         Blade 1 Z translation displacement, node 8, m
        142    2.576E+01                                 F               0         Blade 1 X translation displacement, node 9, m
        143    3.838E+01                                 F               0         Blade 1 Y translation displacement, node 9, m
        144   -6.590E+01                                 F               0         Blade 1 Z translation displacement, node 9, m
        145    2.489E+01                                 F               0         Blade 1 X translation displacement, node 10, m
        146    4.195E+01                                 F               0         Blade 1 Y translation displacement, node 10, m
        147   -7.115E+01                                 F               0         Blade 1 Z translation displacement, node 10, m
        148    2.403E+01                                 F               0         Blade 1 X translation displacement, node 11, m
        149    4.553E+01                                 F               0         Blade 1 Y translation displacement, node 11, m
        150   -7.639E+01                                 F               0         Blade 1 Z translation displacement, node 11, m
        151    2.316E+01                                 F               0         Blade 1 X translation displacement, node 12, m
        152    4.910E+01                                 F               0         Blade 1 Y translation displacement, node 12, m
        153   -8.164E+01                                 F               0         Blade 1 Z translation displacement, node 12, m
        154    2.229E+01                                 F               0         Blade 1 X translation displacement, node 13, m
        155    5.268E+01                                 F               0         Blade 1 Y translation displacement, node 13, m
        156   -8.689E+01                                 F               0         Blade 1 Z translation displacement, node 13, m
        157    2.142E+01                                 F               0         Blade 1 X translation displacement, node 14, m
        158    5.625E+01                                 F               0         Blade 1 Y translation displacement, node 14, m
        159   -9.213E+01                                 F               0         Blade 1 Z translation displacement, node 14, m
        160    2.056E+01                                 F               0         Blade 1 X translation displacement, node 15, m
        161    5.983E+01                                 F               0         Blade 1 Y translation displacement, node 15, m
        162   -9.738E+01                                 F               0         Blade 1 Z translation displacement, node 15, m
        163    1.969E+01                                 F               0         Blade 1 X translation displacement, node 16, m
        164    6.341E+01                                 F               0         Blade 1 Y translation displacement, node 16, m
        165   -1.026E+02                                 F               0         Blade 1 Z translation displacement, node 16, m
        166    1.882E+01                                 F               0         Blade 1 X translation displacement, node 17, m
        167    6.698E+01                                 F               0         Blade 1 Y translation displacement, node 17, m
        168   -1.079E+02                                 F               0         Blade 1 Z translation displacement, node 17, m
        169    1.795E+01                                 F               0         Blade 1 X translation displacement, node 18, m
        170    7.056E+01                                 F               0         Blade 1 Y translation displacement, node 18, m
        171   -1.131E+02                                 F               0         Blade 1 Z translation displacement, node 18, m
        172    1.709E+01                                 F               0         Blade 1 X translation displacement, node 19, m
        173    7.413E+01                                 F               0         Blade 1 Y translation displacement, node 19, m
        174   -1.184E+02                                 F               0         Blade 1 Z translation displacement, node 19, m
        175    1.622E+01                                 F               0         Blade 1 X translation displacement, node 20, m
        176    7.771E+01                                 F               0         Blade 1 Y translation displacement, node 20, m
        177   -1.236E+02                                 F               0         Blade 1 Z translation displacement, node 20, m
        178    1.535E+01                                 F               0         Blade 1 X translation displacement, node 21, m
        179    8.128E+01                                 F               0         Blade 1 Y translation displacement, node 21, m
        180   -1.289E+02                                 F               0         Blade 1 Z translation displacement, node 21, m
        181    1.448E+01                                 F               0         Blade 1 X translation displacement, node 22, m
        182    8.486E+01                                 F               0         Blade 1 Y translation displacement, node 22, m
        183   -1.341E+02                                 F               0         Blade 1 Z translation displacement, node 22, m
        184    1.362E+01                                 F               0         Blade 1 X translation displacement, node 23, m
        185    8.844E+01                                 F               0         Blade 1 Y translation displacement, node 23, m
        186   -1.393E+02                                 F               0         Blade 1 Z translation displacement, node 23, m
        187    1.275E+01                                 F               0         Blade 1 X translation displacement, node 24, m
        188    9.201E+01                                 F               0         Blade 1 Y translation displacement, node 24, m
        189   -1.446E+02                                 F               0         Blade 1 Z translation displacement, node 24, m
        190    1.188E+01                                 F               0         Blade 1 X translation displacement, node 25, m
        191    9.559E+01                                 F               0         Blade 1 Y translation displacement, node 25, m
        192   -1.498E+02                                 F               0         Blade 1 Z translation displacement, node 25, m
        193    1.102E+01                                 F               0         Blade 1 X translation displacement, node 26, m
        194    9.916E+01                                 F               0         Blade 1 Y translation displacement, node 26, m
        195   -1.551E+02                                 F               0         Blade 1 Z translation displacement, node 26, m
        196    1.015E+01                                 F               0         Blade 1 X translation displacement, node 27, m
        197    1.027E+02                                 F               0         Blade 1 Y translation displacement, node 27, m
        198   -1.603E+02                                 F               0         Blade 1 Z translation displacement, node 27, m
        199    9.413E+00                                 F               0         Blade 1 X translation displacement, node 28, m
        200    1.058E+02                                 F               0         Blade 1 Y translation displacement, node 28, m
        201   -1.648E+02                                 F               0         Blade 1 Z translation displacement, node 28, m
        202    9.597E-01,  2.011E-01,  1.963E-01         F               0         Blade 1 X orientation angle, node 1, rad
        203    2.542E-01, -3.238E-01, -9.113E-01         F               0         Blade 1 Y orientation angle, node 1, rad
        204   -1.197E-01,  9.245E-01, -3.619E-01         F               0         Blade 1 Z orientation angle, node 1, rad
        205    9.597E-01,  2.011E-01,  1.963E-01         F               0         Blade 1 X orientation angle, node 2, rad
        206    2.542E-01, -3.238E-01, -9.113E-01         F               0         Blade 1 Y orientation angle, node 2, rad
        207   -1.197E-01,  9.245E-01, -3.619E-01         F               0         Blade 1 Z orientation angle, node 2, rad
        208    9.926E-01,  1.186E-01, -2.533E-02         F               0         Blade 1 X orientation angle, node 3, rad
        209    1.950E-02, -3.622E-01, -9.319E-01         F               0         Blade 1 Y orientation angle, node 3, rad
        210   -1.197E-01,  9.245E-01, -3.619E-01         F               0         Blade 1 Z orientation angle, node 3, rad
        211    9.926E-01,  1.032E-01, -6.466E-02         F               0         Blade 1 X orientation angle, node 4, rad
        212   -2.243E-02, -3.669E-01, -9.300E-01         F               0         Blade 1 Y orientation angle, node 4, rad
        213   -1.197E-01,  9.245E-01, -3.619E-01         F               0         Blade 1 Z orientation angle, node 4, rad
        214    9.913E-01,  9.100E-02, -9.546E-02         F               0         Blade 1 X orientation angle, node 5, rad
        215   -5.532E-02, -3.701E-01, -9.273E-01         F               0         Blade 1 Y orientation angle, node 5, rad
        216   -1.197E-01,  9.245E-01, -3.619E-01         F               0         Blade 1 Z orientation angle, node 5, rad
        217    9.894E-01,  8.115E-02, -1.200E-01         F               0         Blade 1 X orientation angle, node 6, rad
        218   -8.160E-02, -3.724E-01, -9.245E-01         F               0         Blade 1 Y orientation angle, node 6, rad
        219   -1.197E-01,  9.245E-01, -3.619E-01         F               0         Blade 1 Z orientation angle, node 6, rad
        220    9.874E-01,  7.300E-02, -1.402E-01         F               0         Blade 1 X orientation angle, node 7, rad
        221   -1.032E-01, -3.741E-01, -9.216E-01         F               0         Blade 1 Y orientation angle, node 7, rad
        222   -1.197E-01,  9.245E-01, -3.619E-01         F               0         Blade 1 Z orientation angle, node 7, rad
        223    9.854E-01,  6.620E-02, -1.569E-01         F               0         Blade 1 X orientation angle, node 8, rad
        224   -1.211E-01, -3.754E-01, -9.189E-01         F               0         Blade 1 Y orientation angle, node 8, rad
        225   -1.197E-01,  9.245E-01, -3.619E-01         F               0         Blade 1 Z orientation angle, node 8, rad
        226    9.834E-01,  6.043E-02, -1.710E-01         F               0         Blade 1 X orientation angle, node 9, rad
        227   -1.362E-01, -3.763E-01, -9.164E-01         F               0         Blade 1 Y orientation angle, node 9, rad
        228   -1.197E-01,  9.245E-01, -3.619E-01         F               0         Blade 1 Z orientation angle, node 9, rad
        229    9.815E-01,  5.543E-02, -1.831E-01         F               0         Blade 1 X orientation angle, node 10, rad
        230   -1.492E-01, -3.771E-01, -9.141E-01         F               0         Blade 1 Y orientation angle, node 10, rad
        231   -1.197E-01,  9.245E-01, -3.619E-01         F               0         Blade 1 Z orientation angle, node 10, rad
        232    9.798E-01,  5.115E-02, -1.935E-01         F               0         Blade 1 X orientation angle, node 11, rad
        233   -1.603E-01, -3.777E-01, -9.119E-01         F               0         Blade 1 Y orientation angle, node 11, rad
        234   -1.197E-01,  9.245E-01, -3.619E-01         F               0         Blade 1 Z orientation angle, node 11, rad
        235    9.781E-01,  4.739E-02, -2.025E-01         F               0         Blade 1 X orientation angle, node 12, rad
        236   -1.701E-01, -3.782E-01, -9.100E-01         F               0         Blade 1 Y orientation angle, node 12, rad
        237   -1.197E-01,  9.245E-01, -3.619E-01         F               0         Blade 1 Z orientation angle, node 12, rad
        238    9.766E-01,  4.409E-02, -2.105E-01         F               0         Blade 1 X orientation angle, node 13, rad
        239   -1.786E-01, -3.786E-01, -9.082E-01         F               0         Blade 1 Y orientation angle, node 13, rad
        240   -1.197E-01,  9.245E-01, -3.619E-01         F               0         Blade 1 Z orientation angle, node 13, rad
        241    9.752E-01,  4.111E-02, -2.176E-01         F               0         Blade 1 X orientation angle, node 14, rad
        242   -1.863E-01, -3.789E-01, -9.065E-01         F               0         Blade 1 Y orientation angle, node 14, rad
        243   -1.197E-01,  9.245E-01, -3.619E-01         F               0         Blade 1 Z orientation angle, node 14, rad
        244    9.739E-01,  3.847E-02, -2.239E-01         F               0         Blade 1 X orientation angle, node 15, rad
        245   -1.931E-01, -3.792E-01, -9.049E-01         F               0         Blade 1 Y orientation angle, node 15, rad
        246   -1.197E-01,  9.245E-01, -3.619E-01         F               0         Blade 1 Z orientation angle, node 15, rad
        247    9.726E-01,  3.608E-02, -2.296E-01         F               0         Blade 1 X orientation angle, node 16, rad
        248   -1.992E-01, -3.794E-01, -9.035E-01         F               0         Blade 1 Y orientation angle, node 16, rad
        249   -1.197E-01,  9.245E-01, -3.619E-01         F               0         Blade 1 Z orientation angle, node 16, rad
        250    9.715E-01,  3.396E-02, -2.346E-01         F               0         Blade 1 X orientation angle, node 17, rad
        251   -2.046E-01, -3.796E-01, -9.022E-01         F               0         Blade 1 Y orientation angle, node 17, rad
        252   -1.197E-01,  9.245E-01, -3.619E-01         F               0         Blade 1 Z orientation angle, node 17, rad
        253    9.704E-01,  3.198E-02, -2.393E-01         F               0         Blade 1 X orientation angle, node 18, rad
        254   -2.097E-01, -3.798E-01, -9.010E-01         F               0         Blade 1 Y orientation angle, node 18, rad
        255   -1.197E-01,  9.245E-01, -3.619E-01         F               0         Blade 1 Z orientation angle, node 18, rad
        256    9.694E-01,  3.019E-02, -2.436E-01         F               0         Blade 1 X orientation angle, node 19, rad
        257   -2.143E-01, -3.800E-01, -8.998E-01         F               0         Blade 1 Y orientation angle, node 19, rad
        258   -1.197E-01,  9.245E-01, -3.619E-01         F               0         Blade 1 Z orientation angle, node 19, rad
        259    9.685E-01,  2.859E-02, -2.474E-01         F               0         Blade 1 X orientation angle, node 20, rad
        260   -2.183E-01, -3.801E-01, -8.988E-01         F               0         Blade 1 Y orientation angle, node 20, rad
        261   -1.197E-01,  9.245E-01, -3.619E-01         F               0         Blade 1 Z orientation angle, node 20, rad
        262    9.676E-01,  2.707E-02, -2.510E-01         F               0         Blade 1 X orientation angle, node 21, rad
        263   -2.222E-01, -3.802E-01, -8.978E-01         F               0         Blade 1 Y orientation angle, node 21, rad
        264   -1.197E-01,  9.245E-01, -3.619E-01         F               0         Blade 1 Z orientation angle, node 21, rad
        265    9.668E-01,  2.567E-02, -2.543E-01         F               0         Blade 1 X orientation angle, node 22, rad
        266   -2.258E-01, -3.803E-01, -8.969E-01         F               0         Blade 1 Y orientation angle, node 22, rad
        267   -1.197E-01,  9.245E-01, -3.619E-01         F               0         Blade 1 Z orientation angle, node 22, rad
        268    9.660E-01,  2.441E-02, -2.572E-01         F               0         Blade 1 X orientation angle, node 23, rad
        269   -2.290E-01, -3.804E-01, -8.960E-01         F               0         Blade 1 Y orientation angle, node 23, rad
        270   -1.197E-01,  9.245E-01, -3.619E-01         F               0         Blade 1 Z orientation angle, node 23, rad
        271    9.653E-01,  2.322E-02, -2.600E-01         F               0         Blade 1 X orientation angle, node 24, rad
        272   -2.320E-01, -3.804E-01, -8.952E-01         F               0         Blade 1 Y orientation angle, node 24, rad
        273   -1.197E-01,  9.245E-01, -3.619E-01         F               0         Blade 1 Z orientation angle, node 24, rad
        274    9.646E-01,  2.209E-02, -2.627E-01         F               0         Blade 1 X orientation angle, node 25, rad
        275   -2.349E-01, -3.805E-01, -8.945E-01         F               0         Blade 1 Y orientation angle, node 25, rad
        276   -1.197E-01,  9.245E-01, -3.619E-01         F               0         Blade 1 Z orientation angle, node 25, rad
        277    9.640E-01,  2.109E-02, -2.650E-01         F               0         Blade 1 X orientation angle, node 26, rad
        278   -2.374E-01, -3.806E-01, -8.938E-01         F               0         Blade 1 Y orientation angle, node 26, rad
        279   -1.197E-01,  9.245E-01, -3.619E-01         F               0         Blade 1 Z orientation angle, node 26, rad
        280    9.634E-01,  2.010E-02, -2.674E-01         F               0         Blade 1 X orientation angle, node 27, rad
        281   -2.399E-01, -3.806E-01, -8.931E-01         F               0         Blade 1 Y orientation angle, node 27, rad
        282   -1.197E-01,  9.245E-01, -3.619E-01         F               0         Blade 1 Z orientation angle, node 27, rad
        283    9.630E-01,  1.957E-02, -2.686E-01         F               0         Blade 1 X orientation angle, node 28, rad
        284   -2.413E-01, -3.807E-01, -8.927E-01         F               0         Blade 1 Y orientation angle, node 28, rad
        285   -1.197E-01,  9.245E-01, -3.619E-01         F               0         Blade 1 Z orientation angle, node 28, rad
        286    1.390E+00                                 F               0         Blade 1 X translation velocity, node 1, m/s
        287    2.052E+00                                 F               0         Blade 1 Y translation velocity, node 1, m/s
        288    5.154E+00                                 F               0         Blade 1 Z translation velocity, node 1, m/s
        289    1.724E+00                                 F               0         Blade 1 X translation velocity, node 2, m/s
        290    2.582E+00                                 F               0         Blade 1 Y translation velocity, node 2, m/s
        291    6.397E+00                                 F               0         Blade 1 Z translation velocity, node 2, m/s
        292    6.266E+00                                 F               0         Blade 1 X translation velocity, node 3, m/s
        293    9.782E+00                                 F               0         Blade 1 Y translation velocity, node 3, m/s
        294    2.329E+01                                 F               0         Blade 1 Z translation velocity, node 3, m/s
        295    7.234E+00                                 F               0         Blade 1 X translation velocity, node 4, m/s
        296    1.132E+01                                 F               0         Blade 1 Y translation velocity, node 4, m/s
        297    2.689E+01                                 F               0         Blade 1 Z translation velocity, node 4, m/s
        298    8.202E+00                                 F               0         Blade 1 X translation velocity, node 5, m/s
        299    1.285E+01                                 F               0         Blade 1 Y translation velocity, node 5, m/s
        300    3.049E+01                                 F               0         Blade 1 Z translation velocity, node 5, m/s
        301    9.169E+00                                 F               0         Blade 1 X translation velocity, node 6, m/s
        302    1.438E+01                                 F               0         Blade 1 Y translation velocity, node 6, m/s
        303    3.409E+01                                 F               0         Blade 1 Z translation velocity, node 6, m/s
        304    1.014E+01                                 F               0         Blade 1 X translation velocity, node 7, m/s
        305    1.592E+01                                 F               0         Blade 1 Y translation velocity, node 7, m/s
        306    3.769E+01                                 F               0         Blade 1 Z translation velocity, node 7, m/s
        307    1.111E+01                                 F               0         Blade 1 X translation velocity, node 8, m/s
