
Linearized model: Predictions were generated on 19-Dec-2023 at 09:27:32 using OpenFAST, compiled as a 64-bit application using single precision at commit v3.5.1
 linked with  NWTC Subroutine Library; ElastoDyn; InflowWind; AeroDyn; ServoDyn; HydroDyn; MoorDyn (v2.0.0, 2023-09-18)

Description from the FAST input file: CCT-9 Campign 4 model. Input files to be run with OpenFAST 3.5.0. GitHub branch from Lu Wang (https://github.com/luwang00/openfast/tree/dev) compiled on March 7, 2023.

Simulation information:
   Simulation time:                  1001.7500 s
   Rotor Speed:                         1.0414 rad/s
   Azimuth:                             0.6660 rad
   Wind Speed:                         12.0000 m/s
   Number of continuous states:         0
   Number of discrete states:           0
   Number of constraint states:         0
   Number of inputs:                 1746
   Number of outputs:                   4
   Jacobians included in this file?    No

Order of inputs:
     Column   Operating Point                     Rotating Frame? Derivative Order Description
   ---------- ---------------                     --------------- ---------------- -----------
          1    1.511E+01                                 F               0         Tower X translation displacement, node 1, m
          2   -8.634E-01                                 F               0         Tower Y translation displacement, node 1, m
          3   -4.366E-01                                 F               0         Tower Z translation displacement, node 1, m
          4    1.702E+01                                 F               0         Tower X translation displacement, node 2, m
          5   -1.308E+00                                 F               0         Tower Y translation displacement, node 2, m
          6   -5.926E-01                                 F               0         Tower Z translation displacement, node 2, m
          7    1.896E+01                                 F               0         Tower X translation displacement, node 3, m
          8   -1.755E+00                                 F               0         Tower Y translation displacement, node 3, m
          9   -7.541E-01                                 F               0         Tower Z translation displacement, node 3, m
         10    2.092E+01                                 F               0         Tower X translation displacement, node 4, m
         11   -2.206E+00                                 F               0         Tower Y translation displacement, node 4, m
         12   -9.200E-01                                 F               0         Tower Z translation displacement, node 4, m
         13    2.291E+01                                 F               0         Tower X translation displacement, node 5, m
         14   -2.659E+00                                 F               0         Tower Y translation displacement, node 5, m
         15   -1.089E+00                                 F               0         Tower Z translation displacement, node 5, m
         16    2.492E+01                                 F               0         Tower X translation displacement, node 6, m
         17   -3.114E+00                                 F               0         Tower Y translation displacement, node 6, m
         18   -1.262E+00                                 F               0         Tower Z translation displacement, node 6, m
         19    2.694E+01                                 F               0         Tower X translation displacement, node 7, m
         20   -3.570E+00                                 F               0         Tower Y translation displacement, node 7, m
         21   -1.437E+00                                 F               0         Tower Z translation displacement, node 7, m
         22    2.897E+01                                 F               0         Tower X translation displacement, node 8, m
         23   -4.028E+00                                 F               0         Tower Y translation displacement, node 8, m
         24   -1.613E+00                                 F               0         Tower Z translation displacement, node 8, m
         25    3.101E+01                                 F               0         Tower X translation displacement, node 9, m
         26   -4.487E+00                                 F               0         Tower Y translation displacement, node 9, m
         27   -1.792E+00                                 F               0         Tower Z translation displacement, node 9, m
         28    3.306E+01                                 F               0         Tower X translation displacement, node 10, m
         29   -4.946E+00                                 F               0         Tower Y translation displacement, node 10, m
         30   -1.971E+00                                 F               0         Tower Z translation displacement, node 10, m
         31    3.510E+01                                 F               0         Tower X translation displacement, node 11, m
         32   -5.406E+00                                 F               0         Tower Y translation displacement, node 11, m
         33   -2.150E+00                                 F               0         Tower Z translation displacement, node 11, m
         34    9.881E-01,  1.627E-02, -1.527E-01         F               0         Tower X orientation angle, node 1, rad
         35   -1.060E-02,  9.992E-01,  3.791E-02         F               0         Tower Y orientation angle, node 1, rad
         36    1.532E-01, -3.584E-02,  9.875E-01         F               0         Tower Z orientation angle, node 1, rad
         37    9.877E-01,  1.637E-02, -1.553E-01         F               0         Tower X orientation angle, node 2, rad
         38   -1.055E-02,  9.992E-01,  3.821E-02         F               0         Tower Y orientation angle, node 2, rad
         39    1.558E-01, -3.611E-02,  9.871E-01         F               0         Tower Z orientation angle, node 2, rad
         40    9.874E-01,  1.645E-02, -1.576E-01         F               0         Tower X orientation angle, node 3, rad
         41   -1.051E-02,  9.992E-01,  3.849E-02         F               0         Tower Y orientation angle, node 3, rad
         42    1.581E-01, -3.635E-02,  9.868E-01         F               0         Tower Z orientation angle, node 3, rad
         43    9.871E-01,  1.652E-02, -1.595E-01         F               0         Tower X orientation angle, node 4, rad
         44   -1.047E-02,  9.992E-01,  3.873E-02         F               0         Tower Y orientation angle, node 4, rad
         45    1.600E-01, -3.655E-02,  9.864E-01         F               0         Tower Z orientation angle, node 4, rad
         46    9.868E-01,  1.659E-02, -1.611E-01         F               0         Tower X orientation angle, node 5, rad
         47   -1.044E-02,  9.992E-01,  3.893E-02         F               0         Tower Y orientation angle, node 5, rad
         48    1.617E-01, -3.673E-02,  9.862E-01         F               0         Tower Z orientation angle, node 5, rad
         49    9.866E-01,  1.663E-02, -1.625E-01         F               0         Tower X orientation angle, node 6, rad
         50   -1.041E-02,  9.992E-01,  3.910E-02         F               0         Tower Y orientation angle, node 6, rad
         51    1.630E-01, -3.688E-02,  9.859E-01         F               0         Tower Z orientation angle, node 6, rad
         52    9.864E-01,  1.667E-02, -1.635E-01         F               0         Tower X orientation angle, node 7, rad
         53   -1.039E-02,  9.992E-01,  3.924E-02         F               0         Tower Y orientation angle, node 7, rad
         54    1.640E-01, -3.700E-02,  9.858E-01         F               0         Tower Z orientation angle, node 7, rad
         55    9.863E-01,  1.670E-02, -1.642E-01         F               0         Tower X orientation angle, node 8, rad
         56   -1.037E-02,  9.992E-01,  3.934E-02         F               0         Tower Y orientation angle, node 8, rad
         57    1.648E-01, -3.710E-02,  9.856E-01         F               0         Tower Z orientation angle, node 8, rad
         58    9.862E-01,  1.672E-02, -1.648E-01         F               0         Tower X orientation angle, node 9, rad
         59   -1.036E-02,  9.992E-01,  3.942E-02         F               0         Tower Y orientation angle, node 9, rad
         60    1.653E-01, -3.717E-02,  9.855E-01         F               0         Tower Z orientation angle, node 9, rad
         61    9.861E-01,  1.673E-02, -1.651E-01         F               0         Tower X orientation angle, node 10, rad
         62   -1.035E-02,  9.992E-01,  3.947E-02         F               0         Tower Y orientation angle, node 10, rad
         63    1.656E-01, -3.721E-02,  9.855E-01         F               0         Tower Z orientation angle, node 10, rad
         64    9.861E-01,  1.674E-02, -1.653E-01         F               0         Tower X orientation angle, node 11, rad
         65   -1.034E-02,  9.992E-01,  3.950E-02         F               0         Tower Y orientation angle, node 11, rad
         66    1.658E-01, -3.724E-02,  9.855E-01         F               0         Tower Z orientation angle, node 11, rad
         67    5.781E-04                                 F               0         Tower X translation velocity, node 1, m/s
         68   -4.924E-03                                 F               0         Tower Y translation velocity, node 1, m/s
         69    3.046E-03                                 F               0         Tower Z translation velocity, node 1, m/s
         70    1.027E-03                                 F               0         Tower X translation velocity, node 2, m/s
         71   -8.961E-03                                 F               0         Tower Y translation velocity, node 2, m/s
         72    2.829E-03                                 F               0         Tower Z translation velocity, node 2, m/s
         73    1.469E-03                                 F               0         Tower X translation velocity, node 3, m/s
         74   -1.312E-02                                 F               0         Tower Y translation velocity, node 3, m/s
         75    2.606E-03                                 F               0         Tower Z translation velocity, node 3, m/s
         76    1.907E-03                                 F               0         Tower X translation velocity, node 4, m/s
         77   -1.738E-02                                 F               0         Tower Y translation velocity, node 4, m/s
         78    2.378E-03                                 F               0         Tower Z translation velocity, node 4, m/s
         79    2.345E-03                                 F               0         Tower X translation velocity, node 5, m/s
         80   -2.173E-02                                 F               0         Tower Y translation velocity, node 5, m/s
         81    2.145E-03                                 F               0         Tower Z translation velocity, node 5, m/s
         82    2.784E-03                                 F               0         Tower X translation velocity, node 6, m/s
         83   -2.615E-02                                 F               0         Tower Y translation velocity, node 6, m/s
         84    1.907E-03                                 F               0         Tower Z translation velocity, node 6, m/s
         85    3.227E-03                                 F               0         Tower X translation velocity, node 7, m/s
         86   -3.063E-02                                 F               0         Tower Y translation velocity, node 7, m/s
         87    1.666E-03                                 F               0         Tower Z translation velocity, node 7, m/s
         88    3.675E-03                                 F               0         Tower X translation velocity, node 8, m/s
         89   -3.515E-02                                 F               0         Tower Y translation velocity, node 8, m/s
         90    1.421E-03                                 F               0         Tower Z translation velocity, node 8, m/s
         91    4.127E-03                                 F               0         Tower X translation velocity, node 9, m/s
         92   -3.972E-02                                 F               0         Tower Y translation velocity, node 9, m/s
         93    1.173E-03                                 F               0         Tower Z translation velocity, node 9, m/s
         94    4.584E-03                                 F               0         Tower X translation velocity, node 10, m/s
         95   -4.431E-02                                 F               0         Tower Y translation velocity, node 10, m/s
         96    9.233E-04                                 F               0         Tower Z translation velocity, node 10, m/s
         97    5.044E-03                                 F               0         Tower X translation velocity, node 11, m/s
         98   -4.893E-02                                 F               0         Tower Y translation velocity, node 11, m/s
         99    6.717E-04                                 F               0         Tower Z translation velocity, node 11, m/s
        100    3.656E+01                                 F               0         Hub X translation displacement, node 1, m
        101   -5.879E+00                                 F               0         Hub Y translation displacement, node 1, m
        102   -4.792E-01                                 F               0         Hub Z translation displacement, node 1, m
        103    9.634E-01,  2.054E-02, -2.674E-01         F               0         Hub X orientation angle, node 1, rad
        104    1.574E-01,  7.638E-01,  6.259E-01         F               0         Hub Y orientation angle, node 1, rad
        105    2.171E-01, -6.451E-01,  7.326E-01         F               0         Hub Z orientation angle, node 1, rad
        106    1.004E+00                                 F               0         Hub X rotation velocity, node 1, rad/s
        107    2.144E-02                                 F               0         Hub Y rotation velocity, node 1, rad/s
        108   -2.787E-01                                 F               0         Hub Z rotation velocity, node 1, rad/s
        109    9.583E-01, -2.127E-03, -2.859E-01         F               0         Blade root 1 X orientation angle, node 1, rad
        110    1.860E-01,  7.641E-01,  6.177E-01         F               0         Blade root 1 Y orientation angle, node 1, rad
        111    2.171E-01, -6.451E-01,  7.326E-01         F               0         Blade root 1 Z orientation angle, node 1, rad
        112    9.597E-01,  4.844E-02, -2.768E-01         F               0         Blade root 2 X orientation angle, node 1, rad
        113    1.378E-01, -9.395E-01,  3.135E-01         F               0         Blade root 2 Y orientation angle, node 1, rad
        114   -2.449E-01, -3.390E-01, -9.084E-01         F               0         Blade root 2 Z orientation angle, node 1, rad
        115    9.709E-01,  1.529E-02, -2.392E-01         F               0         Blade root 3 X orientation angle, node 1, rad
        116   -2.380E-01,  1.773E-01, -9.549E-01         F               0         Blade root 3 Y orientation angle, node 1, rad
        117    2.779E-02,  9.840E-01,  1.757E-01         F               0         Blade root 3 Z orientation angle, node 1, rad
        118    3.718E+01                                 F               0         Blade 1 X translation displacement, node 1, m
        119   -9.453E+00                                 F               0         Blade 1 Y translation displacement, node 1, m
        120   -1.930E+00                                 F               0         Blade 1 Z translation displacement, node 1, m
        121    3.733E+01                                 F               0         Blade 1 X translation displacement, node 2, m
        122   -1.031E+01                                 F               0         Blade 1 Y translation displacement, node 2, m
        123   -2.280E+00                                 F               0         Blade 1 Z translation displacement, node 2, m
        124    3.937E+01                                 F               0         Blade 1 X translation displacement, node 3, m
        125   -2.202E+01                                 F               0         Blade 1 Y translation displacement, node 3, m
        126   -7.034E+00                                 F               0         Blade 1 Z translation displacement, node 3, m
        127    3.981E+01                                 F               0         Blade 1 X translation displacement, node 4, m
        128   -2.452E+01                                 F               0         Blade 1 Y translation displacement, node 4, m
        129   -8.047E+00                                 F               0         Blade 1 Z translation displacement, node 4, m
        130    4.024E+01                                 F               0         Blade 1 X translation displacement, node 5, m
        131   -2.701E+01                                 F               0         Blade 1 Y translation displacement, node 5, m
        132   -9.060E+00                                 F               0         Blade 1 Z translation displacement, node 5, m
        133    4.068E+01                                 F               0         Blade 1 X translation displacement, node 6, m
        134   -2.951E+01                                 F               0         Blade 1 Y translation displacement, node 6, m
        135   -1.007E+01                                 F               0         Blade 1 Z translation displacement, node 6, m
        136    4.111E+01                                 F               0         Blade 1 X translation displacement, node 7, m
        137   -3.200E+01                                 F               0         Blade 1 Y translation displacement, node 7, m
        138   -1.109E+01                                 F               0         Blade 1 Z translation displacement, node 7, m
        139    4.155E+01                                 F               0         Blade 1 X translation displacement, node 8, m
        140   -3.450E+01                                 F               0         Blade 1 Y translation displacement, node 8, m
        141   -1.210E+01                                 F               0         Blade 1 Z translation displacement, node 8, m
        142    4.199E+01                                 F               0         Blade 1 X translation displacement, node 9, m
        143   -3.699E+01                                 F               0         Blade 1 Y translation displacement, node 9, m
        144   -1.311E+01                                 F               0         Blade 1 Z translation displacement, node 9, m
        145    4.242E+01                                 F               0         Blade 1 X translation displacement, node 10, m
        146   -3.949E+01                                 F               0         Blade 1 Y translation displacement, node 10, m
        147   -1.412E+01                                 F               0         Blade 1 Z translation displacement, node 10, m
        148    4.286E+01                                 F               0         Blade 1 X translation displacement, node 11, m
        149   -4.198E+01                                 F               0         Blade 1 Y translation displacement, node 11, m
        150   -1.514E+01                                 F               0         Blade 1 Z translation displacement, node 11, m
        151    4.329E+01                                 F               0         Blade 1 X translation displacement, node 12, m
        152   -4.448E+01                                 F               0         Blade 1 Y translation displacement, node 12, m
        153   -1.615E+01                                 F               0         Blade 1 Z translation displacement, node 12, m
        154    4.373E+01                                 F               0         Blade 1 X translation displacement, node 13, m
        155   -4.697E+01                                 F               0         Blade 1 Y translation displacement, node 13, m
        156   -1.716E+01                                 F               0         Blade 1 Z translation displacement, node 13, m
        157    4.416E+01                                 F               0         Blade 1 X translation displacement, node 14, m
        158   -4.947E+01                                 F               0         Blade 1 Y translation displacement, node 14, m
        159   -1.818E+01                                 F               0         Blade 1 Z translation displacement, node 14, m
        160    4.460E+01                                 F               0         Blade 1 X translation displacement, node 15, m
        161   -5.196E+01                                 F               0         Blade 1 Y translation displacement, node 15, m
        162   -1.919E+01                                 F               0         Blade 1 Z translation displacement, node 15, m
        163    4.503E+01                                 F               0         Blade 1 X translation displacement, node 16, m
        164   -5.446E+01                                 F               0         Blade 1 Y translation displacement, node 16, m
        165   -2.020E+01                                 F               0         Blade 1 Z translation displacement, node 16, m
        166    4.547E+01                                 F               0         Blade 1 X translation displacement, node 17, m
        167   -5.695E+01                                 F               0         Blade 1 Y translation displacement, node 17, m
        168   -2.121E+01                                 F               0         Blade 1 Z translation displacement, node 17, m
        169    4.590E+01                                 F               0         Blade 1 X translation displacement, node 18, m
        170   -5.945E+01                                 F               0         Blade 1 Y translation displacement, node 18, m
        171   -2.223E+01                                 F               0         Blade 1 Z translation displacement, node 18, m
        172    4.634E+01                                 F               0         Blade 1 X translation displacement, node 19, m
        173   -6.194E+01                                 F               0         Blade 1 Y translation displacement, node 19, m
        174   -2.324E+01                                 F               0         Blade 1 Z translation displacement, node 19, m
        175    4.678E+01                                 F               0         Blade 1 X translation displacement, node 20, m
        176   -6.444E+01                                 F               0         Blade 1 Y translation displacement, node 20, m
        177   -2.425E+01                                 F               0         Blade 1 Z translation displacement, node 20, m
        178    4.721E+01                                 F               0         Blade 1 X translation displacement, node 21, m
        179   -6.693E+01                                 F               0         Blade 1 Y translation displacement, node 21, m
        180   -2.527E+01                                 F               0         Blade 1 Z translation displacement, node 21, m
        181    4.765E+01                                 F               0         Blade 1 X translation displacement, node 22, m
        182   -6.943E+01                                 F               0         Blade 1 Y translation displacement, node 22, m
        183   -2.628E+01                                 F               0         Blade 1 Z translation displacement, node 22, m
        184    4.808E+01                                 F               0         Blade 1 X translation displacement, node 23, m
        185   -7.192E+01                                 F               0         Blade 1 Y translation displacement, node 23, m
        186   -2.729E+01                                 F               0         Blade 1 Z translation displacement, node 23, m
        187    4.852E+01                                 F               0         Blade 1 X translation displacement, node 24, m
        188   -7.442E+01                                 F               0         Blade 1 Y translation displacement, node 24, m
        189   -2.831E+01                                 F               0         Blade 1 Z translation displacement, node 24, m
        190    4.895E+01                                 F               0         Blade 1 X translation displacement, node 25, m
        191   -7.691E+01                                 F               0         Blade 1 Y translation displacement, node 25, m
        192   -2.932E+01                                 F               0         Blade 1 Z translation displacement, node 25, m
        193    4.939E+01                                 F               0         Blade 1 X translation displacement, node 26, m
        194   -7.941E+01                                 F               0         Blade 1 Y translation displacement, node 26, m
        195   -3.033E+01                                 F               0         Blade 1 Z translation displacement, node 26, m
        196    4.982E+01                                 F               0         Blade 1 X translation displacement, node 27, m
        197   -8.190E+01                                 F               0         Blade 1 Y translation displacement, node 27, m
        198   -3.134E+01                                 F               0         Blade 1 Z translation displacement, node 27, m
        199    5.019E+01                                 F               0         Blade 1 X translation displacement, node 28, m
        200   -8.402E+01                                 F               0         Blade 1 Y translation displacement, node 28, m
        201   -3.220E+01                                 F               0         Blade 1 Z translation displacement, node 28, m
        202    7.680E-01, -3.503E-01, -5.361E-01         F               0         Blade 1 X orientation angle, node 1, rad
        203    6.025E-01,  6.791E-01,  4.194E-01         F               0         Blade 1 Y orientation angle, node 1, rad
        204    2.171E-01, -6.451E-01,  7.326E-01         F               0         Blade 1 Z orientation angle, node 1, rad
        205    7.680E-01, -3.503E-01, -5.361E-01         F               0         Blade 1 X orientation angle, node 2, rad
        206    6.025E-01,  6.791E-01,  4.194E-01         F               0         Blade 1 Y orientation angle, node 2, rad
        207    2.171E-01, -6.451E-01,  7.326E-01         F               0         Blade 1 Z orientation angle, node 2, rad
        208    8.889E-01, -1.794E-01, -4.214E-01         F               0         Blade 1 X orientation angle, node 3, rad
        209    4.033E-01,  7.428E-01,  5.345E-01         F               0         Blade 1 Y orientation angle, node 3, rad
        210    2.171E-01, -6.451E-01,  7.326E-01         F               0         Blade 1 Z orientation angle, node 3, rad
        211    9.052E-01, -1.479E-01, -3.985E-01         F               0         Blade 1 X orientation angle, node 4, rad
        212    3.654E-01,  7.497E-01,  5.518E-01         F               0         Blade 1 Y orientation angle, node 4, rad
        213    2.171E-01, -6.451E-01,  7.326E-01         F               0         Blade 1 Z orientation angle, node 4, rad
        214    9.168E-01, -1.230E-01, -3.799E-01         F               0         Blade 1 X orientation angle, node 5, rad
        215    3.352E-01,  7.542E-01,  5.647E-01         F               0         Blade 1 Y orientation angle, node 5, rad
        216    2.171E-01, -6.451E-01,  7.326E-01         F               0         Blade 1 Z orientation angle, node 5, rad
        217    9.254E-01, -1.029E-01, -3.648E-01         F               0         Blade 1 X orientation angle, node 6, rad
        218    3.107E-01,  7.572E-01,  5.746E-01         F               0         Blade 1 Y orientation angle, node 6, rad
        219    2.171E-01, -6.451E-01,  7.326E-01         F               0         Blade 1 Z orientation angle, node 6, rad
        220    9.319E-01, -8.636E-02, -3.522E-01         F               0         Blade 1 X orientation angle, node 7, rad
        221    2.905E-01,  7.592E-01,  5.824E-01         F               0         Blade 1 Y orientation angle, node 7, rad
        222    2.171E-01, -6.451E-01,  7.326E-01         F               0         Blade 1 Z orientation angle, node 7, rad
        223    9.370E-01, -7.257E-02, -3.416E-01         F               0         Blade 1 X orientation angle, node 8, rad
        224    2.735E-01,  7.607E-01,  5.887E-01         F               0         Blade 1 Y orientation angle, node 8, rad
        225    2.171E-01, -6.451E-01,  7.326E-01         F               0         Blade 1 Z orientation angle, node 8, rad
        226    9.411E-01, -6.088E-02, -3.325E-01         F               0         Blade 1 X orientation angle, node 9, rad
        227    2.591E-01,  7.617E-01,  5.939E-01         F               0         Blade 1 Y orientation angle, node 9, rad
        228    2.171E-01, -6.451E-01,  7.326E-01         F               0         Blade 1 Z orientation angle, node 9, rad
        229    9.445E-01, -5.077E-02, -3.246E-01         F               0         Blade 1 X orientation angle, node 10, rad
        230    2.466E-01,  7.624E-01,  5.982E-01         F               0         Blade 1 Y orientation angle, node 10, rad
        231    2.171E-01, -6.451E-01,  7.326E-01         F               0         Blade 1 Z orientation angle, node 10, rad
        232    9.472E-01, -4.211E-02, -3.178E-01         F               0         Blade 1 X orientation angle, node 11, rad
        233    2.359E-01,  7.630E-01,  6.019E-01         F               0         Blade 1 Y orientation angle, node 11, rad
        234    2.171E-01, -6.451E-01,  7.326E-01         F               0         Blade 1 Z orientation angle, node 11, rad
        235    9.495E-01, -3.452E-02, -3.118E-01         F               0         Blade 1 X orientation angle, node 12, rad
        236    2.264E-01,  7.633E-01,  6.050E-01         F               0         Blade 1 Y orientation angle, node 12, rad
        237    2.171E-01, -6.451E-01,  7.326E-01         F               0         Blade 1 Z orientation angle, node 12, rad
        238    9.515E-01, -2.786E-02, -3.065E-01         F               0         Blade 1 X orientation angle, node 13, rad
        239    2.181E-01,  7.636E-01,  6.077E-01         F               0         Blade 1 Y orientation angle, node 13, rad
        240    2.171E-01, -6.451E-01,  7.326E-01         F               0         Blade 1 Z orientation angle, node 13, rad
        241    9.531E-01, -2.186E-02, -3.017E-01         F               0         Blade 1 X orientation angle, node 14, rad
        242    2.106E-01,  7.638E-01,  6.101E-01         F               0         Blade 1 Y orientation angle, node 14, rad
        243    2.171E-01, -6.451E-01,  7.326E-01         F               0         Blade 1 Z orientation angle, node 14, rad
        244    9.546E-01, -1.653E-02, -2.974E-01         F               0         Blade 1 X orientation angle, node 15, rad
        245    2.040E-01,  7.639E-01,  6.122E-01         F               0         Blade 1 Y orientation angle, node 15, rad
        246    2.171E-01, -6.451E-01,  7.326E-01         F               0         Blade 1 Z orientation angle, node 15, rad
        247    9.559E-01, -1.173E-02, -2.936E-01         F               0         Blade 1 X orientation angle, node 16, rad
        248    1.980E-01,  7.640E-01,  6.141E-01         F               0         Blade 1 Y orientation angle, node 16, rad
        249    2.171E-01, -6.451E-01,  7.326E-01         F               0         Blade 1 Z orientation angle, node 16, rad
        250    9.569E-01, -7.461E-03, -2.902E-01         F               0         Blade 1 X orientation angle, node 17, rad
        251    1.926E-01,  7.641E-01,  6.157E-01         F               0         Blade 1 Y orientation angle, node 17, rad
        252    2.171E-01, -6.451E-01,  7.326E-01         F               0         Blade 1 Z orientation angle, node 17, rad
        253    9.579E-01, -3.461E-03, -2.869E-01         F               0         Blade 1 X orientation angle, node 18, rad
        254    1.876E-01,  7.641E-01,  6.172E-01         F               0         Blade 1 Y orientation angle, node 18, rad
        255    2.171E-01, -6.451E-01,  7.326E-01         F               0         Blade 1 Z orientation angle, node 18, rad
        256    9.588E-01,  1.402E-04, -2.840E-01         F               0         Blade 1 X orientation angle, node 19, rad
        257    1.831E-01,  7.641E-01,  6.185E-01         F               0         Blade 1 Y orientation angle, node 19, rad
        258    2.171E-01, -6.451E-01,  7.326E-01         F               0         Blade 1 Z orientation angle, node 19, rad
        259    9.596E-01,  3.341E-03, -2.814E-01         F               0         Blade 1 X orientation angle, node 20, rad
        260    1.791E-01,  7.641E-01,  6.197E-01         F               0         Blade 1 Y orientation angle, node 20, rad
        261    2.171E-01, -6.451E-01,  7.326E-01         F               0         Blade 1 Z orientation angle, node 20, rad
        262    9.603E-01,  6.408E-03, -2.789E-01         F               0         Blade 1 X orientation angle, node 21, rad
        263    1.752E-01,  7.641E-01,  6.208E-01         F               0         Blade 1 Y orientation angle, node 21, rad
        264    2.171E-01, -6.451E-01,  7.326E-01         F               0         Blade 1 Z orientation angle, node 21, rad
        265    9.609E-01,  9.209E-03, -2.767E-01         F               0         Blade 1 X orientation angle, node 22, rad
        266    1.717E-01,  7.641E-01,  6.219E-01         F               0         Blade 1 Y orientation angle, node 22, rad
        267    2.171E-01, -6.451E-01,  7.326E-01         F               0         Blade 1 Z orientation angle, node 22, rad
        268    9.615E-01,  1.174E-02, -2.746E-01         F               0         Blade 1 X orientation angle, node 23, rad
        269    1.685E-01,  7.640E-01,  6.228E-01         F               0         Blade 1 Y orientation angle, node 23, rad
        270    2.171E-01, -6.451E-01,  7.326E-01         F               0         Blade 1 Z orientation angle, node 23, rad
        271    9.620E-01,  1.414E-02, -2.726E-01         F               0         Blade 1 X orientation angle, node 24, rad
        272    1.655E-01,  7.640E-01,  6.236E-01         F               0         Blade 1 Y orientation angle, node 24, rad
        273    2.171E-01, -6.451E-01,  7.326E-01         F               0         Blade 1 Z orientation angle, node 24, rad
        274    9.625E-01,  1.641E-02, -2.708E-01         F               0         Blade 1 X orientation angle, node 25, rad
        275    1.627E-01,  7.639E-01,  6.244E-01         F               0         Blade 1 Y orientation angle, node 25, rad
        276    2.171E-01, -6.451E-01,  7.326E-01         F               0         Blade 1 Z orientation angle, node 25, rad
        277    9.629E-01,  1.841E-02, -2.691E-01         F               0         Blade 1 X orientation angle, node 26, rad
        278    1.601E-01,  7.639E-01,  6.252E-01         F               0         Blade 1 Y orientation angle, node 26, rad
        279    2.171E-01, -6.451E-01,  7.326E-01         F               0         Blade 1 Z orientation angle, node 26, rad
        280    9.633E-01,  2.041E-02, -2.675E-01         F               0         Blade 1 X orientation angle, node 27, rad
        281    1.576E-01,  7.638E-01,  6.259E-01         F               0         Blade 1 Y orientation angle, node 27, rad
        282    2.171E-01, -6.451E-01,  7.326E-01         F               0         Blade 1 Z orientation angle, node 27, rad
        283    9.636E-01,  2.148E-02, -2.666E-01         F               0         Blade 1 X orientation angle, node 28, rad
        284    1.563E-01,  7.638E-01,  6.262E-01         F               0         Blade 1 Y orientation angle, node 28, rad
        285    2.171E-01, -6.451E-01,  7.326E-01         F               0         Blade 1 Z orientation angle, node 28, rad
        286   -9.036E-01                                 F               0         Blade 1 X translation velocity, node 1, m/s
        287   -4.458E+00                                 F               0         Blade 1 Y translation velocity, node 1, m/s
        288   -3.611E+00                                 F               0         Blade 1 Z translation velocity, node 1, m/s
        289   -1.123E+00                                 F               0         Blade 1 X translation velocity, node 2, m/s
        290   -5.521E+00                                 F               0         Blade 1 Y translation velocity, node 2, m/s
        291   -4.482E+00                                 F               0         Blade 1 Z translation velocity, node 2, m/s
        292   -4.101E+00                                 F               0         Blade 1 X translation velocity, node 3, m/s
        293   -1.997E+01                                 F               0         Blade 1 Y translation velocity, node 3, m/s
        294   -1.632E+01                                 F               0         Blade 1 Z translation velocity, node 3, m/s
        295   -4.735E+00                                 F               0         Blade 1 X translation velocity, node 4, m/s
        296   -2.304E+01                                 F               0         Blade 1 Y translation velocity, node 4, m/s
        297   -1.884E+01                                 F               0         Blade 1 Z translation velocity, node 4, m/s
        298   -5.370E+00                                 F               0         Blade 1 X translation velocity, node 5, m/s
        299   -2.612E+01                                 F               0         Blade 1 Y translation velocity, node 5, m/s
        300   -2.136E+01                                 F               0         Blade 1 Z translation velocity, node 5, m/s
        301   -6.005E+00                                 F               0         Blade 1 X translation velocity, node 6, m/s
        302   -2.920E+01                                 F               0         Blade 1 Y translation velocity, node 6, m/s
        303   -2.388E+01                                 F               0         Blade 1 Z translation velocity, node 6, m/s
        304   -6.639E+00                                 F               0         Blade 1 X translation velocity, node 7, m/s
        305   -3.228E+01                                 F               0         Blade 1 Y translation velocity, node 7, m/s
        306   -2.640E+01                                 F               0         Blade 1 Z translation velocity, node 7, m/s
        307   -7.274E+00                                 F               0         Blade 1 X translation velocity, node 8, m/s
