
Linearized model: Predictions were generated on 19-Dec-2023 at 09:27:32 using OpenFAST, compiled as a 64-bit application using single precision at commit v3.5.1
 linked with  NWTC Subroutine Library; ElastoDyn; InflowWind; AeroDyn; ServoDyn; HydroDyn; MoorDyn (v2.0.0, 2023-09-18)

Description from the FAST input file: CCT-9 Campign 4 model. Input files to be run with OpenFAST 3.5.0. GitHub branch from Lu Wang (https://github.com/luwang00/openfast/tree/dev) compiled on March 7, 2023.

Simulation information:
   Simulation time:                  1000.7500 s
   Rotor Speed:                         1.0417 rad/s
   Azimuth:                             5.9076 rad
   Wind Speed:                         12.0000 m/s
   Number of continuous states:         0
   Number of discrete states:           0
   Number of constraint states:         0
   Number of inputs:                 1746
   Number of outputs:                   4
   Jacobians included in this file?    No

Order of inputs:
     Column   Operating Point                     Rotating Frame? Derivative Order Description
   ---------- ---------------                     --------------- ---------------- -----------
          1    1.511E+01                                 F               0         Tower X translation displacement, node 1, m
          2   -8.600E-01                                 F               0         Tower Y translation displacement, node 1, m
          3   -4.389E-01                                 F               0         Tower Z translation displacement, node 1, m
          4    1.702E+01                                 F               0         Tower X translation displacement, node 2, m
          5   -1.301E+00                                 F               0         Tower Y translation displacement, node 2, m
          6   -5.948E-01                                 F               0         Tower Z translation displacement, node 2, m
          7    1.896E+01                                 F               0         Tower X translation displacement, node 3, m
          8   -1.746E+00                                 F               0         Tower Y translation displacement, node 3, m
          9   -7.561E-01                                 F               0         Tower Z translation displacement, node 3, m
         10    2.092E+01                                 F               0         Tower X translation displacement, node 4, m
         11   -2.194E+00                                 F               0         Tower Y translation displacement, node 4, m
         12   -9.218E-01                                 F               0         Tower Z translation displacement, node 4, m
         13    2.291E+01                                 F               0         Tower X translation displacement, node 5, m
         14   -2.644E+00                                 F               0         Tower Y translation displacement, node 5, m
         15   -1.091E+00                                 F               0         Tower Z translation displacement, node 5, m
         16    2.492E+01                                 F               0         Tower X translation displacement, node 6, m
         17   -3.096E+00                                 F               0         Tower Y translation displacement, node 6, m
         18   -1.263E+00                                 F               0         Tower Z translation displacement, node 6, m
         19    2.694E+01                                 F               0         Tower X translation displacement, node 7, m
         20   -3.549E+00                                 F               0         Tower Y translation displacement, node 7, m
         21   -1.438E+00                                 F               0         Tower Z translation displacement, node 7, m
         22    2.897E+01                                 F               0         Tower X translation displacement, node 8, m
         23   -4.004E+00                                 F               0         Tower Y translation displacement, node 8, m
         24   -1.614E+00                                 F               0         Tower Z translation displacement, node 8, m
         25    3.101E+01                                 F               0         Tower X translation displacement, node 9, m
         26   -4.460E+00                                 F               0         Tower Y translation displacement, node 9, m
         27   -1.792E+00                                 F               0         Tower Z translation displacement, node 9, m
         28    3.305E+01                                 F               0         Tower X translation displacement, node 10, m
         29   -4.916E+00                                 F               0         Tower Y translation displacement, node 10, m
         30   -1.971E+00                                 F               0         Tower Z translation displacement, node 10, m
         31    3.510E+01                                 F               0         Tower X translation displacement, node 11, m
         32   -5.373E+00                                 F               0         Tower Y translation displacement, node 11, m
         33   -2.151E+00                                 F               0         Tower Z translation displacement, node 11, m
         34    9.881E-01,  1.645E-02, -1.527E-01         F               0         Tower X orientation angle, node 1, rad
         35   -1.081E-02,  9.992E-01,  3.772E-02         F               0         Tower Y orientation angle, node 1, rad
         36    1.532E-01, -3.562E-02,  9.876E-01         F               0         Tower Z orientation angle, node 1, rad
         37    9.877E-01,  1.655E-02, -1.552E-01         F               0         Tower X orientation angle, node 2, rad
         38   -1.076E-02,  9.992E-01,  3.802E-02         F               0         Tower Y orientation angle, node 2, rad
         39    1.557E-01, -3.588E-02,  9.871E-01         F               0         Tower Z orientation angle, node 2, rad
         40    9.874E-01,  1.663E-02, -1.575E-01         F               0         Tower X orientation angle, node 3, rad
         41   -1.072E-02,  9.992E-01,  3.828E-02         F               0         Tower Y orientation angle, node 3, rad
         42    1.580E-01, -3.611E-02,  9.868E-01         F               0         Tower Z orientation angle, node 3, rad
         43    9.871E-01,  1.670E-02, -1.595E-01         F               0         Tower X orientation angle, node 4, rad
         44   -1.068E-02,  9.992E-01,  3.852E-02         F               0         Tower Y orientation angle, node 4, rad
         45    1.600E-01, -3.632E-02,  9.865E-01         F               0         Tower Z orientation angle, node 4, rad
         46    9.868E-01,  1.676E-02, -1.611E-01         F               0         Tower X orientation angle, node 5, rad
         47   -1.065E-02,  9.992E-01,  3.872E-02         F               0         Tower Y orientation angle, node 5, rad
         48    1.616E-01, -3.649E-02,  9.862E-01         F               0         Tower Z orientation angle, node 5, rad
         49    9.866E-01,  1.681E-02, -1.624E-01         F               0         Tower X orientation angle, node 6, rad
         50   -1.062E-02,  9.992E-01,  3.889E-02         F               0         Tower Y orientation angle, node 6, rad
         51    1.629E-01, -3.664E-02,  9.860E-01         F               0         Tower Z orientation angle, node 6, rad
         52    9.864E-01,  1.685E-02, -1.634E-01         F               0         Tower X orientation angle, node 7, rad
         53   -1.060E-02,  9.992E-01,  3.902E-02         F               0         Tower Y orientation angle, node 7, rad
         54    1.640E-01, -3.676E-02,  9.858E-01         F               0         Tower Z orientation angle, node 7, rad
         55    9.863E-01,  1.688E-02, -1.642E-01         F               0         Tower X orientation angle, node 8, rad
         56   -1.058E-02,  9.992E-01,  3.912E-02         F               0         Tower Y orientation angle, node 8, rad
         57    1.647E-01, -3.685E-02,  9.857E-01         F               0         Tower Z orientation angle, node 8, rad
         58    9.862E-01,  1.690E-02, -1.647E-01         F               0         Tower X orientation angle, node 9, rad
         59   -1.057E-02,  9.992E-01,  3.920E-02         F               0         Tower Y orientation angle, node 9, rad
         60    1.653E-01, -3.692E-02,  9.856E-01         F               0         Tower Z orientation angle, node 9, rad
         61    9.861E-01,  1.691E-02, -1.651E-01         F               0         Tower X orientation angle, node 10, rad
         62   -1.056E-02,  9.992E-01,  3.925E-02         F               0         Tower Y orientation angle, node 10, rad
         63    1.656E-01, -3.696E-02,  9.855E-01         F               0         Tower Z orientation angle, node 10, rad
         64    9.861E-01,  1.692E-02, -1.652E-01         F               0         Tower X orientation angle, node 11, rad
         65   -1.056E-02,  9.992E-01,  3.928E-02         F               0         Tower Y orientation angle, node 11, rad
         66    1.658E-01, -3.699E-02,  9.855E-01         F               0         Tower Z orientation angle, node 11, rad
         67    3.589E-04                                 F               0         Tower X translation velocity, node 1, m/s
         68   -2.462E-03                                 F               0         Tower Y translation velocity, node 1, m/s
         69    1.592E-03                                 F               0         Tower Z translation velocity, node 1, m/s
         70    7.278E-04                                 F               0         Tower X translation velocity, node 2, m/s
         71   -4.394E-03                                 F               0         Tower Y translation velocity, node 2, m/s
         72    1.464E-03                                 F               0         Tower Z translation velocity, node 2, m/s
         73    1.138E-03                                 F               0         Tower X translation velocity, node 3, m/s
         74   -6.342E-03                                 F               0         Tower Y translation velocity, node 3, m/s
         75    1.328E-03                                 F               0         Tower Z translation velocity, node 3, m/s
         76    1.584E-03                                 F               0         Tower X translation velocity, node 4, m/s
         77   -8.302E-03                                 F               0         Tower Y translation velocity, node 4, m/s
         78    1.184E-03                                 F               0         Tower Z translation velocity, node 4, m/s
         79    2.063E-03                                 F               0         Tower X translation velocity, node 5, m/s
         80   -1.027E-02                                 F               0         Tower Y translation velocity, node 5, m/s
         81    1.033E-03                                 F               0         Tower Z translation velocity, node 5, m/s
         82    2.573E-03                                 F               0         Tower X translation velocity, node 6, m/s
         83   -1.226E-02                                 F               0         Tower Y translation velocity, node 6, m/s
         84    8.756E-04                                 F               0         Tower Z translation velocity, node 6, m/s
         85    3.108E-03                                 F               0         Tower X translation velocity, node 7, m/s
         86   -1.425E-02                                 F               0         Tower Y translation velocity, node 7, m/s
         87    7.127E-04                                 F               0         Tower Z translation velocity, node 7, m/s
         88    3.668E-03                                 F               0         Tower X translation velocity, node 8, m/s
         89   -1.625E-02                                 F               0         Tower Y translation velocity, node 8, m/s
         90    5.448E-04                                 F               0         Tower Z translation velocity, node 8, m/s
         91    4.247E-03                                 F               0         Tower X translation velocity, node 9, m/s
         92   -1.825E-02                                 F               0         Tower Y translation velocity, node 9, m/s
         93    3.727E-04                                 F               0         Tower Z translation velocity, node 9, m/s
         94    4.842E-03                                 F               0         Tower X translation velocity, node 10, m/s
         95   -2.026E-02                                 F               0         Tower Y translation velocity, node 10, m/s
         96    1.975E-04                                 F               0         Tower Z translation velocity, node 10, m/s
         97    5.446E-03                                 F               0         Tower X translation velocity, node 11, m/s
         98   -2.228E-02                                 F               0         Tower Y translation velocity, node 11, m/s
         99    2.035E-05                                 F               0         Tower Z translation velocity, node 11, m/s
        100    3.655E+01                                 F               0         Hub X translation displacement, node 1, m
        101   -5.846E+00                                 F               0         Hub Y translation displacement, node 1, m
        102   -4.800E-01                                 F               0         Hub Z translation displacement, node 1, m
        103    9.634E-01,  2.069E-02, -2.673E-01         F               0         Hub X orientation angle, node 1, rad
        104   -1.081E-01,  9.424E-01, -3.166E-01         F               0         Hub Y orientation angle, node 1, rad
        105    2.454E-01,  3.339E-01,  9.101E-01         F               0         Hub Z orientation angle, node 1, rad
        106    1.004E+00                                 F               0         Hub X rotation velocity, node 1, rad/s
        107    2.161E-02                                 F               0         Hub Y rotation velocity, node 1, rad/s
        108   -2.787E-01                                 F               0         Hub Z rotation velocity, node 1, rad/s
        109    9.662E-01, -7.276E-03, -2.578E-01         F               0         Blade root 1 X orientation angle, node 1, rad
        110   -7.947E-02,  9.426E-01, -3.244E-01         F               0         Blade root 1 Y orientation angle, node 1, rad
        111    2.454E-01,  3.339E-01,  9.101E-01         F               0         Blade root 1 Z orientation angle, node 1, rad
        112    9.550E-01,  2.608E-02, -2.953E-01         F               0         Blade root 2 X orientation angle, node 1, rad
        113    2.950E-01, -1.813E-01,  9.381E-01         F               0         Blade root 2 Y orientation angle, node 1, rad
        114   -2.908E-02, -9.831E-01, -1.809E-01         F               0         Blade root 2 Z orientation angle, node 1, rad
        115    9.677E-01,  4.324E-02, -2.485E-01         F               0         Blade root 3 X orientation angle, node 1, rad
        116   -1.298E-01, -7.594E-01, -6.375E-01         F               0         Blade root 3 Y orientation angle, node 1, rad
        117   -2.163E-01,  6.492E-01, -7.292E-01         F               0         Blade root 3 Z orientation angle, node 1, rad
        118    3.733E+01                                 F               0         Blade 1 X translation displacement, node 1, m
        119   -3.996E+00                                 F               0         Blade 1 Y translation displacement, node 1, m
        120   -9.477E-01                                 F               0         Blade 1 Z translation displacement, node 1, m
        121    3.752E+01                                 F               0         Blade 1 X translation displacement, node 2, m
        122   -3.550E+00                                 F               0         Blade 1 Y translation displacement, node 2, m
        123   -1.060E+00                                 F               0         Blade 1 Z translation displacement, node 2, m
        124    4.007E+01                                 F               0         Blade 1 X translation displacement, node 3, m
        125    2.511E+00                                 F               0         Blade 1 Y translation displacement, node 3, m
        126   -2.593E+00                                 F               0         Blade 1 Z translation displacement, node 3, m
        127    4.062E+01                                 F               0         Blade 1 X translation displacement, node 4, m
        128    3.802E+00                                 F               0         Blade 1 Y translation displacement, node 4, m
        129   -2.919E+00                                 F               0         Blade 1 Z translation displacement, node 4, m
        130    4.116E+01                                 F               0         Blade 1 X translation displacement, node 5, m
        131    5.094E+00                                 F               0         Blade 1 Y translation displacement, node 5, m
        132   -3.246E+00                                 F               0         Blade 1 Z translation displacement, node 5, m
        133    4.171E+01                                 F               0         Blade 1 X translation displacement, node 6, m
        134    6.385E+00                                 F               0         Blade 1 Y translation displacement, node 6, m
        135   -3.572E+00                                 F               0         Blade 1 Z translation displacement, node 6, m
        136    4.225E+01                                 F               0         Blade 1 X translation displacement, node 7, m
        137    7.676E+00                                 F               0         Blade 1 Y translation displacement, node 7, m
        138   -3.899E+00                                 F               0         Blade 1 Z translation displacement, node 7, m
        139    4.280E+01                                 F               0         Blade 1 X translation displacement, node 8, m
        140    8.968E+00                                 F               0         Blade 1 Y translation displacement, node 8, m
        141   -4.225E+00                                 F               0         Blade 1 Z translation displacement, node 8, m
        142    4.334E+01                                 F               0         Blade 1 X translation displacement, node 9, m
        143    1.026E+01                                 F               0         Blade 1 Y translation displacement, node 9, m
        144   -4.552E+00                                 F               0         Blade 1 Z translation displacement, node 9, m
        145    4.389E+01                                 F               0         Blade 1 X translation displacement, node 10, m
        146    1.155E+01                                 F               0         Blade 1 Y translation displacement, node 10, m
        147   -4.878E+00                                 F               0         Blade 1 Z translation displacement, node 10, m
        148    4.443E+01                                 F               0         Blade 1 X translation displacement, node 11, m
        149    1.284E+01                                 F               0         Blade 1 Y translation displacement, node 11, m
        150   -5.205E+00                                 F               0         Blade 1 Z translation displacement, node 11, m
        151    4.498E+01                                 F               0         Blade 1 X translation displacement, node 12, m
        152    1.413E+01                                 F               0         Blade 1 Y translation displacement, node 12, m
        153   -5.531E+00                                 F               0         Blade 1 Z translation displacement, node 12, m
        154    4.552E+01                                 F               0         Blade 1 X translation displacement, node 13, m
        155    1.543E+01                                 F               0         Blade 1 Y translation displacement, node 13, m
        156   -5.858E+00                                 F               0         Blade 1 Z translation displacement, node 13, m
        157    4.607E+01                                 F               0         Blade 1 X translation displacement, node 14, m
        158    1.672E+01                                 F               0         Blade 1 Y translation displacement, node 14, m
        159   -6.184E+00                                 F               0         Blade 1 Z translation displacement, node 14, m
        160    4.661E+01                                 F               0         Blade 1 X translation displacement, node 15, m
        161    1.801E+01                                 F               0         Blade 1 Y translation displacement, node 15, m
        162   -6.511E+00                                 F               0         Blade 1 Z translation displacement, node 15, m
        163    4.716E+01                                 F               0         Blade 1 X translation displacement, node 16, m
        164    1.930E+01                                 F               0         Blade 1 Y translation displacement, node 16, m
        165   -6.837E+00                                 F               0         Blade 1 Z translation displacement, node 16, m
        166    4.770E+01                                 F               0         Blade 1 X translation displacement, node 17, m
        167    2.059E+01                                 F               0         Blade 1 Y translation displacement, node 17, m
        168   -7.164E+00                                 F               0         Blade 1 Z translation displacement, node 17, m
        169    4.825E+01                                 F               0         Blade 1 X translation displacement, node 18, m
        170    2.188E+01                                 F               0         Blade 1 Y translation displacement, node 18, m
        171   -7.490E+00                                 F               0         Blade 1 Z translation displacement, node 18, m
        172    4.879E+01                                 F               0         Blade 1 X translation displacement, node 19, m
        173    2.317E+01                                 F               0         Blade 1 Y translation displacement, node 19, m
        174   -7.817E+00                                 F               0         Blade 1 Z translation displacement, node 19, m
        175    4.934E+01                                 F               0         Blade 1 X translation displacement, node 20, m
        176    2.447E+01                                 F               0         Blade 1 Y translation displacement, node 20, m
        177   -8.143E+00                                 F               0         Blade 1 Z translation displacement, node 20, m
        178    4.988E+01                                 F               0         Blade 1 X translation displacement, node 21, m
        179    2.576E+01                                 F               0         Blade 1 Y translation displacement, node 21, m
        180   -8.470E+00                                 F               0         Blade 1 Z translation displacement, node 21, m
        181    5.043E+01                                 F               0         Blade 1 X translation displacement, node 22, m
        182    2.705E+01                                 F               0         Blade 1 Y translation displacement, node 22, m
        183   -8.796E+00                                 F               0         Blade 1 Z translation displacement, node 22, m
        184    5.097E+01                                 F               0         Blade 1 X translation displacement, node 23, m
        185    2.834E+01                                 F               0         Blade 1 Y translation displacement, node 23, m
        186   -9.123E+00                                 F               0         Blade 1 Z translation displacement, node 23, m
        187    5.152E+01                                 F               0         Blade 1 X translation displacement, node 24, m
        188    2.963E+01                                 F               0         Blade 1 Y translation displacement, node 24, m
        189   -9.449E+00                                 F               0         Blade 1 Z translation displacement, node 24, m
        190    5.206E+01                                 F               0         Blade 1 X translation displacement, node 25, m
        191    3.092E+01                                 F               0         Blade 1 Y translation displacement, node 25, m
        192   -9.776E+00                                 F               0         Blade 1 Z translation displacement, node 25, m
        193    5.260E+01                                 F               0         Blade 1 X translation displacement, node 26, m
        194    3.221E+01                                 F               0         Blade 1 Y translation displacement, node 26, m
        195   -1.010E+01                                 F               0         Blade 1 Z translation displacement, node 26, m
        196    5.315E+01                                 F               0         Blade 1 X translation displacement, node 27, m
        197    3.351E+01                                 F               0         Blade 1 Y translation displacement, node 27, m
        198   -1.043E+01                                 F               0         Blade 1 Z translation displacement, node 27, m
        199    5.361E+01                                 F               0         Blade 1 X translation displacement, node 28, m
        200    3.460E+01                                 F               0         Blade 1 Y translation displacement, node 28, m
        201   -1.071E+01                                 F               0         Blade 1 Z translation displacement, node 28, m
        202    8.961E-01, -4.363E-01, -8.154E-02         F               0         Blade 1 X orientation angle, node 1, rad
        203    3.699E-01,  8.356E-01, -4.063E-01         F               0         Blade 1 Y orientation angle, node 1, rad
        204    2.454E-01,  3.339E-01,  9.101E-01         F               0         Blade 1 Z orientation angle, node 1, rad
        205    8.961E-01, -4.363E-01, -8.154E-02         F               0         Blade 1 X orientation angle, node 2, rad
        206    3.699E-01,  8.356E-01, -4.063E-01         F               0         Blade 1 Y orientation angle, node 2, rad
        207    2.454E-01,  3.339E-01,  9.101E-01         F               0         Blade 1 Z orientation angle, node 2, rad
        208    9.582E-01, -2.258E-01, -1.755E-01         F               0         Blade 1 X orientation angle, node 3, rad
        209    1.469E-01,  9.152E-01, -3.754E-01         F               0         Blade 1 Y orientation angle, node 3, rad
        210    2.454E-01,  3.339E-01,  9.101E-01         F               0         Blade 1 Z orientation angle, node 3, rad
        211    9.636E-01, -1.870E-01, -1.912E-01         F               0         Blade 1 X orientation angle, node 4, rad
        212    1.063E-01,  9.239E-01, -3.676E-01         F               0         Blade 1 Y orientation angle, node 4, rad
        213    2.454E-01,  3.339E-01,  9.101E-01         F               0         Blade 1 Z orientation angle, node 4, rad
        214    9.666E-01, -1.563E-01, -2.033E-01         F               0         Blade 1 X orientation angle, node 5, rad
        215    7.434E-02,  9.296E-01, -3.611E-01         F               0         Blade 1 Y orientation angle, node 5, rad
        216    2.454E-01,  3.339E-01,  9.101E-01         F               0         Blade 1 Z orientation angle, node 5, rad
        217    9.682E-01, -1.315E-01, -2.128E-01         F               0         Blade 1 X orientation angle, node 6, rad
        218    4.867E-02,  9.334E-01, -3.556E-01         F               0         Blade 1 Y orientation angle, node 6, rad
        219    2.454E-01,  3.339E-01,  9.101E-01         F               0         Blade 1 Z orientation angle, node 6, rad
        220    9.690E-01, -1.112E-01, -2.205E-01         F               0         Blade 1 X orientation angle, node 7, rad
        221    2.754E-02,  9.360E-01, -3.508E-01         F               0         Blade 1 Y orientation angle, node 7, rad
        222    2.454E-01,  3.339E-01,  9.101E-01         F               0         Blade 1 Z orientation angle, node 7, rad
        223    9.694E-01, -9.415E-02, -2.268E-01         F               0         Blade 1 X orientation angle, node 8, rad
        224    9.945E-03,  9.379E-01, -3.468E-01         F               0         Blade 1 Y orientation angle, node 8, rad
        225    2.454E-01,  3.339E-01,  9.101E-01         F               0         Blade 1 Z orientation angle, node 8, rad
        226    9.694E-01, -7.973E-02, -2.321E-01         F               0         Blade 1 X orientation angle, node 9, rad
        227   -4.944E-03,  9.392E-01, -3.433E-01         F               0         Blade 1 Y orientation angle, node 9, rad
        228    2.454E-01,  3.339E-01,  9.101E-01         F               0         Blade 1 Z orientation angle, node 9, rad
        229    9.693E-01, -6.727E-02, -2.367E-01         F               0         Blade 1 X orientation angle, node 10, rad
        230   -1.780E-02,  9.402E-01, -3.401E-01         F               0         Blade 1 Y orientation angle, node 10, rad
        231    2.454E-01,  3.339E-01,  9.101E-01         F               0         Blade 1 Z orientation angle, node 10, rad
        232    9.690E-01, -5.660E-02, -2.405E-01         F               0         Blade 1 X orientation angle, node 11, rad
        233   -2.880E-02,  9.409E-01, -3.374E-01         F               0         Blade 1 Y orientation angle, node 11, rad
        234    2.454E-01,  3.339E-01,  9.101E-01         F               0         Blade 1 Z orientation angle, node 11, rad
        235    9.687E-01, -4.723E-02, -2.439E-01         F               0         Blade 1 X orientation angle, node 12, rad
        236   -3.844E-02,  9.414E-01, -3.350E-01         F               0         Blade 1 Y orientation angle, node 12, rad
        237    2.454E-01,  3.339E-01,  9.101E-01         F               0         Blade 1 Z orientation angle, node 12, rad
        238    9.683E-01, -3.902E-02, -2.468E-01         F               0         Blade 1 X orientation angle, node 13, rad
        239   -4.689E-02,  9.418E-01, -3.329E-01         F               0         Blade 1 Y orientation angle, node 13, rad
        240    2.454E-01,  3.339E-01,  9.101E-01         F               0         Blade 1 Z orientation angle, node 13, rad
        241    9.679E-01, -3.162E-02, -2.494E-01         F               0         Blade 1 X orientation angle, node 14, rad
        242   -5.449E-02,  9.421E-01, -3.309E-01         F               0         Blade 1 Y orientation angle, node 14, rad
        243    2.454E-01,  3.339E-01,  9.101E-01         F               0         Blade 1 Z orientation angle, node 14, rad
        244    9.675E-01, -2.504E-02, -2.517E-01         F               0         Blade 1 X orientation angle, node 15, rad
        245   -6.125E-02,  9.423E-01, -3.292E-01         F               0         Blade 1 Y orientation angle, node 15, rad
        246    2.454E-01,  3.339E-01,  9.101E-01         F               0         Blade 1 Z orientation angle, node 15, rad
        247    9.671E-01, -1.912E-02, -2.537E-01         F               0         Blade 1 X orientation angle, node 16, rad
        248   -6.732E-02,  9.424E-01, -3.276E-01         F               0         Blade 1 Y orientation angle, node 16, rad
        249    2.454E-01,  3.339E-01,  9.101E-01         F               0         Blade 1 Z orientation angle, node 16, rad
        250    9.667E-01, -1.386E-02, -2.556E-01         F               0         Blade 1 X orientation angle, node 17, rad
        251   -7.272E-02,  9.425E-01, -3.262E-01         F               0         Blade 1 Y orientation angle, node 17, rad
        252    2.454E-01,  3.339E-01,  9.101E-01         F               0         Blade 1 Z orientation angle, node 17, rad
        253    9.663E-01, -8.921E-03, -2.573E-01         F               0         Blade 1 X orientation angle, node 18, rad
        254   -7.778E-02,  9.426E-01, -3.248E-01         F               0         Blade 1 Y orientation angle, node 18, rad
        255    2.454E-01,  3.339E-01,  9.101E-01         F               0         Blade 1 Z orientation angle, node 18, rad
        256    9.659E-01, -4.479E-03, -2.588E-01         F               0         Blade 1 X orientation angle, node 19, rad
        257   -8.234E-02,  9.426E-01, -3.236E-01         F               0         Blade 1 Y orientation angle, node 19, rad
        258    2.454E-01,  3.339E-01,  9.101E-01         F               0         Blade 1 Z orientation angle, node 19, rad
        259    9.656E-01, -5.308E-04, -2.602E-01         F               0         Blade 1 X orientation angle, node 20, rad
        260   -8.638E-02,  9.426E-01, -3.225E-01         F               0         Blade 1 Y orientation angle, node 20, rad
        261    2.454E-01,  3.339E-01,  9.101E-01         F               0         Blade 1 Z orientation angle, node 20, rad
        262    9.652E-01,  3.253E-03, -2.614E-01         F               0         Blade 1 X orientation angle, node 21, rad
        263   -9.026E-02,  9.426E-01, -3.215E-01         F               0         Blade 1 Y orientation angle, node 21, rad
        264    2.454E-01,  3.339E-01,  9.101E-01         F               0         Blade 1 Z orientation angle, node 21, rad
        265    9.649E-01,  6.708E-03, -2.626E-01         F               0         Blade 1 X orientation angle, node 22, rad
        266   -9.379E-02,  9.426E-01, -3.205E-01         F               0         Blade 1 Y orientation angle, node 22, rad
        267    2.454E-01,  3.339E-01,  9.101E-01         F               0         Blade 1 Z orientation angle, node 22, rad
        268    9.646E-01,  9.834E-03, -2.637E-01         F               0         Blade 1 X orientation angle, node 23, rad
        269   -9.699E-02,  9.426E-01, -3.197E-01         F               0         Blade 1 Y orientation angle, node 23, rad
        270    2.454E-01,  3.339E-01,  9.101E-01         F               0         Blade 1 Z orientation angle, node 23, rad
        271    9.643E-01,  1.279E-02, -2.647E-01         F               0         Blade 1 X orientation angle, node 24, rad
        272   -1.000E-01,  9.425E-01, -3.188E-01         F               0         Blade 1 Y orientation angle, node 24, rad
        273    2.454E-01,  3.339E-01,  9.101E-01         F               0         Blade 1 Z orientation angle, node 24, rad
        274    9.639E-01,  1.559E-02, -2.656E-01         F               0         Blade 1 X orientation angle, node 25, rad
        275   -1.029E-01,  9.425E-01, -3.180E-01         F               0         Blade 1 Y orientation angle, node 25, rad
        276    2.454E-01,  3.339E-01,  9.101E-01         F               0         Blade 1 Z orientation angle, node 25, rad
        277    9.637E-01,  1.806E-02, -2.665E-01         F               0         Blade 1 X orientation angle, node 26, rad
        278   -1.054E-01,  9.424E-01, -3.173E-01         F               0         Blade 1 Y orientation angle, node 26, rad
        279    2.454E-01,  3.339E-01,  9.101E-01         F               0         Blade 1 Z orientation angle, node 26, rad
        280    9.634E-01,  2.053E-02, -2.673E-01         F               0         Blade 1 X orientation angle, node 27, rad
        281   -1.079E-01,  9.424E-01, -3.166E-01         F               0         Blade 1 Y orientation angle, node 27, rad
        282    2.454E-01,  3.339E-01,  9.101E-01         F               0         Blade 1 Z orientation angle, node 27, rad
        283    9.632E-01,  2.184E-02, -2.677E-01         F               0         Blade 1 X orientation angle, node 28, rad
        284   -1.093E-01,  9.424E-01, -3.163E-01         F               0         Blade 1 Y orientation angle, node 28, rad
        285    2.454E-01,  3.339E-01,  9.101E-01         F               0         Blade 1 Z orientation angle, node 28, rad
        286    6.304E-01                                 F               0         Blade 1 X translation velocity, node 1, m/s
        287   -5.462E+00                                 F               0         Blade 1 Y translation velocity, node 1, m/s
        288    1.828E+00                                 F               0         Blade 1 Z translation velocity, node 1, m/s
        289    7.808E-01                                 F               0         Blade 1 X translation velocity, node 2, m/s
        290   -6.772E+00                                 F               0         Blade 1 Y translation velocity, node 2, m/s
        291    2.268E+00                                 F               0         Blade 1 Z translation velocity, node 2, m/s
        292    2.827E+00                                 F               0         Blade 1 X translation velocity, node 3, m/s
        293   -2.460E+01                                 F               0         Blade 1 Y translation velocity, node 3, m/s
        294    8.256E+00                                 F               0         Blade 1 Z translation velocity, node 3, m/s
        295    3.263E+00                                 F               0         Blade 1 X translation velocity, node 4, m/s
        296   -2.839E+01                                 F               0         Blade 1 Y translation velocity, node 4, m/s
        297    9.531E+00                                 F               0         Blade 1 Z translation velocity, node 4, m/s
        298    3.699E+00                                 F               0         Blade 1 X translation velocity, node 5, m/s
        299   -3.219E+01                                 F               0         Blade 1 Y translation velocity, node 5, m/s
        300    1.081E+01                                 F               0         Blade 1 Z translation velocity, node 5, m/s
        301    4.135E+00                                 F               0         Blade 1 X translation velocity, node 6, m/s
        302   -3.599E+01                                 F               0         Blade 1 Y translation velocity, node 6, m/s
        303    1.208E+01                                 F               0         Blade 1 Z translation velocity, node 6, m/s
        304    4.571E+00                                 F               0         Blade 1 X translation velocity, node 7, m/s
        305   -3.979E+01                                 F               0         Blade 1 Y translation velocity, node 7, m/s
        306    1.336E+01                                 F               0         Blade 1 Z translation velocity, node 7, m/s
        307    5.007E+00                                 F               0         Blade 1 X translation velocity, node 8, m/s
