
Linearized model: Predictions were generated on 19-Dec-2023 at 09:27:32 using OpenFAST, compiled as a 64-bit application using single precision at commit v3.5.1
 linked with  NWTC Subroutine Library; ElastoDyn; InflowWind; AeroDyn; ServoDyn; HydroDyn; MoorDyn (v2.0.0, 2023-09-18)

Description from the FAST input file: CCT-9 Campign 4 model. Input files to be run with OpenFAST 3.5.0. GitHub branch from Lu Wang (https://github.com/luwang00/openfast/tree/dev) compiled on March 7, 2023.

Simulation information:
   Simulation time:                  1004.9750 s
   Rotor Speed:                         1.0411 rad/s
   Azimuth:                             4.0238 rad
   Wind Speed:                         12.0000 m/s
   Number of continuous states:         0
   Number of discrete states:           0
   Number of constraint states:         0
   Number of inputs:                 1746
   Number of outputs:                   4
   Jacobians included in this file?    No

Order of inputs:
     Column   Operating Point                     Rotating Frame? Derivative Order Description
   ---------- ---------------                     --------------- ---------------- -----------
          1    1.511E+01                                 F               0         Tower X translation displacement, node 1, m
          2   -8.983E-01                                 F               0         Tower Y translation displacement, node 1, m
          3   -4.224E-01                                 F               0         Tower Z translation displacement, node 1, m
          4    1.702E+01                                 F               0         Tower X translation displacement, node 2, m
          5   -1.367E+00                                 F               0         Tower Y translation displacement, node 2, m
          6   -5.796E-01                                 F               0         Tower Z translation displacement, node 2, m
          7    1.896E+01                                 F               0         Tower X translation displacement, node 3, m
          8   -1.840E+00                                 F               0         Tower Y translation displacement, node 3, m
          9   -7.423E-01                                 F               0         Tower Z translation displacement, node 3, m
         10    2.093E+01                                 F               0         Tower X translation displacement, node 4, m
         11   -2.316E+00                                 F               0         Tower Y translation displacement, node 4, m
         12   -9.094E-01                                 F               0         Tower Z translation displacement, node 4, m
         13    2.292E+01                                 F               0         Tower X translation displacement, node 5, m
         14   -2.794E+00                                 F               0         Tower Y translation displacement, node 5, m
         15   -1.080E+00                                 F               0         Tower Z translation displacement, node 5, m
         16    2.493E+01                                 F               0         Tower X translation displacement, node 6, m
         17   -3.275E+00                                 F               0         Tower Y translation displacement, node 6, m
         18   -1.254E+00                                 F               0         Tower Z translation displacement, node 6, m
         19    2.695E+01                                 F               0         Tower X translation displacement, node 7, m
         20   -3.758E+00                                 F               0         Tower Y translation displacement, node 7, m
         21   -1.430E+00                                 F               0         Tower Z translation displacement, node 7, m
         22    2.898E+01                                 F               0         Tower X translation displacement, node 8, m
         23   -4.242E+00                                 F               0         Tower Y translation displacement, node 8, m
         24   -1.608E+00                                 F               0         Tower Z translation displacement, node 8, m
         25    3.103E+01                                 F               0         Tower X translation displacement, node 9, m
         26   -4.727E+00                                 F               0         Tower Y translation displacement, node 9, m
         27   -1.787E+00                                 F               0         Tower Z translation displacement, node 9, m
         28    3.307E+01                                 F               0         Tower X translation displacement, node 10, m
         29   -5.214E+00                                 F               0         Tower Y translation displacement, node 10, m
         30   -1.968E+00                                 F               0         Tower Z translation displacement, node 10, m
         31    3.512E+01                                 F               0         Tower X translation displacement, node 11, m
         32   -5.700E+00                                 F               0         Tower Y translation displacement, node 11, m
         33   -2.149E+00                                 F               0         Tower Z translation displacement, node 11, m
         34    9.881E-01,  1.554E-02, -1.528E-01         F               0         Tower X orientation angle, node 1, rad
         35   -9.563E-03,  9.992E-01,  3.976E-02         F               0         Tower Y orientation angle, node 1, rad
         36    1.533E-01, -3.782E-02,  9.875E-01         F               0         Tower Z orientation angle, node 1, rad
         37    9.877E-01,  1.564E-02, -1.554E-01         F               0         Tower X orientation angle, node 2, rad
         38   -9.511E-03,  9.992E-01,  4.009E-02         F               0         Tower Y orientation angle, node 2, rad
         39    1.559E-01, -3.812E-02,  9.870E-01         F               0         Tower Z orientation angle, node 2, rad
         40    9.874E-01,  1.573E-02, -1.577E-01         F               0         Tower X orientation angle, node 3, rad
         41   -9.463E-03,  9.991E-01,  4.039E-02         F               0         Tower Y orientation angle, node 3, rad
         42    1.582E-01, -3.839E-02,  9.867E-01         F               0         Tower Z orientation angle, node 3, rad
         43    9.870E-01,  1.580E-02, -1.597E-01         F               0         Tower X orientation angle, node 4, rad
         44   -9.421E-03,  9.991E-01,  4.065E-02         F               0         Tower Y orientation angle, node 4, rad
         45    1.602E-01, -3.862E-02,  9.863E-01         F               0         Tower Z orientation angle, node 4, rad
         46    9.868E-01,  1.587E-02, -1.613E-01         F               0         Tower X orientation angle, node 5, rad
         47   -9.384E-03,  9.991E-01,  4.088E-02         F               0         Tower Y orientation angle, node 5, rad
         48    1.618E-01, -3.883E-02,  9.861E-01         F               0         Tower Z orientation angle, node 5, rad
         49    9.866E-01,  1.592E-02, -1.626E-01         F               0         Tower X orientation angle, node 6, rad
         50   -9.353E-03,  9.991E-01,  4.107E-02         F               0         Tower Y orientation angle, node 6, rad
         51    1.631E-01, -3.899E-02,  9.858E-01         F               0         Tower Z orientation angle, node 6, rad
         52    9.864E-01,  1.596E-02, -1.636E-01         F               0         Tower X orientation angle, node 7, rad
         53   -9.328E-03,  9.991E-01,  4.122E-02         F               0         Tower Y orientation angle, node 7, rad
         54    1.641E-01, -3.913E-02,  9.857E-01         F               0         Tower Z orientation angle, node 7, rad
         55    9.863E-01,  1.599E-02, -1.644E-01         F               0         Tower X orientation angle, node 8, rad
         56   -9.309E-03,  9.991E-01,  4.134E-02         F               0         Tower Y orientation angle, node 8, rad
         57    1.649E-01, -3.924E-02,  9.855E-01         F               0         Tower Z orientation angle, node 8, rad
         58    9.862E-01,  1.601E-02, -1.649E-01         F               0         Tower X orientation angle, node 9, rad
         59   -9.294E-03,  9.991E-01,  4.142E-02         F               0         Tower Y orientation angle, node 9, rad
         60    1.654E-01, -3.932E-02,  9.854E-01         F               0         Tower Z orientation angle, node 9, rad
         61    9.861E-01,  1.602E-02, -1.653E-01         F               0         Tower X orientation angle, node 10, rad
         62   -9.285E-03,  9.991E-01,  4.148E-02         F               0         Tower Y orientation angle, node 10, rad
         63    1.658E-01, -3.937E-02,  9.854E-01         F               0         Tower Z orientation angle, node 10, rad
         64    9.861E-01,  1.603E-02, -1.654E-01         F               0         Tower X orientation angle, node 11, rad
         65   -9.280E-03,  9.991E-01,  4.151E-02         F               0         Tower Y orientation angle, node 11, rad
         66    1.659E-01, -3.940E-02,  9.853E-01         F               0         Tower Z orientation angle, node 11, rad
         67   -1.221E-04                                 F               0         Tower X translation velocity, node 1, m/s
         68   -1.734E-02                                 F               0         Tower Y translation velocity, node 1, m/s
         69    4.568E-03                                 F               0         Tower Z translation velocity, node 1, m/s
         70    1.154E-04                                 F               0         Tower X translation velocity, node 2, m/s
         71   -2.878E-02                                 F               0         Tower Y translation velocity, node 2, m/s
         72    4.091E-03                                 F               0         Tower Z translation velocity, node 2, m/s
         73    4.187E-04                                 F               0         Tower X translation velocity, node 3, m/s
         74   -4.033E-02                                 F               0         Tower Y translation velocity, node 3, m/s
         75    3.595E-03                                 F               0         Tower Z translation velocity, node 3, m/s
         76    7.693E-04                                 F               0         Tower X translation velocity, node 4, m/s
         77   -5.198E-02                                 F               0         Tower Y translation velocity, node 4, m/s
         78    3.083E-03                                 F               0         Tower Z translation velocity, node 4, m/s
         79    1.156E-03                                 F               0         Tower X translation velocity, node 5, m/s
         80   -6.370E-02                                 F               0         Tower Y translation velocity, node 5, m/s
         81    2.560E-03                                 F               0         Tower Z translation velocity, node 5, m/s
         82    1.570E-03                                 F               0         Tower X translation velocity, node 6, m/s
         83   -7.548E-02                                 F               0         Tower Y translation velocity, node 6, m/s
         84    2.026E-03                                 F               0         Tower Z translation velocity, node 6, m/s
         85    2.000E-03                                 F               0         Tower X translation velocity, node 7, m/s
         86   -8.732E-02                                 F               0         Tower Y translation velocity, node 7, m/s
         87    1.486E-03                                 F               0         Tower Z translation velocity, node 7, m/s
         88    2.443E-03                                 F               0         Tower X translation velocity, node 8, m/s
         89   -9.919E-02                                 F               0         Tower Y translation velocity, node 8, m/s
         90    9.398E-04                                 F               0         Tower Z translation velocity, node 8, m/s
         91    2.892E-03                                 F               0         Tower X translation velocity, node 9, m/s
         92   -1.111E-01                                 F               0         Tower Y translation velocity, node 9, m/s
         93    3.900E-04                                 F               0         Tower Z translation velocity, node 9, m/s
         94    3.343E-03                                 F               0         Tower X translation velocity, node 10, m/s
         95   -1.230E-01                                 F               0         Tower Y translation velocity, node 10, m/s
         96   -1.622E-04                                 F               0         Tower Z translation velocity, node 10, m/s
         97    3.795E-03                                 F               0         Tower X translation velocity, node 11, m/s
         98   -1.350E-01                                 F               0         Tower Y translation velocity, node 11, m/s
         99   -7.155E-04                                 F               0         Tower Z translation velocity, node 11, m/s
        100    3.657E+01                                 F               0         Hub X translation displacement, node 1, m
        101   -6.183E+00                                 F               0         Hub Y translation displacement, node 1, m
        102   -4.770E-01                                 F               0         Hub Z translation displacement, node 1, m
        103    9.633E-01,  2.006E-02, -2.675E-01         F               0         Hub X orientation angle, node 1, rad
        104   -2.011E-01, -6.059E-01, -7.697E-01         F               0         Hub Y orientation angle, node 1, rad
        105   -1.775E-01,  7.953E-01, -5.797E-01         F               0         Hub Z orientation angle, node 1, rad
        106    1.004E+00                                 F               0         Hub X rotation velocity, node 1, rad/s
        107    2.094E-02                                 F               0         Hub Y rotation velocity, node 1, rad/s
        108   -2.788E-01                                 F               0         Hub Z rotation velocity, node 1, rad/s
        109    9.689E-01,  3.803E-02, -2.446E-01         F               0         Blade root 1 X orientation angle, node 1, rad
        110   -1.725E-01, -6.051E-01, -7.773E-01         F               0         Blade root 1 Y orientation angle, node 1, rad
        111   -1.775E-01,  7.953E-01, -5.797E-01         F               0         Blade root 1 Z orientation angle, node 1, rad
        112    9.645E-01, -9.366E-03, -2.639E-01         F               0         Blade root 2 X orientation angle, node 1, rad
        113   -2.459E-02,  9.918E-01, -1.251E-01         F               0         Blade root 2 Y orientation angle, node 1, rad
        114    2.629E-01,  1.271E-01,  9.564E-01         F               0         Blade root 2 Z orientation angle, node 1, rad
        115    9.554E-01,  3.150E-02, -2.937E-01         F               0         Blade root 3 X orientation angle, node 1, rad
        116    2.828E-01, -3.850E-01,  8.785E-01         F               0         Blade root 3 Y orientation angle, node 1, rad
        117   -8.541E-02, -9.224E-01, -3.767E-01         F               0         Blade root 3 Z orientation angle, node 1, rad
        118    3.501E+01                                 F               0         Blade 1 X translation displacement, node 1, m
        119   -1.777E+00                                 F               0         Blade 1 Y translation displacement, node 1, m
        120   -9.198E+00                                 F               0         Blade 1 Z translation displacement, node 1, m
        121    3.464E+01                                 F               0         Blade 1 X translation displacement, node 2, m
        122   -7.151E-01                                 F               0         Blade 1 Y translation displacement, node 2, m
        123   -1.130E+01                                 F               0         Blade 1 Z translation displacement, node 2, m
        124    2.952E+01                                 F               0         Blade 1 X translation displacement, node 3, m
        125    1.372E+01                                 F               0         Blade 1 Y translation displacement, node 3, m
        126   -3.987E+01                                 F               0         Blade 1 Z translation displacement, node 3, m
        127    2.842E+01                                 F               0         Blade 1 X translation displacement, node 4, m
        128    1.680E+01                                 F               0         Blade 1 Y translation displacement, node 4, m
        129   -4.596E+01                                 F               0         Blade 1 Z translation displacement, node 4, m
        130    2.733E+01                                 F               0         Blade 1 X translation displacement, node 5, m
        131    1.987E+01                                 F               0         Blade 1 Y translation displacement, node 5, m
        132   -5.205E+01                                 F               0         Blade 1 Z translation displacement, node 5, m
        133    2.624E+01                                 F               0         Blade 1 X translation displacement, node 6, m
        134    2.295E+01                                 F               0         Blade 1 Y translation displacement, node 6, m
        135   -5.814E+01                                 F               0         Blade 1 Z translation displacement, node 6, m
        136    2.515E+01                                 F               0         Blade 1 X translation displacement, node 7, m
        137    2.602E+01                                 F               0         Blade 1 Y translation displacement, node 7, m
        138   -6.423E+01                                 F               0         Blade 1 Z translation displacement, node 7, m
        139    2.406E+01                                 F               0         Blade 1 X translation displacement, node 8, m
        140    2.910E+01                                 F               0         Blade 1 Y translation displacement, node 8, m
        141   -7.032E+01                                 F               0         Blade 1 Z translation displacement, node 8, m
        142    2.297E+01                                 F               0         Blade 1 X translation displacement, node 9, m
        143    3.218E+01                                 F               0         Blade 1 Y translation displacement, node 9, m
        144   -7.641E+01                                 F               0         Blade 1 Z translation displacement, node 9, m
        145    2.188E+01                                 F               0         Blade 1 X translation displacement, node 10, m
        146    3.525E+01                                 F               0         Blade 1 Y translation displacement, node 10, m
        147   -8.249E+01                                 F               0         Blade 1 Z translation displacement, node 10, m
        148    2.079E+01                                 F               0         Blade 1 X translation displacement, node 11, m
        149    3.833E+01                                 F               0         Blade 1 Y translation displacement, node 11, m
        150   -8.858E+01                                 F               0         Blade 1 Z translation displacement, node 11, m
        151    1.970E+01                                 F               0         Blade 1 X translation displacement, node 12, m
        152    4.140E+01                                 F               0         Blade 1 Y translation displacement, node 12, m
        153   -9.467E+01                                 F               0         Blade 1 Z translation displacement, node 12, m
        154    1.861E+01                                 F               0         Blade 1 X translation displacement, node 13, m
        155    4.448E+01                                 F               0         Blade 1 Y translation displacement, node 13, m
        156   -1.008E+02                                 F               0         Blade 1 Z translation displacement, node 13, m
        157    1.751E+01                                 F               0         Blade 1 X translation displacement, node 14, m
        158    4.756E+01                                 F               0         Blade 1 Y translation displacement, node 14, m
        159   -1.068E+02                                 F               0         Blade 1 Z translation displacement, node 14, m
        160    1.642E+01                                 F               0         Blade 1 X translation displacement, node 15, m
        161    5.063E+01                                 F               0         Blade 1 Y translation displacement, node 15, m
        162   -1.129E+02                                 F               0         Blade 1 Z translation displacement, node 15, m
        163    1.533E+01                                 F               0         Blade 1 X translation displacement, node 16, m
        164    5.371E+01                                 F               0         Blade 1 Y translation displacement, node 16, m
        165   -1.190E+02                                 F               0         Blade 1 Z translation displacement, node 16, m
        166    1.424E+01                                 F               0         Blade 1 X translation displacement, node 17, m
        167    5.678E+01                                 F               0         Blade 1 Y translation displacement, node 17, m
        168   -1.251E+02                                 F               0         Blade 1 Z translation displacement, node 17, m
        169    1.315E+01                                 F               0         Blade 1 X translation displacement, node 18, m
        170    5.986E+01                                 F               0         Blade 1 Y translation displacement, node 18, m
        171   -1.312E+02                                 F               0         Blade 1 Z translation displacement, node 18, m
        172    1.206E+01                                 F               0         Blade 1 X translation displacement, node 19, m
        173    6.294E+01                                 F               0         Blade 1 Y translation displacement, node 19, m
        174   -1.373E+02                                 F               0         Blade 1 Z translation displacement, node 19, m
        175    1.097E+01                                 F               0         Blade 1 X translation displacement, node 20, m
        176    6.601E+01                                 F               0         Blade 1 Y translation displacement, node 20, m
        177   -1.434E+02                                 F               0         Blade 1 Z translation displacement, node 20, m
        178    9.878E+00                                 F               0         Blade 1 X translation displacement, node 21, m
        179    6.909E+01                                 F               0         Blade 1 Y translation displacement, node 21, m
        180   -1.495E+02                                 F               0         Blade 1 Z translation displacement, node 21, m
        181    8.787E+00                                 F               0         Blade 1 X translation displacement, node 22, m
        182    7.216E+01                                 F               0         Blade 1 Y translation displacement, node 22, m
        183   -1.556E+02                                 F               0         Blade 1 Z translation displacement, node 22, m
        184    7.696E+00                                 F               0         Blade 1 X translation displacement, node 23, m
        185    7.524E+01                                 F               0         Blade 1 Y translation displacement, node 23, m
        186   -1.616E+02                                 F               0         Blade 1 Z translation displacement, node 23, m
        187    6.605E+00                                 F               0         Blade 1 X translation displacement, node 24, m
        188    7.831E+01                                 F               0         Blade 1 Y translation displacement, node 24, m
        189   -1.677E+02                                 F               0         Blade 1 Z translation displacement, node 24, m
        190    5.514E+00                                 F               0         Blade 1 X translation displacement, node 25, m
        191    8.139E+01                                 F               0         Blade 1 Y translation displacement, node 25, m
        192   -1.738E+02                                 F               0         Blade 1 Z translation displacement, node 25, m
        193    4.423E+00                                 F               0         Blade 1 X translation displacement, node 26, m
        194    8.447E+01                                 F               0         Blade 1 Y translation displacement, node 26, m
        195   -1.799E+02                                 F               0         Blade 1 Z translation displacement, node 26, m
        196    3.332E+00                                 F               0         Blade 1 X translation displacement, node 27, m
        197    8.754E+01                                 F               0         Blade 1 Y translation displacement, node 27, m
        198   -1.860E+02                                 F               0         Blade 1 Z translation displacement, node 27, m
        199    2.408E+00                                 F               0         Blade 1 X translation displacement, node 28, m
        200    9.015E+01                                 F               0         Blade 1 Y translation displacement, node 28, m
        201   -1.912E+02                                 F               0         Blade 1 Z translation displacement, node 28, m
        202    9.409E-01,  3.098E-01,  1.368E-01         F               0         Blade 1 X orientation angle, node 1, rad
        203    2.883E-01, -5.211E-01, -8.033E-01         F               0         Blade 1 Y orientation angle, node 1, rad
        204   -1.775E-01,  7.953E-01, -5.797E-01         F               0         Blade 1 Z orientation angle, node 1, rad
        205    9.409E-01,  3.098E-01,  1.368E-01         F               0         Blade 1 X orientation angle, node 2, rad
        206    2.883E-01, -5.211E-01, -8.033E-01         F               0         Blade 1 Y orientation angle, node 2, rad
        207   -1.775E-01,  7.953E-01, -5.797E-01         F               0         Blade 1 Z orientation angle, node 2, rad
        208    9.825E-01,  1.774E-01, -5.750E-02         F               0         Blade 1 X orientation angle, node 3, rad
        209    5.712E-02, -5.797E-01, -8.128E-01         F               0         Blade 1 Y orientation angle, node 3, rad
        210   -1.775E-01,  7.953E-01, -5.797E-01         F               0         Blade 1 Z orientation angle, node 3, rad
        211    9.840E-01,  1.528E-01, -9.177E-02         F               0         Blade 1 X orientation angle, node 4, rad
        212    1.558E-02, -5.867E-01, -8.097E-01         F               0         Blade 1 Y orientation angle, node 4, rad
        213   -1.775E-01,  7.953E-01, -5.797E-01         F               0         Blade 1 Z orientation angle, node 4, rad
        214    9.840E-01,  1.332E-01, -1.186E-01         F               0         Blade 1 X orientation angle, node 5, rad
        215   -1.705E-02, -5.914E-01, -8.062E-01         F               0         Blade 1 Y orientation angle, node 5, rad
        216   -1.775E-01,  7.953E-01, -5.797E-01         F               0         Blade 1 Z orientation angle, node 5, rad
        217    9.832E-01,  1.175E-01, -1.399E-01         F               0         Blade 1 X orientation angle, node 6, rad
        218   -4.314E-02, -5.948E-01, -8.028E-01         F               0         Blade 1 Y orientation angle, node 6, rad
        219   -1.775E-01,  7.953E-01, -5.797E-01         F               0         Blade 1 Z orientation angle, node 6, rad
        220    9.820E-01,  1.045E-01, -1.574E-01         F               0         Blade 1 X orientation angle, node 7, rad
        221   -6.458E-02, -5.972E-01, -7.995E-01         F               0         Blade 1 Y orientation angle, node 7, rad
        222   -1.775E-01,  7.953E-01, -5.797E-01         F               0         Blade 1 Z orientation angle, node 7, rad
        223    9.807E-01,  9.365E-02, -1.719E-01         F               0         Blade 1 X orientation angle, node 8, rad
        224   -8.239E-02, -5.990E-01, -7.965E-01         F               0         Blade 1 Y orientation angle, node 8, rad
        225   -1.775E-01,  7.953E-01, -5.797E-01         F               0         Blade 1 Z orientation angle, node 8, rad
        226    9.793E-01,  8.444E-02, -1.841E-01         F               0         Blade 1 X orientation angle, node 9, rad
        227   -9.745E-02, -6.003E-01, -7.938E-01         F               0         Blade 1 Y orientation angle, node 9, rad
        228   -1.775E-01,  7.953E-01, -5.797E-01         F               0         Blade 1 Z orientation angle, node 9, rad
        229    9.779E-01,  7.647E-02, -1.946E-01         F               0         Blade 1 X orientation angle, node 10, rad
        230   -1.104E-01, -6.014E-01, -7.913E-01         F               0         Blade 1 Y orientation angle, node 10, rad
        231   -1.775E-01,  7.953E-01, -5.797E-01         F               0         Blade 1 Z orientation angle, node 10, rad
        232    9.766E-01,  6.964E-02, -2.036E-01         F               0         Blade 1 X orientation angle, node 11, rad
        233   -1.215E-01, -6.022E-01, -7.890E-01         F               0         Blade 1 Y orientation angle, node 11, rad
        234   -1.775E-01,  7.953E-01, -5.797E-01         F               0         Blade 1 Z orientation angle, node 11, rad
        235    9.753E-01,  6.365E-02, -2.114E-01         F               0         Blade 1 X orientation angle, node 12, rad
        236   -1.312E-01, -6.029E-01, -7.870E-01         F               0         Blade 1 Y orientation angle, node 12, rad
        237   -1.775E-01,  7.953E-01, -5.797E-01         F               0         Blade 1 Z orientation angle, node 12, rad
        238    9.741E-01,  5.838E-02, -2.183E-01         F               0         Blade 1 X orientation angle, node 13, rad
        239   -1.397E-01, -6.034E-01, -7.851E-01         F               0         Blade 1 Y orientation angle, node 13, rad
        240   -1.775E-01,  7.953E-01, -5.797E-01         F               0         Blade 1 Z orientation angle, node 13, rad
        241    9.730E-01,  5.364E-02, -2.244E-01         F               0         Blade 1 X orientation angle, node 14, rad
        242   -1.474E-01, -6.039E-01, -7.833E-01         F               0         Blade 1 Y orientation angle, node 14, rad
        243   -1.775E-01,  7.953E-01, -5.797E-01         F               0         Blade 1 Z orientation angle, node 14, rad
        244    9.720E-01,  4.943E-02, -2.299E-01         F               0         Blade 1 X orientation angle, node 15, rad
        245   -1.542E-01, -6.042E-01, -7.818E-01         F               0         Blade 1 Y orientation angle, node 15, rad
        246   -1.775E-01,  7.953E-01, -5.797E-01         F               0         Blade 1 Z orientation angle, node 15, rad
        247    9.710E-01,  4.563E-02, -2.348E-01         F               0         Blade 1 X orientation angle, node 16, rad
        248   -1.603E-01, -6.045E-01, -7.803E-01         F               0         Blade 1 Y orientation angle, node 16, rad
        249   -1.775E-01,  7.953E-01, -5.797E-01         F               0         Blade 1 Z orientation angle, node 16, rad
        250    9.701E-01,  4.225E-02, -2.391E-01         F               0         Blade 1 X orientation angle, node 17, rad
        251   -1.657E-01, -6.048E-01, -7.790E-01         F               0         Blade 1 Y orientation angle, node 17, rad
        252   -1.775E-01,  7.953E-01, -5.797E-01         F               0         Blade 1 Z orientation angle, node 17, rad
        253    9.692E-01,  3.908E-02, -2.432E-01         F               0         Blade 1 X orientation angle, node 18, rad
        254   -1.708E-01, -6.050E-01, -7.777E-01         F               0         Blade 1 Y orientation angle, node 18, rad
        255   -1.775E-01,  7.953E-01, -5.797E-01         F               0         Blade 1 Z orientation angle, node 18, rad
        256    9.684E-01,  3.623E-02, -2.469E-01         F               0         Blade 1 X orientation angle, node 19, rad
        257   -1.753E-01, -6.052E-01, -7.766E-01         F               0         Blade 1 Y orientation angle, node 19, rad
        258   -1.775E-01,  7.953E-01, -5.797E-01         F               0         Blade 1 Z orientation angle, node 19, rad
        259    9.676E-01,  3.370E-02, -2.501E-01         F               0         Blade 1 X orientation angle, node 20, rad
        260   -1.794E-01, -6.053E-01, -7.755E-01         F               0         Blade 1 Y orientation angle, node 20, rad
        261   -1.775E-01,  7.953E-01, -5.797E-01         F               0         Blade 1 Z orientation angle, node 20, rad
        262    9.669E-01,  3.127E-02, -2.532E-01         F               0         Blade 1 X orientation angle, node 21, rad
        263   -1.833E-01, -6.054E-01, -7.745E-01         F               0         Blade 1 Y orientation angle, node 21, rad
        264   -1.775E-01,  7.953E-01, -5.797E-01         F               0         Blade 1 Z orientation angle, node 21, rad
        265    9.662E-01,  2.905E-02, -2.561E-01         F               0         Blade 1 X orientation angle, node 22, rad
        266   -1.868E-01, -6.056E-01, -7.736E-01         F               0         Blade 1 Y orientation angle, node 22, rad
        267   -1.775E-01,  7.953E-01, -5.797E-01         F               0         Blade 1 Z orientation angle, node 22, rad
        268    9.656E-01,  2.704E-02, -2.586E-01         F               0         Blade 1 X orientation angle, node 23, rad
        269   -1.900E-01, -6.056E-01, -7.727E-01         F               0         Blade 1 Y orientation angle, node 23, rad
        270   -1.775E-01,  7.953E-01, -5.797E-01         F               0         Blade 1 Z orientation angle, node 23, rad
        271    9.650E-01,  2.514E-02, -2.611E-01         F               0         Blade 1 X orientation angle, node 24, rad
        272   -1.930E-01, -6.057E-01, -7.719E-01         F               0         Blade 1 Y orientation angle, node 24, rad
        273   -1.775E-01,  7.953E-01, -5.797E-01         F               0         Blade 1 Z orientation angle, node 24, rad
        274    9.644E-01,  2.334E-02, -2.634E-01         F               0         Blade 1 X orientation angle, node 25, rad
        275   -1.959E-01, -6.058E-01, -7.711E-01         F               0         Blade 1 Y orientation angle, node 25, rad
        276   -1.775E-01,  7.953E-01, -5.797E-01         F               0         Blade 1 Z orientation angle, node 25, rad
        277    9.639E-01,  2.175E-02, -2.654E-01         F               0         Blade 1 X orientation angle, node 26, rad
        278   -1.984E-01, -6.059E-01, -7.704E-01         F               0         Blade 1 Y orientation angle, node 26, rad
        279   -1.775E-01,  7.953E-01, -5.797E-01         F               0         Blade 1 Z orientation angle, node 26, rad
        280    9.634E-01,  2.017E-02, -2.674E-01         F               0         Blade 1 X orientation angle, node 27, rad
        281   -2.010E-01, -6.059E-01, -7.697E-01         F               0         Blade 1 Y orientation angle, node 27, rad
        282   -1.775E-01,  7.953E-01, -5.797E-01         F               0         Blade 1 Z orientation angle, node 27, rad
        283    9.631E-01,  1.932E-02, -2.685E-01         F               0         Blade 1 X orientation angle, node 28, rad
        284   -2.023E-01, -6.059E-01, -7.694E-01         F               0         Blade 1 Y orientation angle, node 28, rad
        285   -1.775E-01,  7.953E-01, -5.797E-01         F               0         Blade 1 Z orientation angle, node 28, rad
        286    1.165E+00                                 F               0         Blade 1 X translation velocity, node 1, m/s
        287    3.357E+00                                 F               0         Blade 1 Y translation velocity, node 1, m/s
        288    4.443E+00                                 F               0         Blade 1 Z translation velocity, node 1, m/s
        289    1.445E+00                                 F               0         Blade 1 X translation velocity, node 2, m/s
        290    4.200E+00                                 F               0         Blade 1 Y translation velocity, node 2, m/s
        291    5.513E+00                                 F               0         Blade 1 Z translation velocity, node 2, m/s
        292    5.250E+00                                 F               0         Blade 1 X translation velocity, node 3, m/s
        293    1.566E+01                                 F               0         Blade 1 Y translation velocity, node 3, m/s
        294    2.007E+01                                 F               0         Blade 1 Z translation velocity, node 3, m/s
        295    6.061E+00                                 F               0         Blade 1 X translation velocity, node 4, m/s
        296    1.810E+01                                 F               0         Blade 1 Y translation velocity, node 4, m/s
        297    2.317E+01                                 F               0         Blade 1 Z translation velocity, node 4, m/s
        298    6.872E+00                                 F               0         Blade 1 X translation velocity, node 5, m/s
        299    2.055E+01                                 F               0         Blade 1 Y translation velocity, node 5, m/s
        300    2.628E+01                                 F               0         Blade 1 Z translation velocity, node 5, m/s
        301    7.682E+00                                 F               0         Blade 1 X translation velocity, node 6, m/s
        302    2.299E+01                                 F               0         Blade 1 Y translation velocity, node 6, m/s
        303    2.938E+01                                 F               0         Blade 1 Z translation velocity, node 6, m/s
        304    8.493E+00                                 F               0         Blade 1 X translation velocity, node 7, m/s
        305    2.543E+01                                 F               0         Blade 1 Y translation velocity, node 7, m/s
        306    3.248E+01                                 F               0         Blade 1 Z translation velocity, node 7, m/s
        307    9.304E+00                                 F               0         Blade 1 X translation velocity, node 8, m/s
