
Linearized model: Predictions were generated on 19-Dec-2023 at 12:15:31 using OpenFAST, compiled as a 64-bit application using single precision at commit v3.5.1
 linked with  NWTC Subroutine Library; ElastoDyn; AeroDyn; ServoDyn; HydroDyn; MoorDyn (v2.0.0, 2023-09-18)

Description from the FAST input file: CCT-9 Campign 4 model. Input files to be run with OpenFAST 3.5.0. GitHub branch from Lu Wang (https://github.com/luwang00/openfast/tree/dev) compiled on March 7, 2023.

Simulation information:
   Simulation time:                   750.0000 s
   Rotor Speed:                         0.0000 rad/s
   Azimuth:                             0.0000 rad
   Wind Speed:                          0.0000 m/s
   Number of continuous states:         0
   Number of discrete states:           0
   Number of constraint states:         0
   Number of inputs:                 1746
   Number of outputs:                   4
   Jacobians included in this file?    No

Order of inputs:
     Column   Operating Point                     Rotating Frame? Derivative Order Description
   ---------- ---------------                     --------------- ---------------- -----------
          1    2.417E-01                                 F               0         Tower X translation displacement, node 1, m
          2   -1.403E+00                                 F               0         Tower Y translation displacement, node 1, m
          3   -1.963E-02                                 F               0         Tower Z translation displacement, node 1, m
          4    5.045E-01                                 F               0         Tower X translation displacement, node 2, m
          5   -1.956E+00                                 F               0         Tower Y translation displacement, node 2, m
          6   -3.479E-02                                 F               0         Tower Z translation displacement, node 2, m
          7    7.667E-01                                 F               0         Tower X translation displacement, node 3, m
          8   -2.514E+00                                 F               0         Tower Y translation displacement, node 3, m
          9   -5.017E-02                                 F               0         Tower Z translation displacement, node 3, m
         10    1.028E+00                                 F               0         Tower X translation displacement, node 4, m
         11   -3.076E+00                                 F               0         Tower Y translation displacement, node 4, m
         12   -6.572E-02                                 F               0         Tower Z translation displacement, node 4, m
         13    1.287E+00                                 F               0         Tower X translation displacement, node 5, m
         14   -3.641E+00                                 F               0         Tower Y translation displacement, node 5, m
         15   -8.139E-02                                 F               0         Tower Z translation displacement, node 5, m
         16    1.543E+00                                 F               0         Tower X translation displacement, node 6, m
         17   -4.210E+00                                 F               0         Tower Y translation displacement, node 6, m
         18   -9.717E-02                                 F               0         Tower Z translation displacement, node 6, m
         19    1.798E+00                                 F               0         Tower X translation displacement, node 7, m
         20   -4.781E+00                                 F               0         Tower Y translation displacement, node 7, m
         21   -1.130E-01                                 F               0         Tower Z translation displacement, node 7, m
         22    2.049E+00                                 F               0         Tower X translation displacement, node 8, m
         23   -5.354E+00                                 F               0         Tower Y translation displacement, node 8, m
         24   -1.289E-01                                 F               0         Tower Z translation displacement, node 8, m
         25    2.298E+00                                 F               0         Tower X translation displacement, node 9, m
         26   -5.929E+00                                 F               0         Tower Y translation displacement, node 9, m
         27   -1.447E-01                                 F               0         Tower Z translation displacement, node 9, m
         28    2.546E+00                                 F               0         Tower X translation displacement, node 10, m
         29   -6.505E+00                                 F               0         Tower Y translation displacement, node 10, m
         30   -1.606E-01                                 F               0         Tower Z translation displacement, node 10, m
         31    2.791E+00                                 F               0         Tower X translation displacement, node 11, m
         32   -7.081E+00                                 F               0         Tower Y translation displacement, node 11, m
         33   -1.765E-01                                 F               0         Tower Z translation displacement, node 11, m
         34    9.997E-01, -6.381E-03, -2.158E-02         F               0         Tower X orientation angle, node 1, rad
         35    7.334E-03,  9.990E-01,  4.440E-02         F               0         Tower Y orientation angle, node 1, rad
         36    2.127E-02, -4.454E-02,  9.988E-01         F               0         Tower Z orientation angle, node 1, rad
         37    9.997E-01, -6.382E-03, -2.155E-02         F               0         Tower X orientation angle, node 2, rad
         38    7.343E-03,  9.990E-01,  4.480E-02         F               0         Tower Y orientation angle, node 2, rad
         39    2.125E-02, -4.495E-02,  9.988E-01         F               0         Tower Z orientation angle, node 2, rad
         40    9.997E-01, -6.385E-03, -2.148E-02         F               0         Tower X orientation angle, node 3, rad
         41    7.351E-03,  9.990E-01,  4.517E-02         F               0         Tower Y orientation angle, node 3, rad
         42    2.117E-02, -4.532E-02,  9.987E-01         F               0         Tower Z orientation angle, node 3, rad
         43    9.998E-01, -6.391E-03, -2.136E-02         F               0         Tower X orientation angle, node 4, rad
         44    7.358E-03,  9.989E-01,  4.549E-02         F               0         Tower Y orientation angle, node 4, rad
         45    2.105E-02, -4.563E-02,  9.987E-01         F               0         Tower Z orientation angle, node 4, rad
         46    9.998E-01, -6.398E-03, -2.119E-02         F               0         Tower X orientation angle, node 5, rad
         47    7.363E-03,  9.989E-01,  4.576E-02         F               0         Tower Y orientation angle, node 5, rad
         48    2.088E-02, -4.591E-02,  9.987E-01         F               0         Tower Z orientation angle, node 5, rad
         49    9.998E-01, -6.407E-03, -2.100E-02         F               0         Tower X orientation angle, node 6, rad
         50    7.368E-03,  9.989E-01,  4.599E-02         F               0         Tower Y orientation angle, node 6, rad
         51    2.068E-02, -4.613E-02,  9.987E-01         F               0         Tower Z orientation angle, node 6, rad
         52    9.998E-01, -6.417E-03, -2.079E-02         F               0         Tower X orientation angle, node 7, rad
         53    7.372E-03,  9.989E-01,  4.617E-02         F               0         Tower Y orientation angle, node 7, rad
         54    2.047E-02, -4.632E-02,  9.987E-01         F               0         Tower Z orientation angle, node 7, rad
         55    9.998E-01, -6.426E-03, -2.059E-02         F               0         Tower X orientation angle, node 8, rad
         56    7.374E-03,  9.989E-01,  4.632E-02         F               0         Tower Y orientation angle, node 8, rad
         57    2.027E-02, -4.646E-02,  9.987E-01         F               0         Tower Z orientation angle, node 8, rad
         58    9.998E-01, -6.434E-03, -2.041E-02         F               0         Tower X orientation angle, node 9, rad
         59    7.376E-03,  9.989E-01,  4.642E-02         F               0         Tower Y orientation angle, node 9, rad
         60    2.009E-02, -4.656E-02,  9.987E-01         F               0         Tower Z orientation angle, node 9, rad
         61    9.998E-01, -6.441E-03, -2.027E-02         F               0         Tower X orientation angle, node 10, rad
         62    7.378E-03,  9.989E-01,  4.649E-02         F               0         Tower Y orientation angle, node 10, rad
         63    1.995E-02, -4.663E-02,  9.987E-01         F               0         Tower Z orientation angle, node 10, rad
         64    9.998E-01, -6.444E-03, -2.019E-02         F               0         Tower X orientation angle, node 11, rad
         65    7.378E-03,  9.989E-01,  4.653E-02         F               0         Tower Y orientation angle, node 11, rad
         66    1.987E-02, -4.666E-02,  9.987E-01         F               0         Tower Z orientation angle, node 11, rad
         67    7.130E-04                                 F               0         Tower X translation velocity, node 1, m/s
         68   -7.859E-05                                 F               0         Tower Y translation velocity, node 1, m/s
         69    1.199E-03                                 F               0         Tower Z translation velocity, node 1, m/s
         70    1.111E-03                                 F               0         Tower X translation velocity, node 2, m/s
         71   -3.084E-04                                 F               0         Tower Y translation velocity, node 2, m/s
         72    1.180E-03                                 F               0         Tower Z translation velocity, node 2, m/s
         73    1.516E-03                                 F               0         Tower X translation velocity, node 3, m/s
         74   -5.416E-04                                 F               0         Tower Y translation velocity, node 3, m/s
         75    1.161E-03                                 F               0         Tower Z translation velocity, node 3, m/s
         76    1.926E-03                                 F               0         Tower X translation velocity, node 4, m/s
         77   -7.774E-04                                 F               0         Tower Y translation velocity, node 4, m/s
         78    1.142E-03                                 F               0         Tower Z translation velocity, node 4, m/s
         79    2.341E-03                                 F               0         Tower X translation velocity, node 5, m/s
         80   -1.015E-03                                 F               0         Tower Y translation velocity, node 5, m/s
         81    1.122E-03                                 F               0         Tower Z translation velocity, node 5, m/s
         82    2.760E-03                                 F               0         Tower X translation velocity, node 6, m/s
         83   -1.255E-03                                 F               0         Tower Y translation velocity, node 6, m/s
         84    1.102E-03                                 F               0         Tower Z translation velocity, node 6, m/s
         85    3.182E-03                                 F               0         Tower X translation velocity, node 7, m/s
         86   -1.497E-03                                 F               0         Tower Y translation velocity, node 7, m/s
         87    1.082E-03                                 F               0         Tower Z translation velocity, node 7, m/s
         88    3.607E-03                                 F               0         Tower X translation velocity, node 8, m/s
         89   -1.740E-03                                 F               0         Tower Y translation velocity, node 8, m/s
         90    1.062E-03                                 F               0         Tower Z translation velocity, node 8, m/s
         91    4.034E-03                                 F               0         Tower X translation velocity, node 9, m/s
         92   -1.983E-03                                 F               0         Tower Y translation velocity, node 9, m/s
         93    1.042E-03                                 F               0         Tower Z translation velocity, node 9, m/s
         94    4.462E-03                                 F               0         Tower X translation velocity, node 10, m/s
         95   -2.227E-03                                 F               0         Tower Y translation velocity, node 10, m/s
         96    1.022E-03                                 F               0         Tower Z translation velocity, node 10, m/s
         97    4.892E-03                                 F               0         Tower X translation velocity, node 11, m/s
         98   -2.472E-03                                 F               0         Tower Y translation velocity, node 11, m/s
         99    1.002E-03                                 F               0         Tower Z translation velocity, node 11, m/s
        100    2.950E+00                                 F               0         Hub X translation displacement, node 1, m
        101   -7.378E+00                                 F               0         Hub Y translation displacement, node 1, m
        102    3.142E-02                                 F               0         Hub Z translation displacement, node 1, m
        103    9.922E-01, -1.531E-03, -1.245E-01         F               0         Hub X orientation angle, node 1, rad
        104    7.378E-03,  9.989E-01,  4.653E-02         F               0         Hub Y orientation angle, node 1, rad
        105    1.243E-01, -4.708E-02,  9.911E-01         F               0         Hub Z orientation angle, node 1, rad
        106    1.901E-05                                 F               0         Hub X rotation velocity, node 1, rad/s
        107    3.675E-05                                 F               0         Hub Y rotation velocity, node 1, rad/s
        108   -4.149E-05                                 F               0         Hub Z rotation velocity, node 1, rad/s
        109    9.916E-01, -3.116E-02, -1.258E-01         F               0         Blade root 1 X orientation angle, node 1, rad
        110    3.681E-02,  9.984E-01,  4.281E-02         F               0         Blade root 1 Y orientation angle, node 1, rad
        111    1.243E-01, -4.708E-02,  9.911E-01         F               0         Blade root 1 Z orientation angle, node 1, rad
        112    9.887E-01,  1.450E-02, -1.492E-01         F               0         Blade root 2 X orientation angle, node 1, rad
        113    1.333E-01, -5.400E-01,  8.310E-01         F               0         Blade root 2 Y orientation angle, node 1, rad
        114   -6.852E-02, -8.415E-01, -5.359E-01         F               0         Blade root 2 Z orientation angle, node 1, rad
        115    9.951E-01,  1.208E-02, -9.826E-02         F               0         Blade root 3 X orientation angle, node 1, rad
        116   -8.182E-02, -4.585E-01, -8.849E-01         F               0         Blade root 3 Y orientation angle, node 1, rad
        117   -5.574E-02,  8.886E-01, -4.553E-01         F               0         Blade root 3 Z orientation angle, node 1, rad
        118    3.059E+00                                 F               0         Blade 1 X translation displacement, node 1, m
        119   -7.639E+00                                 F               0         Blade 1 Y translation displacement, node 1, m
        120    1.263E-02                                 F               0         Blade 1 Z translation displacement, node 1, m
        121    3.085E+00                                 F               0         Blade 1 X translation displacement, node 2, m
        122   -7.702E+00                                 F               0         Blade 1 Y translation displacement, node 2, m
        123    8.104E-03                                 F               0         Blade 1 Z translation displacement, node 2, m
        124    3.444E+00                                 F               0         Blade 1 X translation displacement, node 3, m
        125   -8.556E+00                                 F               0         Blade 1 Y translation displacement, node 3, m
        126   -5.344E-02                                 F               0         Blade 1 Z translation displacement, node 3, m
        127    3.520E+00                                 F               0         Blade 1 X translation displacement, node 4, m
        128   -8.738E+00                                 F               0         Blade 1 Y translation displacement, node 4, m
        129   -6.656E-02                                 F               0         Blade 1 Z translation displacement, node 4, m
        130    3.596E+00                                 F               0         Blade 1 X translation displacement, node 5, m
        131   -8.921E+00                                 F               0         Blade 1 Y translation displacement, node 5, m
        132   -7.966E-02                                 F               0         Blade 1 Z translation displacement, node 5, m
        133    3.673E+00                                 F               0         Blade 1 X translation displacement, node 6, m
        134   -9.103E+00                                 F               0         Blade 1 Y translation displacement, node 6, m
        135   -9.278E-02                                 F               0         Blade 1 Z translation displacement, node 6, m
        136    3.749E+00                                 F               0         Blade 1 X translation displacement, node 7, m
        137   -9.285E+00                                 F               0         Blade 1 Y translation displacement, node 7, m
        138   -1.059E-01                                 F               0         Blade 1 Z translation displacement, node 7, m
        139    3.825E+00                                 F               0         Blade 1 X translation displacement, node 8, m
        140   -9.467E+00                                 F               0         Blade 1 Y translation displacement, node 8, m
        141   -1.190E-01                                 F               0         Blade 1 Z translation displacement, node 8, m
        142    3.902E+00                                 F               0         Blade 1 X translation displacement, node 9, m
        143   -9.649E+00                                 F               0         Blade 1 Y translation displacement, node 9, m
        144   -1.321E-01                                 F               0         Blade 1 Z translation displacement, node 9, m
        145    3.978E+00                                 F               0         Blade 1 X translation displacement, node 10, m
        146   -9.831E+00                                 F               0         Blade 1 Y translation displacement, node 10, m
        147   -1.452E-01                                 F               0         Blade 1 Z translation displacement, node 10, m
        148    4.054E+00                                 F               0         Blade 1 X translation displacement, node 11, m
        149   -1.001E+01                                 F               0         Blade 1 Y translation displacement, node 11, m
        150   -1.583E-01                                 F               0         Blade 1 Z translation displacement, node 11, m
        151    4.131E+00                                 F               0         Blade 1 X translation displacement, node 12, m
        152   -1.020E+01                                 F               0         Blade 1 Y translation displacement, node 12, m
        153   -1.715E-01                                 F               0         Blade 1 Z translation displacement, node 12, m
        154    4.207E+00                                 F               0         Blade 1 X translation displacement, node 13, m
        155   -1.038E+01                                 F               0         Blade 1 Y translation displacement, node 13, m
        156   -1.846E-01                                 F               0         Blade 1 Z translation displacement, node 13, m
        157    4.283E+00                                 F               0         Blade 1 X translation displacement, node 14, m
        158   -1.056E+01                                 F               0         Blade 1 Y translation displacement, node 14, m
        159   -1.977E-01                                 F               0         Blade 1 Z translation displacement, node 14, m
        160    4.360E+00                                 F               0         Blade 1 X translation displacement, node 15, m
        161   -1.074E+01                                 F               0         Blade 1 Y translation displacement, node 15, m
        162   -2.108E-01                                 F               0         Blade 1 Z translation displacement, node 15, m
        163    4.436E+00                                 F               0         Blade 1 X translation displacement, node 16, m
        164   -1.092E+01                                 F               0         Blade 1 Y translation displacement, node 16, m
        165   -2.239E-01                                 F               0         Blade 1 Z translation displacement, node 16, m
        166    4.512E+00                                 F               0         Blade 1 X translation displacement, node 17, m
        167   -1.111E+01                                 F               0         Blade 1 Y translation displacement, node 17, m
        168   -2.370E-01                                 F               0         Blade 1 Z translation displacement, node 17, m
        169    4.589E+00                                 F               0         Blade 1 X translation displacement, node 18, m
        170   -1.129E+01                                 F               0         Blade 1 Y translation displacement, node 18, m
        171   -2.501E-01                                 F               0         Blade 1 Z translation displacement, node 18, m
        172    4.665E+00                                 F               0         Blade 1 X translation displacement, node 19, m
        173   -1.147E+01                                 F               0         Blade 1 Y translation displacement, node 19, m
        174   -2.632E-01                                 F               0         Blade 1 Z translation displacement, node 19, m
        175    4.741E+00                                 F               0         Blade 1 X translation displacement, node 20, m
        176   -1.165E+01                                 F               0         Blade 1 Y translation displacement, node 20, m
        177   -2.764E-01                                 F               0         Blade 1 Z translation displacement, node 20, m
        178    4.818E+00                                 F               0         Blade 1 X translation displacement, node 21, m
        179   -1.183E+01                                 F               0         Blade 1 Y translation displacement, node 21, m
        180   -2.895E-01                                 F               0         Blade 1 Z translation displacement, node 21, m
        181    4.894E+00                                 F               0         Blade 1 X translation displacement, node 22, m
        182   -1.202E+01                                 F               0         Blade 1 Y translation displacement, node 22, m
        183   -3.026E-01                                 F               0         Blade 1 Z translation displacement, node 22, m
        184    4.970E+00                                 F               0         Blade 1 X translation displacement, node 23, m
        185   -1.220E+01                                 F               0         Blade 1 Y translation displacement, node 23, m
        186   -3.157E-01                                 F               0         Blade 1 Z translation displacement, node 23, m
        187    5.047E+00                                 F               0         Blade 1 X translation displacement, node 24, m
        188   -1.238E+01                                 F               0         Blade 1 Y translation displacement, node 24, m
        189   -3.288E-01                                 F               0         Blade 1 Z translation displacement, node 24, m
        190    5.123E+00                                 F               0         Blade 1 X translation displacement, node 25, m
        191   -1.256E+01                                 F               0         Blade 1 Y translation displacement, node 25, m
        192   -3.419E-01                                 F               0         Blade 1 Z translation displacement, node 25, m
        193    5.199E+00                                 F               0         Blade 1 X translation displacement, node 26, m
        194   -1.274E+01                                 F               0         Blade 1 Y translation displacement, node 26, m
        195   -3.550E-01                                 F               0         Blade 1 Z translation displacement, node 26, m
        196    5.276E+00                                 F               0         Blade 1 X translation displacement, node 27, m
        197   -1.293E+01                                 F               0         Blade 1 Y translation displacement, node 27, m
        198   -3.682E-01                                 F               0         Blade 1 Z translation displacement, node 27, m
        199    5.340E+00                                 F               0         Blade 1 X translation displacement, node 28, m
        200   -1.308E+01                                 F               0         Blade 1 Y translation displacement, node 28, m
        201   -3.793E-01                                 F               0         Blade 1 Z translation displacement, node 28, m
        202    8.657E-01, -4.830E-01, -1.315E-01         F               0         Blade 1 X orientation angle, node 1, rad
        203    4.849E-01,  8.743E-01, -1.926E-02         F               0         Blade 1 Y orientation angle, node 1, rad
        204    1.243E-01, -4.708E-02,  9.911E-01         F               0         Blade 1 Z orientation angle, node 1, rad
        205    8.657E-01, -4.830E-01, -1.315E-01         F               0         Blade 1 X orientation angle, node 2, rad
        206    4.849E-01,  8.743E-01, -1.926E-02         F               0         Blade 1 Y orientation angle, node 2, rad
        207    1.243E-01, -4.708E-02,  9.911E-01         F               0         Blade 1 Z orientation angle, node 2, rad
        208    9.559E-01, -2.620E-01, -1.323E-01         F               0         Blade 1 X orientation angle, node 3, rad
        209    2.659E-01,  9.639E-01,  1.245E-02         F               0         Blade 1 Y orientation angle, node 3, rad
        210    1.243E-01, -4.708E-02,  9.911E-01         F               0         Blade 1 Z orientation angle, node 3, rad
        211    9.663E-01, -2.211E-01, -1.317E-01         F               0         Blade 1 X orientation angle, node 4, rad
        212    2.253E-01,  9.741E-01,  1.802E-02         F               0         Blade 1 Y orientation angle, node 4, rad
        213    1.243E-01, -4.708E-02,  9.911E-01         F               0         Blade 1 Z orientation angle, node 4, rad
        214    9.733E-01, -1.887E-01, -1.310E-01         F               0         Blade 1 X orientation angle, node 5, rad
        215    1.932E-01,  9.809E-01,  2.238E-02         F               0         Blade 1 Y orientation angle, node 5, rad
        216    1.243E-01, -4.708E-02,  9.911E-01         F               0         Blade 1 Z orientation angle, node 5, rad
        217    9.780E-01, -1.626E-01, -1.303E-01         F               0         Blade 1 X orientation angle, node 6, rad
        218    1.673E-01,  9.856E-01,  2.584E-02         F               0         Blade 1 Y orientation angle, node 6, rad
        219    1.243E-01, -4.708E-02,  9.911E-01         F               0         Blade 1 Z orientation angle, node 6, rad
        220    9.815E-01, -1.411E-01, -1.298E-01         F               0         Blade 1 X orientation angle, node 7, rad
        221    1.459E-01,  9.889E-01,  2.868E-02         F               0         Blade 1 Y orientation angle, node 7, rad
        222    1.243E-01, -4.708E-02,  9.911E-01         F               0         Blade 1 Z orientation angle, node 7, rad
        223    9.839E-01, -1.231E-01, -1.292E-01         F               0         Blade 1 X orientation angle, node 8, rad
        224    1.281E-01,  9.913E-01,  3.103E-02         F               0         Blade 1 Y orientation angle, node 8, rad
        225    1.243E-01, -4.708E-02,  9.911E-01         F               0         Blade 1 Z orientation angle, node 8, rad
        226    9.858E-01, -1.078E-01, -1.287E-01         F               0         Blade 1 X orientation angle, node 9, rad
        227    1.129E-01,  9.931E-01,  3.301E-02         F               0         Blade 1 Y orientation angle, node 9, rad
        228    1.243E-01, -4.708E-02,  9.911E-01         F               0         Blade 1 Z orientation angle, node 9, rad
        229    9.872E-01, -9.466E-02, -1.283E-01         F               0         Blade 1 X orientation angle, node 10, rad
        230    9.986E-02,  9.944E-01,  3.472E-02         F               0         Blade 1 Y orientation angle, node 10, rad
        231    1.243E-01, -4.708E-02,  9.911E-01         F               0         Blade 1 Z orientation angle, node 10, rad
        232    9.883E-01, -8.337E-02, -1.279E-01         F               0         Blade 1 X orientation angle, node 11, rad
        233    8.865E-02,  9.954E-01,  3.617E-02         F               0         Blade 1 Y orientation angle, node 11, rad
        234    1.243E-01, -4.708E-02,  9.911E-01         F               0         Blade 1 Z orientation angle, node 11, rad
        235    9.891E-01, -7.347E-02, -1.275E-01         F               0         Blade 1 X orientation angle, node 12, rad
        236    7.882E-02,  9.962E-01,  3.744E-02         F               0         Blade 1 Y orientation angle, node 12, rad
        237    1.243E-01, -4.708E-02,  9.911E-01         F               0         Blade 1 Z orientation angle, node 12, rad
        238    9.898E-01, -6.477E-02, -1.272E-01         F               0         Blade 1 X orientation angle, node 13, rad
        239    7.018E-02,  9.968E-01,  3.855E-02         F               0         Blade 1 Y orientation angle, node 13, rad
        240    1.243E-01, -4.708E-02,  9.911E-01         F               0         Blade 1 Z orientation angle, node 13, rad
        241    9.903E-01, -5.694E-02, -1.269E-01         F               0         Blade 1 X orientation angle, node 14, rad
        242    6.241E-02,  9.973E-01,  3.955E-02         F               0         Blade 1 Y orientation angle, node 14, rad
        243    1.243E-01, -4.708E-02,  9.911E-01         F               0         Blade 1 Z orientation angle, node 14, rad
        244    9.907E-01, -4.998E-02, -1.266E-01         F               0         Blade 1 X orientation angle, node 15, rad
        245    5.549E-02,  9.976E-01,  4.043E-02         F               0         Blade 1 Y orientation angle, node 15, rad
        246    1.243E-01, -4.708E-02,  9.911E-01         F               0         Blade 1 Z orientation angle, node 15, rad
        247    9.910E-01, -4.371E-02, -1.263E-01         F               0         Blade 1 X orientation angle, node 16, rad
        248    4.927E-02,  9.979E-01,  4.123E-02         F               0         Blade 1 Y orientation angle, node 16, rad
        249    1.243E-01, -4.708E-02,  9.911E-01         F               0         Blade 1 Z orientation angle, node 16, rad
        250    9.913E-01, -3.813E-02, -1.261E-01         F               0         Blade 1 X orientation angle, node 17, rad
        251    4.373E-02,  9.982E-01,  4.193E-02         F               0         Blade 1 Y orientation angle, node 17, rad
        252    1.243E-01, -4.708E-02,  9.911E-01         F               0         Blade 1 Z orientation angle, node 17, rad
        253    9.915E-01, -3.291E-02, -1.259E-01         F               0         Blade 1 X orientation angle, node 18, rad
        254    3.854E-02,  9.983E-01,  4.259E-02         F               0         Blade 1 Y orientation angle, node 18, rad
        255    1.243E-01, -4.708E-02,  9.911E-01         F               0         Blade 1 Z orientation angle, node 18, rad
        256    9.917E-01, -2.820E-02, -1.257E-01         F               0         Blade 1 X orientation angle, node 19, rad
        257    3.387E-02,  9.985E-01,  4.319E-02         F               0         Blade 1 Y orientation angle, node 19, rad
        258    1.243E-01, -4.708E-02,  9.911E-01         F               0         Blade 1 Z orientation angle, node 19, rad
        259    9.918E-01, -2.402E-02, -1.255E-01         F               0         Blade 1 X orientation angle, node 20, rad
        260    2.971E-02,  9.986E-01,  4.371E-02         F               0         Blade 1 Y orientation angle, node 20, rad
        261    1.243E-01, -4.708E-02,  9.911E-01         F               0         Blade 1 Z orientation angle, node 20, rad
        262    9.919E-01, -2.001E-02, -1.253E-01         F               0         Blade 1 X orientation angle, node 21, rad
        263    2.573E-02,  9.987E-01,  4.421E-02         F               0         Blade 1 Y orientation angle, node 21, rad
        264    1.243E-01, -4.708E-02,  9.911E-01         F               0         Blade 1 Z orientation angle, node 21, rad
        265    9.920E-01, -1.635E-02, -1.251E-01         F               0         Blade 1 X orientation angle, node 22, rad
        266    2.210E-02,  9.988E-01,  4.467E-02         F               0         Blade 1 Y orientation angle, node 22, rad
        267    1.243E-01, -4.708E-02,  9.911E-01         F               0         Blade 1 Z orientation angle, node 22, rad
        268    9.921E-01, -1.304E-02, -1.250E-01         F               0         Blade 1 X orientation angle, node 23, rad
        269    1.881E-02,  9.988E-01,  4.509E-02         F               0         Blade 1 Y orientation angle, node 23, rad
        270    1.243E-01, -4.708E-02,  9.911E-01         F               0         Blade 1 Z orientation angle, node 23, rad
        271    9.921E-01, -9.900E-03, -1.249E-01         F               0         Blade 1 X orientation angle, node 24, rad
        272    1.569E-02,  9.988E-01,  4.548E-02         F               0         Blade 1 Y orientation angle, node 24, rad
        273    1.243E-01, -4.708E-02,  9.911E-01         F               0         Blade 1 Z orientation angle, node 24, rad
        274    9.922E-01, -6.936E-03, -1.247E-01         F               0         Blade 1 X orientation angle, node 25, rad
        275    1.275E-02,  9.989E-01,  4.585E-02         F               0         Blade 1 Y orientation angle, node 25, rad
        276    1.243E-01, -4.708E-02,  9.911E-01         F               0         Blade 1 Z orientation angle, node 25, rad
        277    9.922E-01, -4.321E-03, -1.246E-01         F               0         Blade 1 X orientation angle, node 26, rad
        278    1.015E-02,  9.989E-01,  4.618E-02         F               0         Blade 1 Y orientation angle, node 26, rad
        279    1.243E-01, -4.708E-02,  9.911E-01         F               0         Blade 1 Z orientation angle, node 26, rad
        280    9.922E-01, -1.706E-03, -1.245E-01         F               0         Blade 1 X orientation angle, node 27, rad
        281    7.551E-03,  9.989E-01,  4.650E-02         F               0         Blade 1 Y orientation angle, node 27, rad
        282    1.243E-01, -4.708E-02,  9.911E-01         F               0         Blade 1 Z orientation angle, node 27, rad
        283    9.922E-01, -3.111E-04, -1.244E-01         F               0         Blade 1 X orientation angle, node 28, rad
        284    6.166E-03,  9.989E-01,  4.668E-02         F               0         Blade 1 Y orientation angle, node 28, rad
        285    1.243E-01, -4.708E-02,  9.911E-01         F               0         Blade 1 Z orientation angle, node 28, rad
        286    5.367E-03                                 F               0         Blade 1 X translation velocity, node 1, m/s
        287   -2.317E-03                                 F               0         Blade 1 Y translation velocity, node 1, m/s
        288    1.358E-03                                 F               0         Blade 1 Z translation velocity, node 1, m/s
        289    5.413E-03                                 F               0         Blade 1 X translation velocity, node 2, m/s
        290   -2.349E-03                                 F               0         Blade 1 Y translation velocity, node 2, m/s
        291    1.350E-03                                 F               0         Blade 1 Z translation velocity, node 2, m/s
        292    6.038E-03                                 F               0         Blade 1 X translation velocity, node 3, m/s
        293   -2.784E-03                                 F               0         Blade 1 Y translation velocity, node 3, m/s
        294    1.251E-03                                 F               0         Blade 1 Z translation velocity, node 3, m/s
        295    6.172E-03                                 F               0         Blade 1 X translation velocity, node 4, m/s
        296   -2.877E-03                                 F               0         Blade 1 Y translation velocity, node 4, m/s
        297    1.230E-03                                 F               0         Blade 1 Z translation velocity, node 4, m/s
        298    6.305E-03                                 F               0         Blade 1 X translation velocity, node 5, m/s
        299   -2.970E-03                                 F               0         Blade 1 Y translation velocity, node 5, m/s
        300    1.209E-03                                 F               0         Blade 1 Z translation velocity, node 5, m/s
        301    6.438E-03                                 F               0         Blade 1 X translation velocity, node 6, m/s
        302   -3.063E-03                                 F               0         Blade 1 Y translation velocity, node 6, m/s
        303    1.188E-03                                 F               0         Blade 1 Z translation velocity, node 6, m/s
        304    6.572E-03                                 F               0         Blade 1 X translation velocity, node 7, m/s
        305   -3.155E-03                                 F               0         Blade 1 Y translation velocity, node 7, m/s
        306    1.167E-03                                 F               0         Blade 1 Z translation velocity, node 7, m/s
        307    6.705E-03                                 F               0         Blade 1 X translation velocity, node 8, m/s
