
Linearized model: Predictions were generated on 19-Dec-2023 at 09:27:32 using OpenFAST, compiled as a 64-bit application using single precision at commit v3.5.1
 linked with  NWTC Subroutine Library; ElastoDyn; InflowWind; AeroDyn; ServoDyn; HydroDyn; MoorDyn (v2.0.0, 2023-09-18)

Description from the FAST input file: CCT-9 Campign 4 model. Input files to be run with OpenFAST 3.5.0. GitHub branch from Lu Wang (https://github.com/luwang00/openfast/tree/dev) compiled on March 7, 2023.

Simulation information:
   Simulation time:                  1002.5000 s
   Rotor Speed:                         1.0412 rad/s
   Azimuth:                             1.4470 rad
   Wind Speed:                         12.0000 m/s
   Number of continuous states:         0
   Number of discrete states:           0
   Number of constraint states:         0
   Number of inputs:                 1746
   Number of outputs:                   4
   Jacobians included in this file?    No

Order of inputs:
     Column   Operating Point                     Rotating Frame? Derivative Order Description
   ---------- ---------------                     --------------- ---------------- -----------
          1    1.511E+01                                 F               0         Tower X translation displacement, node 1, m
          2   -8.678E-01                                 F               0         Tower Y translation displacement, node 1, m
          3   -4.340E-01                                 F               0         Tower Z translation displacement, node 1, m
          4    1.702E+01                                 F               0         Tower X translation displacement, node 2, m
          5   -1.315E+00                                 F               0         Tower Y translation displacement, node 2, m
          6   -5.902E-01                                 F               0         Tower Z translation displacement, node 2, m
          7    1.896E+01                                 F               0         Tower X translation displacement, node 3, m
          8   -1.767E+00                                 F               0         Tower Y translation displacement, node 3, m
          9   -7.519E-01                                 F               0         Tower Z translation displacement, node 3, m
         10    2.093E+01                                 F               0         Tower X translation displacement, node 4, m
         11   -2.221E+00                                 F               0         Tower Y translation displacement, node 4, m
         12   -9.179E-01                                 F               0         Tower Z translation displacement, node 4, m
         13    2.292E+01                                 F               0         Tower X translation displacement, node 5, m
         14   -2.678E+00                                 F               0         Tower Y translation displacement, node 5, m
         15   -1.088E+00                                 F               0         Tower Z translation displacement, node 5, m
         16    2.492E+01                                 F               0         Tower X translation displacement, node 6, m
         17   -3.136E+00                                 F               0         Tower Y translation displacement, node 6, m
         18   -1.260E+00                                 F               0         Tower Z translation displacement, node 6, m
         19    2.694E+01                                 F               0         Tower X translation displacement, node 7, m
         20   -3.597E+00                                 F               0         Tower Y translation displacement, node 7, m
         21   -1.435E+00                                 F               0         Tower Z translation displacement, node 7, m
         22    2.897E+01                                 F               0         Tower X translation displacement, node 8, m
         23   -4.058E+00                                 F               0         Tower Y translation displacement, node 8, m
         24   -1.612E+00                                 F               0         Tower Z translation displacement, node 8, m
         25    3.101E+01                                 F               0         Tower X translation displacement, node 9, m
         26   -4.521E+00                                 F               0         Tower Y translation displacement, node 9, m
         27   -1.791E+00                                 F               0         Tower Z translation displacement, node 9, m
         28    3.306E+01                                 F               0         Tower X translation displacement, node 10, m
         29   -4.985E+00                                 F               0         Tower Y translation displacement, node 10, m
         30   -1.970E+00                                 F               0         Tower Z translation displacement, node 10, m
         31    3.511E+01                                 F               0         Tower X translation displacement, node 11, m
         32   -5.449E+00                                 F               0         Tower Y translation displacement, node 11, m
         33   -2.150E+00                                 F               0         Tower Z translation displacement, node 11, m
         34    9.881E-01,  1.612E-02, -1.527E-01         F               0         Tower X orientation angle, node 1, rad
         35   -1.040E-02,  9.992E-01,  3.816E-02         F               0         Tower Y orientation angle, node 1, rad
         36    1.532E-01, -3.612E-02,  9.875E-01         F               0         Tower Z orientation angle, node 1, rad
         37    9.877E-01,  1.621E-02, -1.553E-01         F               0         Tower X orientation angle, node 2, rad
         38   -1.035E-02,  9.992E-01,  3.847E-02         F               0         Tower Y orientation angle, node 2, rad
         39    1.558E-01, -3.639E-02,  9.871E-01         F               0         Tower Z orientation angle, node 2, rad
         40    9.874E-01,  1.630E-02, -1.576E-01         F               0         Tower X orientation angle, node 3, rad
         41   -1.031E-02,  9.992E-01,  3.875E-02         F               0         Tower Y orientation angle, node 3, rad
         42    1.581E-01, -3.664E-02,  9.867E-01         F               0         Tower Z orientation angle, node 3, rad
         43    9.871E-01,  1.637E-02, -1.595E-01         F               0         Tower X orientation angle, node 4, rad
         44   -1.027E-02,  9.992E-01,  3.900E-02         F               0         Tower Y orientation angle, node 4, rad
         45    1.601E-01, -3.686E-02,  9.864E-01         F               0         Tower Z orientation angle, node 4, rad
         46    9.868E-01,  1.643E-02, -1.612E-01         F               0         Tower X orientation angle, node 5, rad
         47   -1.023E-02,  9.992E-01,  3.921E-02         F               0         Tower Y orientation angle, node 5, rad
         48    1.617E-01, -3.704E-02,  9.861E-01         F               0         Tower Z orientation angle, node 5, rad
         49    9.866E-01,  1.648E-02, -1.625E-01         F               0         Tower X orientation angle, node 6, rad
         50   -1.021E-02,  9.992E-01,  3.938E-02         F               0         Tower Y orientation angle, node 6, rad
         51    1.630E-01, -3.719E-02,  9.859E-01         F               0         Tower Z orientation angle, node 6, rad
         52    9.864E-01,  1.652E-02, -1.635E-01         F               0         Tower X orientation angle, node 7, rad
         53   -1.018E-02,  9.992E-01,  3.952E-02         F               0         Tower Y orientation angle, node 7, rad
         54    1.640E-01, -3.732E-02,  9.857E-01         F               0         Tower Z orientation angle, node 7, rad
         55    9.863E-01,  1.655E-02, -1.643E-01         F               0         Tower X orientation angle, node 8, rad
         56   -1.016E-02,  9.992E-01,  3.963E-02         F               0         Tower Y orientation angle, node 8, rad
         57    1.648E-01, -3.742E-02,  9.856E-01         F               0         Tower Z orientation angle, node 8, rad
         58    9.862E-01,  1.657E-02, -1.648E-01         F               0         Tower X orientation angle, node 9, rad
         59   -1.015E-02,  9.992E-01,  3.971E-02         F               0         Tower Y orientation angle, node 9, rad
         60    1.653E-01, -3.749E-02,  9.855E-01         F               0         Tower Z orientation angle, node 9, rad
         61    9.861E-01,  1.658E-02, -1.652E-01         F               0         Tower X orientation angle, node 10, rad
         62   -1.014E-02,  9.992E-01,  3.976E-02         F               0         Tower Y orientation angle, node 10, rad
         63    1.657E-01, -3.753E-02,  9.855E-01         F               0         Tower Z orientation angle, node 10, rad
         64    9.861E-01,  1.659E-02, -1.653E-01         F               0         Tower X orientation angle, node 11, rad
         65   -1.014E-02,  9.992E-01,  3.979E-02         F               0         Tower Y orientation angle, node 11, rad
         66    1.658E-01, -3.756E-02,  9.854E-01         F               0         Tower Z orientation angle, node 11, rad
         67    7.648E-04                                 F               0         Tower X translation velocity, node 1, m/s
         68   -7.613E-03                                 F               0         Tower Y translation velocity, node 1, m/s
         69    3.996E-03                                 F               0         Tower Z translation velocity, node 1, m/s
         70    1.278E-03                                 F               0         Tower X translation velocity, node 2, m/s
         71   -1.344E-02                                 F               0         Tower Y translation velocity, node 2, m/s
         72    3.702E-03                                 F               0         Tower Z translation velocity, node 2, m/s
         73    1.766E-03                                 F               0         Tower X translation velocity, node 3, m/s
         74   -1.939E-02                                 F               0         Tower Y translation velocity, node 3, m/s
         75    3.404E-03                                 F               0         Tower Z translation velocity, node 3, m/s
         76    2.237E-03                                 F               0         Tower X translation velocity, node 4, m/s
         77   -2.545E-02                                 F               0         Tower Y translation velocity, node 4, m/s
         78    3.102E-03                                 F               0         Tower Z translation velocity, node 4, m/s
         79    2.695E-03                                 F               0         Tower X translation velocity, node 5, m/s
         80   -3.160E-02                                 F               0         Tower Y translation velocity, node 5, m/s
         81    2.797E-03                                 F               0         Tower Z translation velocity, node 5, m/s
         82    3.145E-03                                 F               0         Tower X translation velocity, node 6, m/s
         83   -3.783E-02                                 F               0         Tower Y translation velocity, node 6, m/s
         84    2.489E-03                                 F               0         Tower Z translation velocity, node 6, m/s
         85    3.590E-03                                 F               0         Tower X translation velocity, node 7, m/s
         86   -4.412E-02                                 F               0         Tower Y translation velocity, node 7, m/s
         87    2.177E-03                                 F               0         Tower Z translation velocity, node 7, m/s
         88    4.032E-03                                 F               0         Tower X translation velocity, node 8, m/s
         89   -5.046E-02                                 F               0         Tower Y translation velocity, node 8, m/s
         90    1.863E-03                                 F               0         Tower Z translation velocity, node 8, m/s
         91    4.474E-03                                 F               0         Tower X translation velocity, node 9, m/s
         92   -5.685E-02                                 F               0         Tower Y translation velocity, node 9, m/s
         93    1.546E-03                                 F               0         Tower Z translation velocity, node 9, m/s
         94    4.916E-03                                 F               0         Tower X translation velocity, node 10, m/s
         95   -6.327E-02                                 F               0         Tower Y translation velocity, node 10, m/s
         96    1.227E-03                                 F               0         Tower Z translation velocity, node 10, m/s
         97    5.359E-03                                 F               0         Tower X translation velocity, node 11, m/s
         98   -6.972E-02                                 F               0         Tower Y translation velocity, node 11, m/s
         99    9.070E-04                                 F               0         Tower Z translation velocity, node 11, m/s
        100    3.656E+01                                 F               0         Hub X translation displacement, node 1, m
        101   -5.923E+00                                 F               0         Hub Y translation displacement, node 1, m
        102   -4.784E-01                                 F               0         Hub Z translation displacement, node 1, m
        103    9.634E-01,  2.043E-02, -2.674E-01         F               0         Hub X orientation angle, node 1, rad
        104    2.647E-01,  8.806E-02,  9.603E-01         F               0         Hub Y orientation angle, node 1, rad
        105    4.317E-02, -9.959E-01,  7.943E-02         F               0         Hub Z orientation angle, node 1, rad
        106    1.004E+00                                 F               0         Hub X rotation velocity, node 1, rad/s
        107    2.131E-02                                 F               0         Hub Y rotation velocity, node 1, rad/s
        108   -2.787E-01                                 F               0         Hub Z rotation velocity, node 1, rad/s
        109    9.551E-01,  1.780E-02, -2.958E-01         F               0         Blade root 1 X orientation angle, node 1, rad
        110    2.932E-01,  8.863E-02,  9.519E-01         F               0         Blade root 1 Y orientation angle, node 1, rad
        111    4.317E-02, -9.959E-01,  7.943E-02         F               0         Blade root 1 Z orientation angle, node 1, rad
        112    9.658E-01,  4.731E-02, -2.551E-01         F               0         Blade root 2 X orientation angle, node 1, rad
        113   -6.635E-02, -9.055E-01, -4.191E-01         F               0         Blade root 2 Y orientation angle, node 1, rad
        114   -2.508E-01,  4.217E-01, -8.714E-01         F               0         Blade root 2 Z orientation angle, node 1, rad
        115    9.680E-01, -3.864E-03, -2.510E-01         F               0         Blade root 3 X orientation angle, node 1, rad
        116   -1.411E-01,  8.187E-01, -5.566E-01         F               0         Blade root 3 Y orientation angle, node 1, rad
        117    2.077E-01,  5.742E-01,  7.919E-01         F               0         Blade root 3 Z orientation angle, node 1, rad
        118    3.622E+01                                 F               0         Blade 1 X translation displacement, node 1, m
        119   -1.144E+01                                 F               0         Blade 1 Y translation displacement, node 1, m
        120   -5.548E+00                                 F               0         Blade 1 Z translation displacement, node 1, m
        121    3.614E+01                                 F               0         Blade 1 X translation displacement, node 2, m
        122   -1.277E+01                                 F               0         Blade 1 Y translation displacement, node 2, m
        123   -6.770E+00                                 F               0         Blade 1 Z translation displacement, node 2, m
        124    3.502E+01                                 F               0         Blade 1 X translation displacement, node 3, m
        125   -3.085E+01                                 F               0         Blade 1 Y translation displacement, node 3, m
        126   -2.338E+01                                 F               0         Blade 1 Z translation displacement, node 3, m
        127    3.479E+01                                 F               0         Blade 1 X translation displacement, node 4, m
        128   -3.470E+01                                 F               0         Blade 1 Y translation displacement, node 4, m
        129   -2.692E+01                                 F               0         Blade 1 Z translation displacement, node 4, m
        130    3.455E+01                                 F               0         Blade 1 X translation displacement, node 5, m
        131   -3.855E+01                                 F               0         Blade 1 Y translation displacement, node 5, m
        132   -3.046E+01                                 F               0         Blade 1 Z translation displacement, node 5, m
        133    3.431E+01                                 F               0         Blade 1 X translation displacement, node 6, m
        134   -4.240E+01                                 F               0         Blade 1 Y translation displacement, node 6, m
        135   -3.400E+01                                 F               0         Blade 1 Z translation displacement, node 6, m
        136    3.407E+01                                 F               0         Blade 1 X translation displacement, node 7, m
        137   -4.625E+01                                 F               0         Blade 1 Y translation displacement, node 7, m
        138   -3.754E+01                                 F               0         Blade 1 Z translation displacement, node 7, m
        139    3.384E+01                                 F               0         Blade 1 X translation displacement, node 8, m
        140   -5.011E+01                                 F               0         Blade 1 Y translation displacement, node 8, m
        141   -4.108E+01                                 F               0         Blade 1 Z translation displacement, node 8, m
        142    3.360E+01                                 F               0         Blade 1 X translation displacement, node 9, m
        143   -5.396E+01                                 F               0         Blade 1 Y translation displacement, node 9, m
        144   -4.462E+01                                 F               0         Blade 1 Z translation displacement, node 9, m
        145    3.336E+01                                 F               0         Blade 1 X translation displacement, node 10, m
        146   -5.781E+01                                 F               0         Blade 1 Y translation displacement, node 10, m
        147   -4.816E+01                                 F               0         Blade 1 Z translation displacement, node 10, m
        148    3.313E+01                                 F               0         Blade 1 X translation displacement, node 11, m
        149   -6.166E+01                                 F               0         Blade 1 Y translation displacement, node 11, m
        150   -5.169E+01                                 F               0         Blade 1 Z translation displacement, node 11, m
        151    3.289E+01                                 F               0         Blade 1 X translation displacement, node 12, m
        152   -6.551E+01                                 F               0         Blade 1 Y translation displacement, node 12, m
        153   -5.523E+01                                 F               0         Blade 1 Z translation displacement, node 12, m
        154    3.265E+01                                 F               0         Blade 1 X translation displacement, node 13, m
        155   -6.937E+01                                 F               0         Blade 1 Y translation displacement, node 13, m
        156   -5.877E+01                                 F               0         Blade 1 Z translation displacement, node 13, m
        157    3.241E+01                                 F               0         Blade 1 X translation displacement, node 14, m
        158   -7.322E+01                                 F               0         Blade 1 Y translation displacement, node 14, m
        159   -6.231E+01                                 F               0         Blade 1 Z translation displacement, node 14, m
        160    3.218E+01                                 F               0         Blade 1 X translation displacement, node 15, m
        161   -7.707E+01                                 F               0         Blade 1 Y translation displacement, node 15, m
        162   -6.585E+01                                 F               0         Blade 1 Z translation displacement, node 15, m
        163    3.194E+01                                 F               0         Blade 1 X translation displacement, node 16, m
        164   -8.092E+01                                 F               0         Blade 1 Y translation displacement, node 16, m
        165   -6.939E+01                                 F               0         Blade 1 Z translation displacement, node 16, m
        166    3.170E+01                                 F               0         Blade 1 X translation displacement, node 17, m
        167   -8.477E+01                                 F               0         Blade 1 Y translation displacement, node 17, m
        168   -7.293E+01                                 F               0         Blade 1 Z translation displacement, node 17, m
        169    3.146E+01                                 F               0         Blade 1 X translation displacement, node 18, m
        170   -8.863E+01                                 F               0         Blade 1 Y translation displacement, node 18, m
        171   -7.647E+01                                 F               0         Blade 1 Z translation displacement, node 18, m
        172    3.123E+01                                 F               0         Blade 1 X translation displacement, node 19, m
        173   -9.248E+01                                 F               0         Blade 1 Y translation displacement, node 19, m
        174   -8.001E+01                                 F               0         Blade 1 Z translation displacement, node 19, m
        175    3.099E+01                                 F               0         Blade 1 X translation displacement, node 20, m
        176   -9.633E+01                                 F               0         Blade 1 Y translation displacement, node 20, m
        177   -8.355E+01                                 F               0         Blade 1 Z translation displacement, node 20, m
        178    3.075E+01                                 F               0         Blade 1 X translation displacement, node 21, m
        179   -1.002E+02                                 F               0         Blade 1 Y translation displacement, node 21, m
        180   -8.709E+01                                 F               0         Blade 1 Z translation displacement, node 21, m
        181    3.051E+01                                 F               0         Blade 1 X translation displacement, node 22, m
        182   -1.040E+02                                 F               0         Blade 1 Y translation displacement, node 22, m
        183   -9.063E+01                                 F               0         Blade 1 Z translation displacement, node 22, m
        184    3.028E+01                                 F               0         Blade 1 X translation displacement, node 23, m
        185   -1.079E+02                                 F               0         Blade 1 Y translation displacement, node 23, m
        186   -9.417E+01                                 F               0         Blade 1 Z translation displacement, node 23, m
        187    3.004E+01                                 F               0         Blade 1 X translation displacement, node 24, m
        188   -1.117E+02                                 F               0         Blade 1 Y translation displacement, node 24, m
        189   -9.771E+01                                 F               0         Blade 1 Z translation displacement, node 24, m
        190    2.980E+01                                 F               0         Blade 1 X translation displacement, node 25, m
        191   -1.156E+02                                 F               0         Blade 1 Y translation displacement, node 25, m
        192   -1.012E+02                                 F               0         Blade 1 Z translation displacement, node 25, m
        193    2.957E+01                                 F               0         Blade 1 X translation displacement, node 26, m
        194   -1.194E+02                                 F               0         Blade 1 Y translation displacement, node 26, m
        195   -1.048E+02                                 F               0         Blade 1 Z translation displacement, node 26, m
        196    2.933E+01                                 F               0         Blade 1 X translation displacement, node 27, m
        197   -1.233E+02                                 F               0         Blade 1 Y translation displacement, node 27, m
        198   -1.083E+02                                 F               0         Blade 1 Z translation displacement, node 27, m
        199    2.913E+01                                 F               0         Blade 1 X translation displacement, node 28, m
        200   -1.266E+02                                 F               0         Blade 1 Y translation displacement, node 28, m
        201   -1.113E+02                                 F               0         Blade 1 Z translation displacement, node 28, m
        202    7.163E-01, -2.457E-02, -6.974E-01         F               0         Blade 1 X orientation angle, node 1, rad
        203    6.964E-01,  8.700E-02,  7.123E-01         F               0         Blade 1 Y orientation angle, node 1, rad
        204    4.317E-02, -9.959E-01,  7.943E-02         F               0         Blade 1 Z orientation angle, node 1, rad
        205    7.163E-01, -2.457E-02, -6.974E-01         F               0         Blade 1 X orientation angle, node 2, rad
        206    6.964E-01,  8.700E-02,  7.123E-01         F               0         Blade 1 Y orientation angle, node 2, rad
        207    4.317E-02, -9.959E-01,  7.943E-02         F               0         Blade 1 Z orientation angle, node 2, rad
        208    8.610E-01, -3.253E-03, -5.087E-01         F               0         Blade 1 X orientation angle, node 3, rad
        209    5.068E-01,  9.034E-02,  8.573E-01         F               0         Blade 1 Y orientation angle, node 3, rad
        210    4.317E-02, -9.959E-01,  7.943E-02         F               0         Blade 1 Z orientation angle, node 3, rad
        211    8.816E-01,  5.648E-04, -4.720E-01         F               0         Blade 1 X orientation angle, node 4, rad
        212    4.700E-01,  9.040E-02,  8.780E-01         F               0         Blade 1 Y orientation angle, node 4, rad
        213    4.317E-02, -9.959E-01,  7.943E-02         F               0         Blade 1 Z orientation angle, node 4, rad
        214    8.967E-01,  3.562E-03, -4.426E-01         F               0         Blade 1 X orientation angle, node 5, rad
        215    4.405E-01,  9.033E-02,  8.932E-01         F               0         Blade 1 Y orientation angle, node 5, rad
        216    4.317E-02, -9.959E-01,  7.943E-02         F               0         Blade 1 Z orientation angle, node 5, rad
        217    9.081E-01,  5.957E-03, -4.188E-01         F               0         Blade 1 X orientation angle, node 6, rad
        218    4.166E-01,  9.021E-02,  9.046E-01         F               0         Blade 1 Y orientation angle, node 6, rad
        219    4.317E-02, -9.959E-01,  7.943E-02         F               0         Blade 1 Z orientation angle, node 6, rad
        220    9.169E-01,  7.923E-03, -3.990E-01         F               0         Blade 1 X orientation angle, node 7, rad
        221    3.967E-01,  9.005E-02,  9.135E-01         F               0         Blade 1 Y orientation angle, node 7, rad
        222    4.317E-02, -9.959E-01,  7.943E-02         F               0         Blade 1 Z orientation angle, node 7, rad
        223    9.240E-01,  9.556E-03, -3.823E-01         F               0         Blade 1 X orientation angle, node 8, rad
        224    3.800E-01,  8.989E-02,  9.206E-01         F               0         Blade 1 Y orientation angle, node 8, rad
        225    4.317E-02, -9.959E-01,  7.943E-02         F               0         Blade 1 Z orientation angle, node 8, rad
        226    9.297E-01,  1.094E-02, -3.681E-01         F               0         Blade 1 X orientation angle, node 9, rad
        227    3.657E-01,  8.974E-02,  9.264E-01         F               0         Blade 1 Y orientation angle, node 9, rad
        228    4.317E-02, -9.959E-01,  7.943E-02         F               0         Blade 1 Z orientation angle, node 9, rad
        229    9.345E-01,  1.213E-02, -3.558E-01         F               0         Blade 1 X orientation angle, node 10, rad
        230    3.534E-01,  8.958E-02,  9.312E-01         F               0         Blade 1 Y orientation angle, node 10, rad
        231    4.317E-02, -9.959E-01,  7.943E-02         F               0         Blade 1 Z orientation angle, node 10, rad
        232    9.384E-01,  1.314E-02, -3.452E-01         F               0         Blade 1 X orientation angle, node 11, rad
        233    3.428E-01,  8.944E-02,  9.352E-01         F               0         Blade 1 Y orientation angle, node 11, rad
        234    4.317E-02, -9.959E-01,  7.943E-02         F               0         Blade 1 Z orientation angle, node 11, rad
        235    9.418E-01,  1.403E-02, -3.359E-01         F               0         Blade 1 X orientation angle, node 12, rad
        236    3.334E-01,  8.931E-02,  9.385E-01         F               0         Blade 1 Y orientation angle, node 12, rad
        237    4.317E-02, -9.959E-01,  7.943E-02         F               0         Blade 1 Z orientation angle, node 12, rad
        238    9.447E-01,  1.481E-02, -3.277E-01         F               0         Blade 1 X orientation angle, node 13, rad
        239    3.252E-01,  8.918E-02,  9.414E-01         F               0         Blade 1 Y orientation angle, node 13, rad
        240    4.317E-02, -9.959E-01,  7.943E-02         F               0         Blade 1 Z orientation angle, node 13, rad
        241    9.472E-01,  1.551E-02, -3.203E-01         F               0         Blade 1 X orientation angle, node 14, rad
        242    3.177E-01,  8.906E-02,  9.440E-01         F               0         Blade 1 Y orientation angle, node 14, rad
        243    4.317E-02, -9.959E-01,  7.943E-02         F               0         Blade 1 Z orientation angle, node 14, rad
        244    9.494E-01,  1.613E-02, -3.137E-01         F               0         Blade 1 X orientation angle, node 15, rad
        245    3.111E-01,  8.895E-02,  9.462E-01         F               0         Blade 1 Y orientation angle, node 15, rad
        246    4.317E-02, -9.959E-01,  7.943E-02         F               0         Blade 1 Z orientation angle, node 15, rad
        247    9.513E-01,  1.669E-02, -3.077E-01         F               0         Blade 1 X orientation angle, node 16, rad
        248    3.052E-01,  8.885E-02,  9.481E-01         F               0         Blade 1 Y orientation angle, node 16, rad
        249    4.317E-02, -9.959E-01,  7.943E-02         F               0         Blade 1 Z orientation angle, node 16, rad
        250    9.530E-01,  1.718E-02, -3.024E-01         F               0         Blade 1 X orientation angle, node 17, rad
        251    2.998E-01,  8.875E-02,  9.499E-01         F               0         Blade 1 Y orientation angle, node 17, rad
        252    4.317E-02, -9.959E-01,  7.943E-02         F               0         Blade 1 Z orientation angle, node 17, rad
        253    9.546E-01,  1.765E-02, -2.975E-01         F               0         Blade 1 X orientation angle, node 18, rad
        254    2.948E-01,  8.866E-02,  9.514E-01         F               0         Blade 1 Y orientation angle, node 18, rad
        255    4.316E-02, -9.959E-01,  7.943E-02         F               0         Blade 1 Z orientation angle, node 18, rad
        256    9.559E-01,  1.807E-02, -2.930E-01         F               0         Blade 1 X orientation angle, node 19, rad
        257    2.903E-01,  8.858E-02,  9.528E-01         F               0         Blade 1 Y orientation angle, node 19, rad
        258    4.317E-02, -9.959E-01,  7.943E-02         F               0         Blade 1 Z orientation angle, node 19, rad
        259    9.572E-01,  1.844E-02, -2.890E-01         F               0         Blade 1 X orientation angle, node 20, rad
        260    2.863E-01,  8.850E-02,  9.540E-01         F               0         Blade 1 Y orientation angle, node 20, rad
        261    4.317E-02, -9.959E-01,  7.943E-02         F               0         Blade 1 Z orientation angle, node 20, rad
        262    9.583E-01,  1.879E-02, -2.851E-01         F               0         Blade 1 X orientation angle, node 21, rad
        263    2.825E-01,  8.843E-02,  9.552E-01         F               0         Blade 1 Y orientation angle, node 21, rad
        264    4.316E-02, -9.959E-01,  7.943E-02         F               0         Blade 1 Z orientation angle, node 21, rad
        265    9.593E-01,  1.912E-02, -2.816E-01         F               0         Blade 1 X orientation angle, node 22, rad
        266    2.790E-01,  8.836E-02,  9.562E-01         F               0         Blade 1 Y orientation angle, node 22, rad
        267    4.317E-02, -9.959E-01,  7.943E-02         F               0         Blade 1 Z orientation angle, node 22, rad
        268    9.602E-01,  1.941E-02, -2.785E-01         F               0         Blade 1 X orientation angle, node 23, rad
        269    2.758E-01,  8.829E-02,  9.572E-01         F               0         Blade 1 Y orientation angle, node 23, rad
        270    4.317E-02, -9.959E-01,  7.943E-02         F               0         Blade 1 Z orientation angle, node 23, rad
        271    9.611E-01,  1.969E-02, -2.755E-01         F               0         Blade 1 X orientation angle, node 24, rad
        272    2.728E-01,  8.823E-02,  9.580E-01         F               0         Blade 1 Y orientation angle, node 24, rad
        273    4.317E-02, -9.959E-01,  7.943E-02         F               0         Blade 1 Z orientation angle, node 24, rad
        274    9.619E-01,  1.995E-02, -2.726E-01         F               0         Blade 1 X orientation angle, node 25, rad
        275    2.699E-01,  8.817E-02,  9.588E-01         F               0         Blade 1 Y orientation angle, node 25, rad
        276    4.317E-02, -9.959E-01,  7.943E-02         F               0         Blade 1 Z orientation angle, node 25, rad
        277    9.626E-01,  2.018E-02, -2.701E-01         F               0         Blade 1 X orientation angle, node 26, rad
        278    2.674E-01,  8.812E-02,  9.595E-01         F               0         Blade 1 Y orientation angle, node 26, rad
        279    4.317E-02, -9.959E-01,  7.943E-02         F               0         Blade 1 Z orientation angle, node 26, rad
        280    9.633E-01,  2.041E-02, -2.676E-01         F               0         Blade 1 X orientation angle, node 27, rad
        281    2.649E-01,  8.807E-02,  9.603E-01         F               0         Blade 1 Y orientation angle, node 27, rad
        282    4.317E-02, -9.959E-01,  7.943E-02         F               0         Blade 1 Z orientation angle, node 27, rad
        283    9.637E-01,  2.053E-02, -2.663E-01         F               0         Blade 1 X orientation angle, node 28, rad
        284    2.635E-01,  8.804E-02,  9.606E-01         F               0         Blade 1 Y orientation angle, node 28, rad
        285    4.317E-02, -9.959E-01,  7.943E-02         F               0         Blade 1 Z orientation angle, node 28, rad
        286   -1.523E+00                                 F               0         Blade 1 X translation velocity, node 1, m/s
        287   -5.801E-01                                 F               0         Blade 1 Y translation velocity, node 1, m/s
        288   -5.541E+00                                 F               0         Blade 1 Z translation velocity, node 1, m/s
        289   -1.891E+00                                 F               0         Blade 1 X translation velocity, node 2, m/s
        290   -7.026E-01                                 F               0         Blade 1 Y translation velocity, node 2, m/s
        291   -6.876E+00                                 F               0         Blade 1 Z translation velocity, node 2, m/s
        292   -6.899E+00                                 F               0         Blade 1 X translation velocity, node 3, m/s
        293   -2.368E+00                                 F               0         Blade 1 Y translation velocity, node 3, m/s
        294   -2.504E+01                                 F               0         Blade 1 Z translation velocity, node 3, m/s
        295   -7.966E+00                                 F               0         Blade 1 X translation velocity, node 4, m/s
        296   -2.723E+00                                 F               0         Blade 1 Y translation velocity, node 4, m/s
        297   -2.890E+01                                 F               0         Blade 1 Z translation velocity, node 4, m/s
        298   -9.033E+00                                 F               0         Blade 1 X translation velocity, node 5, m/s
        299   -3.078E+00                                 F               0         Blade 1 Y translation velocity, node 5, m/s
        300   -3.277E+01                                 F               0         Blade 1 Z translation velocity, node 5, m/s
        301   -1.010E+01                                 F               0         Blade 1 X translation velocity, node 6, m/s
        302   -3.433E+00                                 F               0         Blade 1 Y translation velocity, node 6, m/s
        303   -3.664E+01                                 F               0         Blade 1 Z translation velocity, node 6, m/s
        304   -1.117E+01                                 F               0         Blade 1 X translation velocity, node 7, m/s
        305   -3.787E+00                                 F               0         Blade 1 Y translation velocity, node 7, m/s
        306   -4.051E+01                                 F               0         Blade 1 Z translation velocity, node 7, m/s
        307   -1.223E+01                                 F               0         Blade 1 X translation velocity, node 8, m/s
