
Linearized model: Predictions were generated on 19-Dec-2023 at 09:27:32 using OpenFAST, compiled as a 64-bit application using single precision at commit v3.5.1
 linked with  NWTC Subroutine Library; ElastoDyn; InflowWind; AeroDyn; ServoDyn; HydroDyn; MoorDyn (v2.0.0, 2023-09-18)

Description from the FAST input file: CCT-9 Campign 4 model. Input files to be run with OpenFAST 3.5.0. GitHub branch from Lu Wang (https://github.com/luwang00/openfast/tree/dev) compiled on March 7, 2023.

Simulation information:
   Simulation time:                  1005.9750 s
   Rotor Speed:                         1.0410 rad/s
   Azimuth:                             5.0648 rad
   Wind Speed:                         12.0000 m/s
   Number of continuous states:         0
   Number of discrete states:           0
   Number of constraint states:         0
   Number of inputs:                 1746
   Number of outputs:                   4
   Jacobians included in this file?    No

Order of inputs:
     Column   Operating Point                     Rotating Frame? Derivative Order Description
   ---------- ---------------                     --------------- ---------------- -----------
          1    1.511E+01                                 F               0         Tower X translation displacement, node 1, m
          2   -9.159E-01                                 F               0         Tower Y translation displacement, node 1, m
          3   -4.183E-01                                 F               0         Tower Z translation displacement, node 1, m
          4    1.702E+01                                 F               0         Tower X translation displacement, node 2, m
          5   -1.396E+00                                 F               0         Tower Y translation displacement, node 2, m
          6   -5.760E-01                                 F               0         Tower Z translation displacement, node 2, m
          7    1.896E+01                                 F               0         Tower X translation displacement, node 3, m
          8   -1.881E+00                                 F               0         Tower Y translation displacement, node 3, m
          9   -7.392E-01                                 F               0         Tower Z translation displacement, node 3, m
         10    2.093E+01                                 F               0         Tower X translation displacement, node 4, m
         11   -2.369E+00                                 F               0         Tower Y translation displacement, node 4, m
         12   -9.068E-01                                 F               0         Tower Z translation displacement, node 4, m
         13    2.292E+01                                 F               0         Tower X translation displacement, node 5, m
         14   -2.859E+00                                 F               0         Tower Y translation displacement, node 5, m
         15   -1.078E+00                                 F               0         Tower Z translation displacement, node 5, m
         16    2.493E+01                                 F               0         Tower X translation displacement, node 6, m
         17   -3.352E+00                                 F               0         Tower Y translation displacement, node 6, m
         18   -1.252E+00                                 F               0         Tower Z translation displacement, node 6, m
         19    2.695E+01                                 F               0         Tower X translation displacement, node 7, m
         20   -3.847E+00                                 F               0         Tower Y translation displacement, node 7, m
         21   -1.429E+00                                 F               0         Tower Z translation displacement, node 7, m
         22    2.899E+01                                 F               0         Tower X translation displacement, node 8, m
         23   -4.344E+00                                 F               0         Tower Y translation displacement, node 8, m
         24   -1.608E+00                                 F               0         Tower Z translation displacement, node 8, m
         25    3.103E+01                                 F               0         Tower X translation displacement, node 9, m
         26   -4.841E+00                                 F               0         Tower Y translation displacement, node 9, m
         27   -1.787E+00                                 F               0         Tower Z translation displacement, node 9, m
         28    3.307E+01                                 F               0         Tower X translation displacement, node 10, m
         29   -5.340E+00                                 F               0         Tower Y translation displacement, node 10, m
         30   -1.968E+00                                 F               0         Tower Z translation displacement, node 10, m
         31    3.512E+01                                 F               0         Tower X translation displacement, node 11, m
         32   -5.839E+00                                 F               0         Tower Y translation displacement, node 11, m
         33   -2.150E+00                                 F               0         Tower Z translation displacement, node 11, m
         34    9.881E-01,  1.530E-02, -1.529E-01         F               0         Tower X orientation angle, node 1, rad
         35   -9.183E-03,  9.991E-01,  4.065E-02         F               0         Tower Y orientation angle, node 1, rad
         36    1.533E-01, -3.876E-02,  9.874E-01         F               0         Tower Z orientation angle, node 1, rad
         37    9.877E-01,  1.540E-02, -1.554E-01         F               0         Tower X orientation angle, node 2, rad
         38   -9.129E-03,  9.991E-01,  4.099E-02         F               0         Tower Y orientation angle, node 2, rad
         39    1.559E-01, -3.907E-02,  9.870E-01         F               0         Tower Z orientation angle, node 2, rad
         40    9.874E-01,  1.549E-02, -1.577E-01         F               0         Tower X orientation angle, node 3, rad
         41   -9.079E-03,  9.991E-01,  4.130E-02         F               0         Tower Y orientation angle, node 3, rad
         42    1.582E-01, -3.935E-02,  9.866E-01         F               0         Tower Z orientation angle, node 3, rad
         43    9.870E-01,  1.557E-02, -1.597E-01         F               0         Tower X orientation angle, node 4, rad
         44   -9.036E-03,  9.991E-01,  4.157E-02         F               0         Tower Y orientation angle, node 4, rad
         45    1.602E-01, -3.959E-02,  9.863E-01         F               0         Tower Z orientation angle, node 4, rad
         46    9.868E-01,  1.564E-02, -1.613E-01         F               0         Tower X orientation angle, node 5, rad
         47   -8.998E-03,  9.991E-01,  4.181E-02         F               0         Tower Y orientation angle, node 5, rad
         48    1.618E-01, -3.980E-02,  9.860E-01         F               0         Tower Z orientation angle, node 5, rad
         49    9.866E-01,  1.569E-02, -1.626E-01         F               0         Tower X orientation angle, node 6, rad
         50   -8.966E-03,  9.991E-01,  4.200E-02         F               0         Tower Y orientation angle, node 6, rad
         51    1.631E-01, -3.998E-02,  9.858E-01         F               0         Tower Z orientation angle, node 6, rad
         52    9.864E-01,  1.573E-02, -1.636E-01         F               0         Tower X orientation angle, node 7, rad
         53   -8.940E-03,  9.991E-01,  4.216E-02         F               0         Tower Y orientation angle, node 7, rad
         54    1.642E-01, -4.012E-02,  9.856E-01         F               0         Tower Z orientation angle, node 7, rad
         55    9.863E-01,  1.576E-02, -1.644E-01         F               0         Tower X orientation angle, node 8, rad
         56   -8.920E-03,  9.991E-01,  4.228E-02         F               0         Tower Y orientation angle, node 8, rad
         57    1.649E-01, -4.023E-02,  9.855E-01         F               0         Tower Z orientation angle, node 8, rad
         58    9.862E-01,  1.579E-02, -1.649E-01         F               0         Tower X orientation angle, node 9, rad
         59   -8.906E-03,  9.991E-01,  4.236E-02         F               0         Tower Y orientation angle, node 9, rad
         60    1.655E-01, -4.031E-02,  9.854E-01         F               0         Tower Z orientation angle, node 9, rad
         61    9.861E-01,  1.580E-02, -1.653E-01         F               0         Tower X orientation angle, node 10, rad
         62   -8.896E-03,  9.991E-01,  4.242E-02         F               0         Tower Y orientation angle, node 10, rad
         63    1.658E-01, -4.036E-02,  9.853E-01         F               0         Tower Z orientation angle, node 10, rad
         64    9.861E-01,  1.581E-02, -1.655E-01         F               0         Tower X orientation angle, node 11, rad
         65   -8.891E-03,  9.991E-01,  4.245E-02         F               0         Tower Y orientation angle, node 11, rad
         66    1.660E-01, -4.039E-02,  9.853E-01         F               0         Tower Z orientation angle, node 11, rad
         67   -2.643E-04                                 F               0         Tower X translation velocity, node 1, m/s
         68   -1.848E-02                                 F               0         Tower Y translation velocity, node 1, m/s
         69    3.641E-03                                 F               0         Tower Z translation velocity, node 1, m/s
         70   -1.488E-04                                 F               0         Tower X translation velocity, node 2, m/s
         71   -3.086E-02                                 F               0         Tower Y translation velocity, node 2, m/s
         72    3.136E-03                                 F               0         Tower Z translation velocity, node 2, m/s
         73   -7.995E-05                                 F               0         Tower X translation velocity, node 3, m/s
         74   -4.340E-02                                 F               0         Tower Y translation velocity, node 3, m/s
         75    2.626E-03                                 F               0         Tower Z translation velocity, node 3, m/s
         76   -4.132E-05                                 F               0         Tower X translation velocity, node 4, m/s
         77   -5.608E-02                                 F               0         Tower Y translation velocity, node 4, m/s
         78    2.112E-03                                 F               0         Tower Z translation velocity, node 4, m/s
         79   -2.250E-05                                 F               0         Tower X translation velocity, node 5, m/s
         80   -6.888E-02                                 F               0         Tower Y translation velocity, node 5, m/s
         81    1.594E-03                                 F               0         Tower Z translation velocity, node 5, m/s
         82   -1.437E-05                                 F               0         Tower X translation velocity, node 6, m/s
         83   -8.176E-02                                 F               0         Tower Y translation velocity, node 6, m/s
         84    1.071E-03                                 F               0         Tower Z translation velocity, node 6, m/s
         85   -9.660E-06                                 F               0         Tower X translation velocity, node 7, m/s
         86   -9.472E-02                                 F               0         Tower Y translation velocity, node 7, m/s
         87    5.441E-04                                 F               0         Tower Z translation velocity, node 7, m/s
         88   -3.637E-06                                 F               0         Tower X translation velocity, node 8, m/s
         89   -1.077E-01                                 F               0         Tower Y translation velocity, node 8, m/s
         90    1.245E-05                                 F               0         Tower Z translation velocity, node 8, m/s
         91    7.040E-06                                 F               0         Tower X translation velocity, node 9, m/s
         92   -1.208E-01                                 F               0         Tower Y translation velocity, node 9, m/s
         93   -5.231E-04                                 F               0         Tower Z translation velocity, node 9, m/s
         94    2.353E-05                                 F               0         Tower X translation velocity, node 10, m/s
         95   -1.339E-01                                 F               0         Tower Y translation velocity, node 10, m/s
         96   -1.062E-03                                 F               0         Tower Z translation velocity, node 10, m/s
         97    4.539E-05                                 F               0         Tower X translation velocity, node 11, m/s
         98   -1.470E-01                                 F               0         Tower Y translation velocity, node 11, m/s
         99   -1.603E-03                                 F               0         Tower Z translation velocity, node 11, m/s
        100    3.658E+01                                 F               0         Hub X translation displacement, node 1, m
        101   -6.326E+00                                 F               0         Hub Y translation displacement, node 1, m
        102   -4.782E-01                                 F               0         Hub Z translation displacement, node 1, m
        103    9.633E-01,  1.994E-02, -2.675E-01         F               0         Hub X orientation angle, node 1, rad
        104   -2.547E-01,  3.810E-01, -8.888E-01         F               0         Hub Y orientation angle, node 1, rad
        105    8.421E-02,  9.244E-01,  3.721E-01         F               0         Hub Z orientation angle, node 1, rad
        106    1.004E+00                                 F               0         Hub X rotation velocity, node 1, rad/s
        107    2.077E-02                                 F               0         Hub Y rotation velocity, node 1, rad/s
        108   -2.788E-01                                 F               0         Hub Z rotation velocity, node 1, rad/s
        109    9.705E-01,  8.630E-03, -2.411E-01         F               0         Blade root 1 X orientation angle, node 1, rad
        110   -2.260E-01,  3.814E-01, -8.963E-01         F               0         Blade root 1 Y orientation angle, node 1, rad
        111    8.421E-02,  9.244E-01,  3.721E-01         F               0         Blade root 1 Z orientation angle, node 1, rad
        112    9.570E-01,  1.836E-03, -2.902E-01         F               0         Blade root 2 X orientation angle, node 1, rad
        113    2.288E-01,  6.103E-01,  7.584E-01         F               0         Blade root 2 Y orientation angle, node 1, rad
        114    1.785E-01, -7.921E-01,  5.837E-01         F               0         Blade root 2 Z orientation angle, node 1, rad
        115    9.613E-01,  4.933E-02, -2.711E-01         F               0         Blade root 3 X orientation angle, node 1, rad
        116    8.299E-02, -9.900E-01,  1.141E-01         F               0         Blade root 3 Y orientation angle, node 1, rad
        117   -2.627E-01, -1.322E-01, -9.558E-01         F               0         Blade root 3 Z orientation angle, node 1, rad
        118    3.647E+01                                 F               0         Blade 1 X translation displacement, node 1, m
        119   -1.205E+00                                 F               0         Blade 1 Y translation displacement, node 1, m
        120   -3.926E+00                                 F               0         Blade 1 Z translation displacement, node 1, m
        121    3.644E+01                                 F               0         Blade 1 X translation displacement, node 2, m
        122    2.848E-02                                 F               0         Blade 1 Y translation displacement, node 2, m
        123   -4.757E+00                                 F               0         Blade 1 Z translation displacement, node 2, m
        124    3.607E+01                                 F               0         Blade 1 X translation displacement, node 3, m
        125    1.681E+01                                 F               0         Blade 1 Y translation displacement, node 3, m
        126   -1.606E+01                                 F               0         Blade 1 Z translation displacement, node 3, m
        127    3.599E+01                                 F               0         Blade 1 X translation displacement, node 4, m
        128    2.038E+01                                 F               0         Blade 1 Y translation displacement, node 4, m
        129   -1.846E+01                                 F               0         Blade 1 Z translation displacement, node 4, m
        130    3.591E+01                                 F               0         Blade 1 X translation displacement, node 5, m
        131    2.396E+01                                 F               0         Blade 1 Y translation displacement, node 5, m
        132   -2.087E+01                                 F               0         Blade 1 Z translation displacement, node 5, m
        133    3.583E+01                                 F               0         Blade 1 X translation displacement, node 6, m
        134    2.753E+01                                 F               0         Blade 1 Y translation displacement, node 6, m
        135   -2.328E+01                                 F               0         Blade 1 Z translation displacement, node 6, m
        136    3.576E+01                                 F               0         Blade 1 X translation displacement, node 7, m
        137    3.111E+01                                 F               0         Blade 1 Y translation displacement, node 7, m
        138   -2.568E+01                                 F               0         Blade 1 Z translation displacement, node 7, m
        139    3.568E+01                                 F               0         Blade 1 X translation displacement, node 8, m
        140    3.468E+01                                 F               0         Blade 1 Y translation displacement, node 8, m
        141   -2.809E+01                                 F               0         Blade 1 Z translation displacement, node 8, m
        142    3.560E+01                                 F               0         Blade 1 X translation displacement, node 9, m
        143    3.826E+01                                 F               0         Blade 1 Y translation displacement, node 9, m
        144   -3.050E+01                                 F               0         Blade 1 Z translation displacement, node 9, m
        145    3.552E+01                                 F               0         Blade 1 X translation displacement, node 10, m
        146    4.183E+01                                 F               0         Blade 1 Y translation displacement, node 10, m
        147   -3.291E+01                                 F               0         Blade 1 Z translation displacement, node 10, m
        148    3.544E+01                                 F               0         Blade 1 X translation displacement, node 11, m
        149    4.541E+01                                 F               0         Blade 1 Y translation displacement, node 11, m
        150   -3.531E+01                                 F               0         Blade 1 Z translation displacement, node 11, m
        151    3.536E+01                                 F               0         Blade 1 X translation displacement, node 12, m
        152    4.898E+01                                 F               0         Blade 1 Y translation displacement, node 12, m
        153   -3.772E+01                                 F               0         Blade 1 Z translation displacement, node 12, m
        154    3.528E+01                                 F               0         Blade 1 X translation displacement, node 13, m
        155    5.256E+01                                 F               0         Blade 1 Y translation displacement, node 13, m
        156   -4.013E+01                                 F               0         Blade 1 Z translation displacement, node 13, m
        157    3.521E+01                                 F               0         Blade 1 X translation displacement, node 14, m
        158    5.613E+01                                 F               0         Blade 1 Y translation displacement, node 14, m
        159   -4.254E+01                                 F               0         Blade 1 Z translation displacement, node 14, m
        160    3.513E+01                                 F               0         Blade 1 X translation displacement, node 15, m
        161    5.971E+01                                 F               0         Blade 1 Y translation displacement, node 15, m
        162   -4.494E+01                                 F               0         Blade 1 Z translation displacement, node 15, m
        163    3.505E+01                                 F               0         Blade 1 X translation displacement, node 16, m
        164    6.328E+01                                 F               0         Blade 1 Y translation displacement, node 16, m
        165   -4.735E+01                                 F               0         Blade 1 Z translation displacement, node 16, m
        166    3.497E+01                                 F               0         Blade 1 X translation displacement, node 17, m
        167    6.686E+01                                 F               0         Blade 1 Y translation displacement, node 17, m
        168   -4.976E+01                                 F               0         Blade 1 Z translation displacement, node 17, m
        169    3.489E+01                                 F               0         Blade 1 X translation displacement, node 18, m
        170    7.043E+01                                 F               0         Blade 1 Y translation displacement, node 18, m
        171   -5.216E+01                                 F               0         Blade 1 Z translation displacement, node 18, m
        172    3.481E+01                                 F               0         Blade 1 X translation displacement, node 19, m
        173    7.401E+01                                 F               0         Blade 1 Y translation displacement, node 19, m
        174   -5.457E+01                                 F               0         Blade 1 Z translation displacement, node 19, m
        175    3.473E+01                                 F               0         Blade 1 X translation displacement, node 20, m
        176    7.759E+01                                 F               0         Blade 1 Y translation displacement, node 20, m
        177   -5.698E+01                                 F               0         Blade 1 Z translation displacement, node 20, m
        178    3.466E+01                                 F               0         Blade 1 X translation displacement, node 21, m
        179    8.116E+01                                 F               0         Blade 1 Y translation displacement, node 21, m
        180   -5.939E+01                                 F               0         Blade 1 Z translation displacement, node 21, m
        181    3.458E+01                                 F               0         Blade 1 X translation displacement, node 22, m
        182    8.474E+01                                 F               0         Blade 1 Y translation displacement, node 22, m
        183   -6.179E+01                                 F               0         Blade 1 Z translation displacement, node 22, m
        184    3.450E+01                                 F               0         Blade 1 X translation displacement, node 23, m
        185    8.831E+01                                 F               0         Blade 1 Y translation displacement, node 23, m
        186   -6.420E+01                                 F               0         Blade 1 Z translation displacement, node 23, m
        187    3.442E+01                                 F               0         Blade 1 X translation displacement, node 24, m
        188    9.189E+01                                 F               0         Blade 1 Y translation displacement, node 24, m
        189   -6.661E+01                                 F               0         Blade 1 Z translation displacement, node 24, m
        190    3.434E+01                                 F               0         Blade 1 X translation displacement, node 25, m
        191    9.546E+01                                 F               0         Blade 1 Y translation displacement, node 25, m
        192   -6.901E+01                                 F               0         Blade 1 Z translation displacement, node 25, m
        193    3.426E+01                                 F               0         Blade 1 X translation displacement, node 26, m
        194    9.904E+01                                 F               0         Blade 1 Y translation displacement, node 26, m
        195   -7.142E+01                                 F               0         Blade 1 Z translation displacement, node 26, m
        196    3.418E+01                                 F               0         Blade 1 X translation displacement, node 27, m
        197    1.026E+02                                 F               0         Blade 1 Y translation displacement, node 27, m
        198   -7.383E+01                                 F               0         Blade 1 Z translation displacement, node 27, m
        199    3.412E+01                                 F               0         Blade 1 X translation displacement, node 28, m
        200    1.056E+02                                 F               0         Blade 1 Y translation displacement, node 28, m
        201   -7.587E+01                                 F               0         Blade 1 Z translation displacement, node 28, m
        202    9.668E-01, -1.663E-01,  1.942E-01         F               0         Blade 1 X orientation angle, node 1, rad
        203    2.414E-01,  3.434E-01, -9.076E-01         F               0         Blade 1 Y orientation angle, node 1, rad
        204    8.421E-02,  9.244E-01,  3.721E-01         F               0         Blade 1 Z orientation angle, node 1, rad
        205    9.668E-01, -1.663E-01,  1.942E-01         F               0         Blade 1 X orientation angle, node 2, rad
        206    2.414E-01,  3.434E-01, -9.076E-01         F               0         Blade 1 Y orientation angle, node 2, rad
        207    8.421E-02,  9.244E-01,  3.721E-01         F               0         Blade 1 Z orientation angle, node 2, rad
        208    9.964E-01, -8.013E-02, -2.645E-02         F               0         Blade 1 X orientation angle, node 3, rad
        209    5.367E-03,  3.730E-01, -9.278E-01         F               0         Blade 1 Y orientation angle, node 3, rad
        210    8.421E-02,  9.244E-01,  3.721E-01         F               0         Blade 1 Z orientation angle, node 3, rad
        211    9.958E-01, -6.431E-02, -6.560E-02         F               0         Blade 1 X orientation angle, node 4, rad
        212   -3.671E-02,  3.761E-01, -9.259E-01         F               0         Blade 1 Y orientation angle, node 4, rad
        213    8.421E-02,  9.244E-01,  3.721E-01         F               0         Blade 1 Z orientation angle, node 4, rad
        214    9.940E-01, -5.181E-02, -9.627E-02         F               0         Blade 1 X orientation angle, node 5, rad
        215   -6.971E-02,  3.780E-01, -9.232E-01         F               0         Blade 1 Y orientation angle, node 5, rad
        216    8.421E-02,  9.244E-01,  3.721E-01         F               0         Blade 1 Z orientation angle, node 5, rad
        217    9.918E-01, -4.176E-02, -1.207E-01         F               0         Blade 1 X orientation angle, node 6, rad
        218   -9.605E-02,  3.792E-01, -9.203E-01         F               0         Blade 1 Y orientation angle, node 6, rad
        219    8.421E-02,  9.244E-01,  3.721E-01         F               0         Blade 1 Z orientation angle, node 6, rad
        220    9.895E-01, -3.348E-02, -1.408E-01         F               0         Blade 1 X orientation angle, node 7, rad
        221   -1.177E-01,  3.801E-01, -9.174E-01         F               0         Blade 1 Y orientation angle, node 7, rad
        222    8.421E-02,  9.244E-01,  3.721E-01         F               0         Blade 1 Z orientation angle, node 7, rad
        223    9.872E-01, -2.657E-02, -1.574E-01         F               0         Blade 1 X orientation angle, node 8, rad
        224   -1.356E-01,  3.806E-01, -9.147E-01         F               0         Blade 1 Y orientation angle, node 8, rad
        225    8.421E-02,  9.244E-01,  3.721E-01         F               0         Blade 1 Z orientation angle, node 8, rad
        226    9.850E-01, -2.073E-02, -1.714E-01         F               0         Blade 1 X orientation angle, node 9, rad
        227   -1.507E-01,  3.810E-01, -9.122E-01         F               0         Blade 1 Y orientation angle, node 9, rad
        228    8.421E-02,  9.244E-01,  3.721E-01         F               0         Blade 1 Z orientation angle, node 9, rad
        229    9.829E-01, -1.567E-02, -1.835E-01         F               0         Blade 1 X orientation angle, node 10, rad
        230   -1.638E-01,  3.812E-01, -9.099E-01         F               0         Blade 1 Y orientation angle, node 10, rad
        231    8.421E-02,  9.244E-01,  3.721E-01         F               0         Blade 1 Z orientation angle, node 10, rad
        232    9.810E-01, -1.134E-02, -1.938E-01         F               0         Blade 1 X orientation angle, node 11, rad
        233   -1.749E-01,  3.814E-01, -9.077E-01         F               0         Blade 1 Y orientation angle, node 11, rad
        234    8.421E-02,  9.244E-01,  3.721E-01         F               0         Blade 1 Z orientation angle, node 11, rad
        235    9.792E-01, -7.550E-03, -2.028E-01         F               0         Blade 1 X orientation angle, node 12, rad
        236   -1.847E-01,  3.815E-01, -9.057E-01         F               0         Blade 1 Y orientation angle, node 12, rad
        237    8.421E-02,  9.244E-01,  3.721E-01         F               0         Blade 1 Z orientation angle, node 12, rad
        238    9.775E-01, -4.221E-03, -2.107E-01         F               0         Blade 1 X orientation angle, node 13, rad
        239   -1.932E-01,  3.815E-01, -9.039E-01         F               0         Blade 1 Y orientation angle, node 13, rad
        240    8.421E-02,  9.244E-01,  3.721E-01         F               0         Blade 1 Z orientation angle, node 13, rad
        241    9.760E-01, -1.225E-03, -2.178E-01         F               0         Blade 1 X orientation angle, node 14, rad
        242   -2.009E-01,  3.815E-01, -9.023E-01         F               0         Blade 1 Y orientation angle, node 14, rad
        243    8.421E-02,  9.244E-01,  3.721E-01         F               0         Blade 1 Z orientation angle, node 14, rad
        244    9.746E-01,  1.439E-03, -2.241E-01         F               0         Blade 1 X orientation angle, node 15, rad
        245   -2.077E-01,  3.815E-01, -9.007E-01         F               0         Blade 1 Y orientation angle, node 15, rad
        246    8.421E-02,  9.244E-01,  3.721E-01         F               0         Blade 1 Z orientation angle, node 15, rad
        247    9.732E-01,  3.836E-03, -2.298E-01         F               0         Blade 1 X orientation angle, node 16, rad
        248   -2.138E-01,  3.815E-01, -8.993E-01         F               0         Blade 1 Y orientation angle, node 16, rad
        249    8.421E-02,  9.244E-01,  3.721E-01         F               0         Blade 1 Z orientation angle, node 16, rad
        250    9.720E-01,  5.967E-03, -2.348E-01         F               0         Blade 1 X orientation angle, node 17, rad
        251   -2.193E-01,  3.815E-01, -8.980E-01         F               0         Blade 1 Y orientation angle, node 17, rad
        252    8.421E-02,  9.244E-01,  3.721E-01         F               0         Blade 1 Z orientation angle, node 17, rad
        253    9.709E-01,  7.964E-03, -2.395E-01         F               0         Blade 1 X orientation angle, node 18, rad
        254   -2.243E-01,  3.814E-01, -8.968E-01         F               0         Blade 1 Y orientation angle, node 18, rad
        255    8.421E-02,  9.244E-01,  3.721E-01         F               0         Blade 1 Z orientation angle, node 18, rad
        256    9.698E-01,  9.761E-03, -2.437E-01         F               0         Blade 1 X orientation angle, node 19, rad
        257   -2.289E-01,  3.814E-01, -8.956E-01         F               0         Blade 1 Y orientation angle, node 19, rad
        258    8.421E-02,  9.244E-01,  3.721E-01         F               0         Blade 1 Z orientation angle, node 19, rad
        259    9.688E-01,  1.136E-02, -2.475E-01         F               0         Blade 1 X orientation angle, node 20, rad
        260   -2.330E-01,  3.814E-01, -8.946E-01         F               0         Blade 1 Y orientation angle, node 20, rad
        261    8.421E-02,  9.244E-01,  3.721E-01         F               0         Blade 1 Z orientation angle, node 20, rad
        262    9.679E-01,  1.289E-02, -2.511E-01         F               0         Blade 1 X orientation angle, node 21, rad
        263   -2.369E-01,  3.813E-01, -8.936E-01         F               0         Blade 1 Y orientation angle, node 21, rad
        264    8.421E-02,  9.244E-01,  3.721E-01         F               0         Blade 1 Z orientation angle, node 21, rad
        265    9.670E-01,  1.429E-02, -2.543E-01         F               0         Blade 1 X orientation angle, node 22, rad
        266   -2.404E-01,  3.813E-01, -8.927E-01         F               0         Blade 1 Y orientation angle, node 22, rad
        267    8.421E-02,  9.244E-01,  3.721E-01         F               0         Blade 1 Z orientation angle, node 22, rad
        268    9.662E-01,  1.555E-02, -2.573E-01         F               0         Blade 1 X orientation angle, node 23, rad
        269   -2.436E-01,  3.812E-01, -8.918E-01         F               0         Blade 1 Y orientation angle, node 23, rad
        270    8.421E-02,  9.244E-01,  3.721E-01         F               0         Blade 1 Z orientation angle, node 23, rad
        271    9.654E-01,  1.675E-02, -2.601E-01         F               0         Blade 1 X orientation angle, node 24, rad
        272   -2.467E-01,  3.812E-01, -8.910E-01         F               0         Blade 1 Y orientation angle, node 24, rad
        273    8.421E-02,  9.244E-01,  3.721E-01         F               0         Blade 1 Z orientation angle, node 24, rad
        274    9.647E-01,  1.788E-02, -2.627E-01         F               0         Blade 1 X orientation angle, node 25, rad
        275   -2.495E-01,  3.811E-01, -8.902E-01         F               0         Blade 1 Y orientation angle, node 25, rad
        276    8.421E-02,  9.244E-01,  3.721E-01         F               0         Blade 1 Z orientation angle, node 25, rad
        277    9.640E-01,  1.888E-02, -2.651E-01         F               0         Blade 1 X orientation angle, node 26, rad
        278   -2.520E-01,  3.811E-01, -8.895E-01         F               0         Blade 1 Y orientation angle, node 26, rad
        279    8.421E-02,  9.244E-01,  3.721E-01         F               0         Blade 1 Z orientation angle, node 26, rad
        280    9.634E-01,  1.988E-02, -2.674E-01         F               0         Blade 1 X orientation angle, node 27, rad
        281   -2.546E-01,  3.810E-01, -8.888E-01         F               0         Blade 1 Y orientation angle, node 27, rad
        282    8.421E-02,  9.244E-01,  3.721E-01         F               0         Blade 1 Z orientation angle, node 27, rad
        283    9.630E-01,  2.041E-02, -2.686E-01         F               0         Blade 1 X orientation angle, node 28, rad
        284   -2.559E-01,  3.810E-01, -8.885E-01         F               0         Blade 1 Y orientation angle, node 28, rad
        285    8.421E-02,  9.244E-01,  3.721E-01         F               0         Blade 1 Z orientation angle, node 28, rad
        286    1.471E+00                                 F               0         Blade 1 X translation velocity, node 1, m/s
        287   -2.353E+00                                 F               0         Blade 1 Y translation velocity, node 1, m/s
        288    5.129E+00                                 F               0         Blade 1 Z translation velocity, node 1, m/s
        289    1.825E+00                                 F               0         Blade 1 X translation velocity, node 2, m/s
        290   -2.883E+00                                 F               0         Blade 1 Y translation velocity, node 2, m/s
        291    6.365E+00                                 F               0         Blade 1 Z translation velocity, node 2, m/s
        292    6.644E+00                                 F               0         Blade 1 X translation velocity, node 3, m/s
        293   -1.009E+01                                 F               0         Blade 1 Y translation velocity, node 3, m/s
        294    2.318E+01                                 F               0         Blade 1 Z translation velocity, node 3, m/s
        295    7.671E+00                                 F               0         Blade 1 X translation velocity, node 4, m/s
        296   -1.163E+01                                 F               0         Blade 1 Y translation velocity, node 4, m/s
        297    2.676E+01                                 F               0         Blade 1 Z translation velocity, node 4, m/s
        298    8.697E+00                                 F               0         Blade 1 X translation velocity, node 5, m/s
        299   -1.316E+01                                 F               0         Blade 1 Y translation velocity, node 5, m/s
        300    3.034E+01                                 F               0         Blade 1 Z translation velocity, node 5, m/s
        301    9.724E+00                                 F               0         Blade 1 X translation velocity, node 6, m/s
        302   -1.470E+01                                 F               0         Blade 1 Y translation velocity, node 6, m/s
        303    3.392E+01                                 F               0         Blade 1 Z translation velocity, node 6, m/s
        304    1.075E+01                                 F               0         Blade 1 X translation velocity, node 7, m/s
        305   -1.623E+01                                 F               0         Blade 1 Y translation velocity, node 7, m/s
        306    3.750E+01                                 F               0         Blade 1 Z translation velocity, node 7, m/s
        307    1.178E+01                                 F               0         Blade 1 X translation velocity, node 8, m/s
