
Linearized model: Predictions were generated on 19-Dec-2023 at 09:27:32 using OpenFAST, compiled as a 64-bit application using single precision at commit v3.5.1
 linked with  NWTC Subroutine Library; ElastoDyn; InflowWind; AeroDyn; ServoDyn; HydroDyn; MoorDyn (v2.0.0, 2023-09-18)

Description from the FAST input file: CCT-9 Campign 4 model. Input files to be run with OpenFAST 3.5.0. GitHub branch from Lu Wang (https://github.com/luwang00/openfast/tree/dev) compiled on March 7, 2023.

Simulation information:
   Simulation time:                  1005.4750 s
   Rotor Speed:                         1.0410 rad/s
   Azimuth:                             4.5443 rad
   Wind Speed:                         12.0000 m/s
   Number of continuous states:         0
   Number of discrete states:           0
   Number of constraint states:         0
   Number of inputs:                 1746
   Number of outputs:                   4
   Jacobians included in this file?    No

Order of inputs:
     Column   Operating Point                     Rotating Frame? Derivative Order Description
   ---------- ---------------                     --------------- ---------------- -----------
          1    1.511E+01                                 F               0         Tower X translation displacement, node 1, m
          2   -9.070E-01                                 F               0         Tower Y translation displacement, node 1, m
          3   -4.202E-01                                 F               0         Tower Z translation displacement, node 1, m
          4    1.702E+01                                 F               0         Tower X translation displacement, node 2, m
          5   -1.382E+00                                 F               0         Tower Y translation displacement, node 2, m
          6   -5.777E-01                                 F               0         Tower Z translation displacement, node 2, m
          7    1.896E+01                                 F               0         Tower X translation displacement, node 3, m
          8   -1.860E+00                                 F               0         Tower Y translation displacement, node 3, m
          9   -7.406E-01                                 F               0         Tower Z translation displacement, node 3, m
         10    2.093E+01                                 F               0         Tower X translation displacement, node 4, m
         11   -2.342E+00                                 F               0         Tower Y translation displacement, node 4, m
         12   -9.079E-01                                 F               0         Tower Z translation displacement, node 4, m
         13    2.292E+01                                 F               0         Tower X translation displacement, node 5, m
         14   -2.826E+00                                 F               0         Tower Y translation displacement, node 5, m
         15   -1.079E+00                                 F               0         Tower Z translation displacement, node 5, m
         16    2.493E+01                                 F               0         Tower X translation displacement, node 6, m
         17   -3.313E+00                                 F               0         Tower Y translation displacement, node 6, m
         18   -1.253E+00                                 F               0         Tower Z translation displacement, node 6, m
         19    2.695E+01                                 F               0         Tower X translation displacement, node 7, m
         20   -3.802E+00                                 F               0         Tower Y translation displacement, node 7, m
         21   -1.429E+00                                 F               0         Tower Z translation displacement, node 7, m
         22    2.899E+01                                 F               0         Tower X translation displacement, node 8, m
         23   -4.292E+00                                 F               0         Tower Y translation displacement, node 8, m
         24   -1.608E+00                                 F               0         Tower Z translation displacement, node 8, m
         25    3.103E+01                                 F               0         Tower X translation displacement, node 9, m
         26   -4.783E+00                                 F               0         Tower Y translation displacement, node 9, m
         27   -1.787E+00                                 F               0         Tower Z translation displacement, node 9, m
         28    3.307E+01                                 F               0         Tower X translation displacement, node 10, m
         29   -5.275E+00                                 F               0         Tower Y translation displacement, node 10, m
         30   -1.968E+00                                 F               0         Tower Z translation displacement, node 10, m
         31    3.512E+01                                 F               0         Tower X translation displacement, node 11, m
         32   -5.768E+00                                 F               0         Tower Y translation displacement, node 11, m
         33   -2.149E+00                                 F               0         Tower Z translation displacement, node 11, m
         34    9.881E-01,  1.542E-02, -1.528E-01         F               0         Tower X orientation angle, node 1, rad
         35   -9.374E-03,  9.991E-01,  4.019E-02         F               0         Tower Y orientation angle, node 1, rad
         36    1.533E-01, -3.828E-02,  9.874E-01         F               0         Tower Z orientation angle, node 1, rad
         37    9.877E-01,  1.552E-02, -1.554E-01         F               0         Tower X orientation angle, node 2, rad
         38   -9.320E-03,  9.991E-01,  4.053E-02         F               0         Tower Y orientation angle, node 2, rad
         39    1.559E-01, -3.859E-02,  9.870E-01         F               0         Tower Z orientation angle, node 2, rad
         40    9.874E-01,  1.561E-02, -1.577E-01         F               0         Tower X orientation angle, node 3, rad
         41   -9.272E-03,  9.991E-01,  4.084E-02         F               0         Tower Y orientation angle, node 3, rad
         42    1.582E-01, -3.886E-02,  9.866E-01         F               0         Tower Z orientation angle, node 3, rad
         43    9.870E-01,  1.569E-02, -1.597E-01         F               0         Tower X orientation angle, node 4, rad
         44   -9.229E-03,  9.991E-01,  4.110E-02         F               0         Tower Y orientation angle, node 4, rad
         45    1.602E-01, -3.910E-02,  9.863E-01         F               0         Tower Z orientation angle, node 4, rad
         46    9.868E-01,  1.575E-02, -1.613E-01         F               0         Tower X orientation angle, node 5, rad
         47   -9.192E-03,  9.991E-01,  4.133E-02         F               0         Tower Y orientation angle, node 5, rad
         48    1.618E-01, -3.930E-02,  9.860E-01         F               0         Tower Z orientation angle, node 5, rad
         49    9.866E-01,  1.580E-02, -1.626E-01         F               0         Tower X orientation angle, node 6, rad
         50   -9.160E-03,  9.991E-01,  4.152E-02         F               0         Tower Y orientation angle, node 6, rad
         51    1.631E-01, -3.948E-02,  9.858E-01         F               0         Tower Z orientation angle, node 6, rad
         52    9.864E-01,  1.584E-02, -1.636E-01         F               0         Tower X orientation angle, node 7, rad
         53   -9.135E-03,  9.991E-01,  4.168E-02         F               0         Tower Y orientation angle, node 7, rad
         54    1.642E-01, -3.961E-02,  9.856E-01         F               0         Tower Z orientation angle, node 7, rad
         55    9.863E-01,  1.588E-02, -1.644E-01         F               0         Tower X orientation angle, node 8, rad
         56   -9.115E-03,  9.991E-01,  4.179E-02         F               0         Tower Y orientation angle, node 8, rad
         57    1.649E-01, -3.972E-02,  9.855E-01         F               0         Tower Z orientation angle, node 8, rad
         58    9.862E-01,  1.590E-02, -1.649E-01         F               0         Tower X orientation angle, node 9, rad
         59   -9.101E-03,  9.991E-01,  4.188E-02         F               0         Tower Y orientation angle, node 9, rad
         60    1.655E-01, -3.980E-02,  9.854E-01         F               0         Tower Z orientation angle, node 9, rad
         61    9.861E-01,  1.591E-02, -1.653E-01         F               0         Tower X orientation angle, node 10, rad
         62   -9.091E-03,  9.991E-01,  4.194E-02         F               0         Tower Y orientation angle, node 10, rad
         63    1.658E-01, -3.985E-02,  9.854E-01         F               0         Tower Z orientation angle, node 10, rad
         64    9.861E-01,  1.592E-02, -1.655E-01         F               0         Tower X orientation angle, node 11, rad
         65   -9.086E-03,  9.991E-01,  4.197E-02         F               0         Tower Y orientation angle, node 11, rad
         66    1.660E-01, -3.988E-02,  9.853E-01         F               0         Tower Z orientation angle, node 11, rad
         67   -3.416E-04                                 F               0         Tower X translation velocity, node 1, m/s
         68   -1.816E-02                                 F               0         Tower Y translation velocity, node 1, m/s
         69    4.168E-03                                 F               0         Tower Z translation velocity, node 1, m/s
         70   -1.958E-04                                 F               0         Tower X translation velocity, node 2, m/s
         71   -3.018E-02                                 F               0         Tower Y translation velocity, node 2, m/s
         72    3.677E-03                                 F               0         Tower Z translation velocity, node 2, m/s
         73   -1.070E-06                                 F               0         Tower X translation velocity, node 3, m/s
         74   -4.236E-02                                 F               0         Tower Y translation velocity, node 3, m/s
         75    3.168E-03                                 F               0         Tower Z translation velocity, node 3, m/s
         76    2.292E-04                                 F               0         Tower X translation velocity, node 4, m/s
         77   -5.465E-02                                 F               0         Tower Y translation velocity, node 4, m/s
         78    2.645E-03                                 F               0         Tower Z translation velocity, node 4, m/s
         79    4.870E-04                                 F               0         Tower X translation velocity, node 5, m/s
         80   -6.704E-02                                 F               0         Tower Y translation velocity, node 5, m/s
         81    2.110E-03                                 F               0         Tower Z translation velocity, node 5, m/s
         82    7.653E-04                                 F               0         Tower X translation velocity, node 6, m/s
         83   -7.951E-02                                 F               0         Tower Y translation velocity, node 6, m/s
         84    1.566E-03                                 F               0         Tower Z translation velocity, node 6, m/s
         85    1.057E-03                                 F               0         Tower X translation velocity, node 7, m/s
         86   -9.204E-02                                 F               0         Tower Y translation velocity, node 7, m/s
         87    1.015E-03                                 F               0         Tower Z translation velocity, node 7, m/s
         88    1.359E-03                                 F               0         Tower X translation velocity, node 8, m/s
         89   -1.046E-01                                 F               0         Tower Y translation velocity, node 8, m/s
         90    4.581E-04                                 F               0         Tower Z translation velocity, node 8, m/s
         91    1.666E-03                                 F               0         Tower X translation velocity, node 9, m/s
         92   -1.172E-01                                 F               0         Tower Y translation velocity, node 9, m/s
         93   -1.026E-04                                 F               0         Tower Z translation velocity, node 9, m/s
         94    1.976E-03                                 F               0         Tower X translation velocity, node 10, m/s
         95   -1.299E-01                                 F               0         Tower Y translation velocity, node 10, m/s
         96   -6.659E-04                                 F               0         Tower Z translation velocity, node 10, m/s
         97    2.286E-03                                 F               0         Tower X translation velocity, node 11, m/s
         98   -1.426E-01                                 F               0         Tower Y translation velocity, node 11, m/s
         99   -1.231E-03                                 F               0         Tower Z translation velocity, node 11, m/s
        100    3.658E+01                                 F               0         Hub X translation displacement, node 1, m
        101   -6.253E+00                                 F               0         Hub Y translation displacement, node 1, m
        102   -4.774E-01                                 F               0         Hub Z translation displacement, node 1, m
        103    9.633E-01,  2.000E-02, -2.675E-01         F               0         Hub X orientation angle, node 1, rad
        104   -2.628E-01, -1.297E-01, -9.561E-01         F               0         Hub Y orientation angle, node 1, rad
        105   -5.381E-02,  9.914E-01, -1.196E-01         F               0         Hub Z orientation angle, node 1, rad
        106    1.004E+00                                 F               0         Hub X rotation velocity, node 1, rad/s
        107    2.086E-02                                 F               0         Hub Y rotation velocity, node 1, rad/s
        108   -2.788E-01                                 F               0         Hub Z rotation velocity, node 1, rad/s
        109    9.707E-01,  2.384E-02, -2.391E-01         F               0         Blade root 1 X orientation angle, node 1, rad
        110   -2.341E-01, -1.290E-01, -9.636E-01         F               0         Blade root 1 Y orientation angle, node 1, rad
        111   -5.381E-02,  9.914E-01, -1.196E-01         F               0         Blade root 1 Z orientation angle, node 1, rad
        112    9.604E-01, -7.402E-03, -2.785E-01         F               0         Blade root 2 X orientation angle, node 1, rad
        113    1.134E-01,  9.236E-01,  3.663E-01         F               0         Blade root 2 Y orientation angle, node 1, rad
        114    2.545E-01, -3.834E-01,  8.878E-01         F               0         Blade root 2 Z orientation angle, node 1, rad
        115    9.576E-01,  4.354E-02, -2.847E-01         F               0         Blade root 3 X orientation angle, node 1, rad
        116    2.065E-01, -7.928E-01,  5.735E-01         F               0         Blade root 3 Y orientation angle, node 1, rad
        117   -2.007E-01, -6.080E-01, -7.682E-01         F               0         Blade root 3 Z orientation angle, node 1, rad
        118    3.570E+01                                 F               0         Blade 1 X translation displacement, node 1, m
        119   -7.607E-01                                 F               0         Blade 1 Y translation displacement, node 1, m
        120   -6.650E+00                                 F               0         Blade 1 Z translation displacement, node 1, m
        121    3.549E+01                                 F               0         Blade 1 X translation displacement, node 2, m
        122    5.626E-01                                 F               0         Blade 1 Y translation displacement, node 2, m
        123   -8.137E+00                                 F               0         Blade 1 Z translation displacement, node 2, m
        124    3.261E+01                                 F               0         Blade 1 X translation displacement, node 3, m
        125    1.856E+01                                 F               0         Blade 1 Y translation displacement, node 3, m
        126   -2.836E+01                                 F               0         Blade 1 Z translation displacement, node 3, m
        127    3.200E+01                                 F               0         Blade 1 X translation displacement, node 4, m
        128    2.239E+01                                 F               0         Blade 1 Y translation displacement, node 4, m
        129   -3.267E+01                                 F               0         Blade 1 Z translation displacement, node 4, m
        130    3.139E+01                                 F               0         Blade 1 X translation displacement, node 5, m
        131    2.623E+01                                 F               0         Blade 1 Y translation displacement, node 5, m
        132   -3.698E+01                                 F               0         Blade 1 Z translation displacement, node 5, m
        133    3.078E+01                                 F               0         Blade 1 X translation displacement, node 6, m
        134    3.006E+01                                 F               0         Blade 1 Y translation displacement, node 6, m
        135   -4.129E+01                                 F               0         Blade 1 Z translation displacement, node 6, m
        136    3.016E+01                                 F               0         Blade 1 X translation displacement, node 7, m
        137    3.390E+01                                 F               0         Blade 1 Y translation displacement, node 7, m
        138   -4.560E+01                                 F               0         Blade 1 Z translation displacement, node 7, m
        139    2.955E+01                                 F               0         Blade 1 X translation displacement, node 8, m
        140    3.773E+01                                 F               0         Blade 1 Y translation displacement, node 8, m
        141   -4.991E+01                                 F               0         Blade 1 Z translation displacement, node 8, m
        142    2.894E+01                                 F               0         Blade 1 X translation displacement, node 9, m
        143    4.156E+01                                 F               0         Blade 1 Y translation displacement, node 9, m
        144   -5.422E+01                                 F               0         Blade 1 Z translation displacement, node 9, m
        145    2.833E+01                                 F               0         Blade 1 X translation displacement, node 10, m
        146    4.540E+01                                 F               0         Blade 1 Y translation displacement, node 10, m
        147   -5.853E+01                                 F               0         Blade 1 Z translation displacement, node 10, m
        148    2.771E+01                                 F               0         Blade 1 X translation displacement, node 11, m
        149    4.923E+01                                 F               0         Blade 1 Y translation displacement, node 11, m
        150   -6.284E+01                                 F               0         Blade 1 Z translation displacement, node 11, m
        151    2.710E+01                                 F               0         Blade 1 X translation displacement, node 12, m
        152    5.307E+01                                 F               0         Blade 1 Y translation displacement, node 12, m
        153   -6.715E+01                                 F               0         Blade 1 Z translation displacement, node 12, m
        154    2.649E+01                                 F               0         Blade 1 X translation displacement, node 13, m
        155    5.690E+01                                 F               0         Blade 1 Y translation displacement, node 13, m
        156   -7.145E+01                                 F               0         Blade 1 Z translation displacement, node 13, m
        157    2.588E+01                                 F               0         Blade 1 X translation displacement, node 14, m
        158    6.074E+01                                 F               0         Blade 1 Y translation displacement, node 14, m
        159   -7.576E+01                                 F               0         Blade 1 Z translation displacement, node 14, m
        160    2.527E+01                                 F               0         Blade 1 X translation displacement, node 15, m
        161    6.457E+01                                 F               0         Blade 1 Y translation displacement, node 15, m
        162   -8.007E+01                                 F               0         Blade 1 Z translation displacement, node 15, m
        163    2.465E+01                                 F               0         Blade 1 X translation displacement, node 16, m
        164    6.840E+01                                 F               0         Blade 1 Y translation displacement, node 16, m
        165   -8.438E+01                                 F               0         Blade 1 Z translation displacement, node 16, m
        166    2.404E+01                                 F               0         Blade 1 X translation displacement, node 17, m
        167    7.224E+01                                 F               0         Blade 1 Y translation displacement, node 17, m
        168   -8.869E+01                                 F               0         Blade 1 Z translation displacement, node 17, m
        169    2.343E+01                                 F               0         Blade 1 X translation displacement, node 18, m
        170    7.607E+01                                 F               0         Blade 1 Y translation displacement, node 18, m
        171   -9.300E+01                                 F               0         Blade 1 Z translation displacement, node 18, m
        172    2.282E+01                                 F               0         Blade 1 X translation displacement, node 19, m
        173    7.991E+01                                 F               0         Blade 1 Y translation displacement, node 19, m
        174   -9.731E+01                                 F               0         Blade 1 Z translation displacement, node 19, m
        175    2.220E+01                                 F               0         Blade 1 X translation displacement, node 20, m
        176    8.374E+01                                 F               0         Blade 1 Y translation displacement, node 20, m
        177   -1.016E+02                                 F               0         Blade 1 Z translation displacement, node 20, m
        178    2.159E+01                                 F               0         Blade 1 X translation displacement, node 21, m
        179    8.757E+01                                 F               0         Blade 1 Y translation displacement, node 21, m
        180   -1.059E+02                                 F               0         Blade 1 Z translation displacement, node 21, m
        181    2.098E+01                                 F               0         Blade 1 X translation displacement, node 22, m
        182    9.141E+01                                 F               0         Blade 1 Y translation displacement, node 22, m
        183   -1.102E+02                                 F               0         Blade 1 Z translation displacement, node 22, m
        184    2.037E+01                                 F               0         Blade 1 X translation displacement, node 23, m
        185    9.524E+01                                 F               0         Blade 1 Y translation displacement, node 23, m
        186   -1.145E+02                                 F               0         Blade 1 Z translation displacement, node 23, m
        187    1.975E+01                                 F               0         Blade 1 X translation displacement, node 24, m
        188    9.908E+01                                 F               0         Blade 1 Y translation displacement, node 24, m
        189   -1.189E+02                                 F               0         Blade 1 Z translation displacement, node 24, m
        190    1.914E+01                                 F               0         Blade 1 X translation displacement, node 25, m
        191    1.029E+02                                 F               0         Blade 1 Y translation displacement, node 25, m
        192   -1.232E+02                                 F               0         Blade 1 Z translation displacement, node 25, m
        193    1.853E+01                                 F               0         Blade 1 X translation displacement, node 26, m
        194    1.067E+02                                 F               0         Blade 1 Y translation displacement, node 26, m
        195   -1.275E+02                                 F               0         Blade 1 Z translation displacement, node 26, m
        196    1.792E+01                                 F               0         Blade 1 X translation displacement, node 27, m
        197    1.106E+02                                 F               0         Blade 1 Y translation displacement, node 27, m
        198   -1.318E+02                                 F               0         Blade 1 Z translation displacement, node 27, m
        199    1.740E+01                                 F               0         Blade 1 X translation displacement, node 28, m
        200    1.138E+02                                 F               0         Blade 1 Y translation displacement, node 28, m
        201   -1.354E+02                                 F               0         Blade 1 Z translation displacement, node 28, m
        202    9.707E-01,  8.004E-02,  2.267E-01         F               0         Blade 1 X orientation angle, node 1, rad
        203    2.343E-01, -1.039E-01, -9.666E-01         F               0         Blade 1 Y orientation angle, node 1, rad
        204   -5.381E-02,  9.914E-01, -1.196E-01         F               0         Blade 1 Z orientation angle, node 1, rad
        205    9.707E-01,  8.004E-02,  2.267E-01         F               0         Blade 1 X orientation angle, node 2, rad
        206    2.343E-01, -1.039E-01, -9.666E-01         F               0         Blade 1 Y orientation angle, node 2, rad
        207   -5.381E-02,  9.914E-01, -1.196E-01         F               0         Blade 1 Z orientation angle, node 2, rad
        208    9.985E-01,  5.313E-02, -8.891E-03         F               0         Blade 1 X orientation angle, node 3, rad
        209   -2.457E-03, -1.199E-01, -9.928E-01         F               0         Blade 1 Y orientation angle, node 3, rad
        210   -5.381E-02,  9.914E-01, -1.196E-01         F               0         Blade 1 Z orientation angle, node 3, rad
        211    9.976E-01,  4.801E-02, -5.080E-02         F               0         Blade 1 X orientation angle, node 4, rad
        212   -4.462E-02, -1.221E-01, -9.915E-01         F               0         Blade 1 Y orientation angle, node 4, rad
        213   -5.381E-02,  9.914E-01, -1.196E-01         F               0         Blade 1 Z orientation angle, node 4, rad
        214    9.955E-01,  4.394E-02, -8.365E-02         F               0         Blade 1 X orientation angle, node 5, rad
        215   -7.767E-02, -1.236E-01, -9.893E-01         F               0         Blade 1 Y orientation angle, node 5, rad
        216   -5.381E-02,  9.914E-01, -1.196E-01         F               0         Blade 1 Z orientation angle, node 5, rad
        217    9.931E-01,  4.065E-02, -1.099E-01         F               0         Blade 1 X orientation angle, node 6, rad
        218   -1.040E-01, -1.247E-01, -9.867E-01         F               0         Blade 1 Y orientation angle, node 6, rad
        219   -5.381E-02,  9.914E-01, -1.196E-01         F               0         Blade 1 Z orientation angle, node 6, rad
        220    9.906E-01,  3.792E-02, -1.314E-01         F               0         Blade 1 X orientation angle, node 7, rad
        221   -1.257E-01, -1.256E-01, -9.841E-01         F               0         Blade 1 Y orientation angle, node 7, rad
        222   -5.381E-02,  9.914E-01, -1.196E-01         F               0         Blade 1 Z orientation angle, node 7, rad
        223    9.882E-01,  3.563E-02, -1.492E-01         F               0         Blade 1 X orientation angle, node 8, rad
        224   -1.436E-01, -1.263E-01, -9.815E-01         F               0         Blade 1 Y orientation angle, node 8, rad
        225   -5.381E-02,  9.914E-01, -1.196E-01         F               0         Blade 1 Z orientation angle, node 8, rad
        226    9.858E-01,  3.369E-02, -1.643E-01         F               0         Blade 1 X orientation angle, node 9, rad
        227   -1.588E-01, -1.268E-01, -9.791E-01         F               0         Blade 1 Y orientation angle, node 9, rad
        228   -5.381E-02,  9.914E-01, -1.196E-01         F               0         Blade 1 Z orientation angle, node 9, rad
        229    9.836E-01,  3.200E-02, -1.772E-01         F               0         Blade 1 X orientation angle, node 10, rad
        230   -1.719E-01, -1.272E-01, -9.769E-01         F               0         Blade 1 Y orientation angle, node 10, rad
        231   -5.381E-02,  9.914E-01, -1.196E-01         F               0         Blade 1 Z orientation angle, node 10, rad
        232    9.816E-01,  3.056E-02, -1.883E-01         F               0         Blade 1 X orientation angle, node 11, rad
        233   -1.830E-01, -1.276E-01, -9.748E-01         F               0         Blade 1 Y orientation angle, node 11, rad
        234   -5.381E-02,  9.914E-01, -1.196E-01         F               0         Blade 1 Z orientation angle, node 11, rad
        235    9.798E-01,  2.929E-02, -1.980E-01         F               0         Blade 1 X orientation angle, node 12, rad
        236   -1.928E-01, -1.279E-01, -9.729E-01         F               0         Blade 1 Y orientation angle, node 12, rad
        237   -5.381E-02,  9.914E-01, -1.196E-01         F               0         Blade 1 Z orientation angle, node 12, rad
        238    9.780E-01,  2.817E-02, -2.065E-01         F               0         Blade 1 X orientation angle, node 13, rad
        239   -2.013E-01, -1.281E-01, -9.711E-01         F               0         Blade 1 Y orientation angle, node 13, rad
        240   -5.381E-02,  9.914E-01, -1.196E-01         F               0         Blade 1 Z orientation angle, node 13, rad
        241    9.764E-01,  2.716E-02, -2.141E-01         F               0         Blade 1 X orientation angle, node 14, rad
        242   -2.090E-01, -1.283E-01, -9.695E-01         F               0         Blade 1 Y orientation angle, node 14, rad
        243   -5.381E-02,  9.914E-01, -1.196E-01         F               0         Blade 1 Z orientation angle, node 14, rad
        244    9.750E-01,  2.626E-02, -2.209E-01         F               0         Blade 1 X orientation angle, node 15, rad
        245   -2.158E-01, -1.285E-01, -9.679E-01         F               0         Blade 1 Y orientation angle, node 15, rad
        246   -5.381E-02,  9.914E-01, -1.196E-01         F               0         Blade 1 Z orientation angle, node 15, rad
        247    9.736E-01,  2.546E-02, -2.269E-01         F               0         Blade 1 X orientation angle, node 16, rad
        248   -2.219E-01, -1.287E-01, -9.665E-01         F               0         Blade 1 Y orientation angle, node 16, rad
        249   -5.381E-02,  9.914E-01, -1.196E-01         F               0         Blade 1 Z orientation angle, node 16, rad
        250    9.723E-01,  2.474E-02, -2.323E-01         F               0         Blade 1 X orientation angle, node 17, rad
        251   -2.274E-01, -1.288E-01, -9.653E-01         F               0         Blade 1 Y orientation angle, node 17, rad
        252   -5.381E-02,  9.914E-01, -1.196E-01         F               0         Blade 1 Z orientation angle, node 17, rad
        253    9.711E-01,  2.406E-02, -2.374E-01         F               0         Blade 1 X orientation angle, node 18, rad
        254   -2.324E-01, -1.290E-01, -9.640E-01         F               0         Blade 1 Y orientation angle, node 18, rad
        255   -5.381E-02,  9.914E-01, -1.196E-01         F               0         Blade 1 Z orientation angle, node 18, rad
        256    9.700E-01,  2.345E-02, -2.419E-01         F               0         Blade 1 X orientation angle, node 19, rad
        257   -2.370E-01, -1.291E-01, -9.629E-01         F               0         Blade 1 Y orientation angle, node 19, rad
        258   -5.381E-02,  9.914E-01, -1.196E-01         F               0         Blade 1 Z orientation angle, node 19, rad
        259    9.690E-01,  2.291E-02, -2.459E-01         F               0         Blade 1 X orientation angle, node 20, rad
        260   -2.411E-01, -1.292E-01, -9.619E-01         F               0         Blade 1 Y orientation angle, node 20, rad
        261   -5.381E-02,  9.914E-01, -1.196E-01         F               0         Blade 1 Z orientation angle, node 20, rad
        262    9.680E-01,  2.239E-02, -2.498E-01         F               0         Blade 1 X orientation angle, node 21, rad
        263   -2.450E-01, -1.293E-01, -9.609E-01         F               0         Blade 1 Y orientation angle, node 21, rad
        264   -5.381E-02,  9.914E-01, -1.196E-01         F               0         Blade 1 Z orientation angle, node 21, rad
        265    9.671E-01,  2.192E-02, -2.533E-01         F               0         Blade 1 X orientation angle, node 22, rad
        266   -2.485E-01, -1.293E-01, -9.600E-01         F               0         Blade 1 Y orientation angle, node 22, rad
        267   -5.381E-02,  9.914E-01, -1.196E-01         F               0         Blade 1 Z orientation angle, node 22, rad
        268    9.663E-01,  2.149E-02, -2.565E-01         F               0         Blade 1 X orientation angle, node 23, rad
        269   -2.517E-01, -1.294E-01, -9.591E-01         F               0         Blade 1 Y orientation angle, node 23, rad
        270   -5.381E-02,  9.914E-01, -1.196E-01         F               0         Blade 1 Z orientation angle, node 23, rad
        271    9.655E-01,  2.109E-02, -2.595E-01         F               0         Blade 1 X orientation angle, node 24, rad
        272   -2.548E-01, -1.295E-01, -9.583E-01         F               0         Blade 1 Y orientation angle, node 24, rad
        273   -5.381E-02,  9.914E-01, -1.196E-01         F               0         Blade 1 Z orientation angle, node 24, rad
        274    9.647E-01,  2.070E-02, -2.624E-01         F               0         Blade 1 X orientation angle, node 25, rad
        275   -2.576E-01, -1.295E-01, -9.575E-01         F               0         Blade 1 Y orientation angle, node 25, rad
        276   -5.381E-02,  9.914E-01, -1.196E-01         F               0         Blade 1 Z orientation angle, node 25, rad
        277    9.641E-01,  2.036E-02, -2.649E-01         F               0         Blade 1 X orientation angle, node 26, rad
        278   -2.601E-01, -1.296E-01, -9.568E-01         F               0         Blade 1 Y orientation angle, node 26, rad
        279   -5.381E-02,  9.914E-01, -1.196E-01         F               0         Blade 1 Z orientation angle, node 26, rad
        280    9.634E-01,  2.002E-02, -2.674E-01         F               0         Blade 1 X orientation angle, node 27, rad
        281   -2.627E-01, -1.296E-01, -9.561E-01         F               0         Blade 1 Y orientation angle, node 27, rad
        282   -5.381E-02,  9.914E-01, -1.196E-01         F               0         Blade 1 Z orientation angle, node 27, rad
        283    9.630E-01,  1.984E-02, -2.687E-01         F               0         Blade 1 X orientation angle, node 28, rad
        284   -2.640E-01, -1.297E-01, -9.558E-01         F               0         Blade 1 Y orientation angle, node 28, rad
        285   -5.381E-02,  9.914E-01, -1.196E-01         F               0         Blade 1 Z orientation angle, node 28, rad
        286    1.520E+00                                 F               0         Blade 1 X translation velocity, node 1, m/s
        287    5.996E-01                                 F               0         Blade 1 Y translation velocity, node 1, m/s
        288    5.518E+00                                 F               0         Blade 1 Z translation velocity, node 1, m/s
        289    1.886E+00                                 F               0         Blade 1 X translation velocity, node 2, m/s
        290    7.799E-01                                 F               0         Blade 1 Y translation velocity, node 2, m/s
        291    6.848E+00                                 F               0         Blade 1 Z translation velocity, node 2, m/s
        292    6.858E+00                                 F               0         Blade 1 X translation velocity, node 3, m/s
        293    3.232E+00                                 F               0         Blade 1 Y translation velocity, node 3, m/s
        294    2.493E+01                                 F               0         Blade 1 Z translation velocity, node 3, m/s
        295    7.918E+00                                 F               0         Blade 1 X translation velocity, node 4, m/s
        296    3.755E+00                                 F               0         Blade 1 Y translation velocity, node 4, m/s
        297    2.879E+01                                 F               0         Blade 1 Z translation velocity, node 4, m/s
        298    8.977E+00                                 F               0         Blade 1 X translation velocity, node 5, m/s
        299    4.278E+00                                 F               0         Blade 1 Y translation velocity, node 5, m/s
        300    3.264E+01                                 F               0         Blade 1 Z translation velocity, node 5, m/s
        301    1.004E+01                                 F               0         Blade 1 X translation velocity, node 6, m/s
        302    4.800E+00                                 F               0         Blade 1 Y translation velocity, node 6, m/s
        303    3.649E+01                                 F               0         Blade 1 Z translation velocity, node 6, m/s
        304    1.110E+01                                 F               0         Blade 1 X translation velocity, node 7, m/s
        305    5.323E+00                                 F               0         Blade 1 Y translation velocity, node 7, m/s
        306    4.035E+01                                 F               0         Blade 1 Z translation velocity, node 7, m/s
        307    1.216E+01                                 F               0         Blade 1 X translation velocity, node 8, m/s
