
Linearized model: Predictions were generated on 19-Dec-2023 at 09:27:32 using OpenFAST, compiled as a 64-bit application using single precision at commit v3.5.1
 linked with  NWTC Subroutine Library; ElastoDyn; InflowWind; AeroDyn; ServoDyn; HydroDyn; MoorDyn (v2.0.0, 2023-09-18)

Description from the FAST input file: CCT-9 Campign 4 model. Input files to be run with OpenFAST 3.5.0. GitHub branch from Lu Wang (https://github.com/luwang00/openfast/tree/dev) compiled on March 7, 2023.

Simulation information:
   Simulation time:                  1007.4750 s
   Rotor Speed:                         1.0407 rad/s
   Azimuth:                             0.3429 rad
   Wind Speed:                         12.0000 m/s
   Number of continuous states:         0
   Number of discrete states:           0
   Number of constraint states:         0
   Number of inputs:                 1746
   Number of outputs:                   4
   Jacobians included in this file?    No

Order of inputs:
     Column   Operating Point                     Rotating Frame? Derivative Order Description
   ---------- ---------------                     --------------- ---------------- -----------
          1    1.511E+01                                 F               0         Tower X translation displacement, node 1, m
          2   -9.424E-01                                 F               0         Tower Y translation displacement, node 1, m
          3   -4.140E-01                                 F               0         Tower Z translation displacement, node 1, m
          4    1.702E+01                                 F               0         Tower X translation displacement, node 2, m
          5   -1.441E+00                                 F               0         Tower Y translation displacement, node 2, m
          6   -5.724E-01                                 F               0         Tower Z translation displacement, node 2, m
          7    1.896E+01                                 F               0         Tower X translation displacement, node 3, m
          8   -1.944E+00                                 F               0         Tower Y translation displacement, node 3, m
          9   -7.364E-01                                 F               0         Tower Z translation displacement, node 3, m
         10    2.093E+01                                 F               0         Tower X translation displacement, node 4, m
         11   -2.451E+00                                 F               0         Tower Y translation displacement, node 4, m
         12   -9.048E-01                                 F               0         Tower Z translation displacement, node 4, m
         13    2.292E+01                                 F               0         Tower X translation displacement, node 5, m
         14   -2.960E+00                                 F               0         Tower Y translation displacement, node 5, m
         15   -1.077E+00                                 F               0         Tower Z translation displacement, node 5, m
         16    2.493E+01                                 F               0         Tower X translation displacement, node 6, m
         17   -3.473E+00                                 F               0         Tower Y translation displacement, node 6, m
         18   -1.252E+00                                 F               0         Tower Z translation displacement, node 6, m
         19    2.695E+01                                 F               0         Tower X translation displacement, node 7, m
         20   -3.987E+00                                 F               0         Tower Y translation displacement, node 7, m
         21   -1.429E+00                                 F               0         Tower Z translation displacement, node 7, m
         22    2.899E+01                                 F               0         Tower X translation displacement, node 8, m
         23   -4.502E+00                                 F               0         Tower Y translation displacement, node 8, m
         24   -1.609E+00                                 F               0         Tower Z translation displacement, node 8, m
         25    3.103E+01                                 F               0         Tower X translation displacement, node 9, m
         26   -5.019E+00                                 F               0         Tower Y translation displacement, node 9, m
         27   -1.790E+00                                 F               0         Tower Z translation displacement, node 9, m
         28    3.308E+01                                 F               0         Tower X translation displacement, node 10, m
         29   -5.537E+00                                 F               0         Tower Y translation displacement, node 10, m
         30   -1.971E+00                                 F               0         Tower Z translation displacement, node 10, m
         31    3.513E+01                                 F               0         Tower X translation displacement, node 11, m
         32   -6.056E+00                                 F               0         Tower Y translation displacement, node 11, m
         33   -2.154E+00                                 F               0         Tower Z translation displacement, node 11, m
         34    9.881E-01,  1.496E-02, -1.529E-01         F               0         Tower X orientation angle, node 1, rad
         35   -8.620E-03,  9.991E-01,  4.204E-02         F               0         Tower Y orientation angle, node 1, rad
         36    1.533E-01, -4.023E-02,  9.874E-01         F               0         Tower Z orientation angle, node 1, rad
         37    9.877E-01,  1.506E-02, -1.554E-01         F               0         Tower X orientation angle, node 2, rad
         38   -8.563E-03,  9.991E-01,  4.241E-02         F               0         Tower Y orientation angle, node 2, rad
         39    1.559E-01, -4.056E-02,  9.869E-01         F               0         Tower Z orientation angle, node 2, rad
         40    9.874E-01,  1.516E-02, -1.577E-01         F               0         Tower X orientation angle, node 3, rad
         41   -8.510E-03,  9.991E-01,  4.274E-02         F               0         Tower Y orientation angle, node 3, rad
         42    1.582E-01, -4.086E-02,  9.866E-01         F               0         Tower Z orientation angle, node 3, rad
         43    9.870E-01,  1.524E-02, -1.597E-01         F               0         Tower X orientation angle, node 4, rad
         44   -8.464E-03,  9.990E-01,  4.303E-02         F               0         Tower Y orientation angle, node 4, rad
         45    1.602E-01, -4.112E-02,  9.862E-01         F               0         Tower Z orientation angle, node 4, rad
         46    9.868E-01,  1.531E-02, -1.613E-01         F               0         Tower X orientation angle, node 5, rad
         47   -8.424E-03,  9.990E-01,  4.327E-02         F               0         Tower Y orientation angle, node 5, rad
         48    1.618E-01, -4.134E-02,  9.860E-01         F               0         Tower Z orientation angle, node 5, rad
         49    9.866E-01,  1.536E-02, -1.626E-01         F               0         Tower X orientation angle, node 6, rad
         50   -8.390E-03,  9.990E-01,  4.348E-02         F               0         Tower Y orientation angle, node 6, rad
         51    1.632E-01, -4.153E-02,  9.857E-01         F               0         Tower Z orientation angle, node 6, rad
         52    9.864E-01,  1.541E-02, -1.637E-01         F               0         Tower X orientation angle, node 7, rad
         53   -8.363E-03,  9.990E-01,  4.364E-02         F               0         Tower Y orientation angle, node 7, rad
         54    1.642E-01, -4.168E-02,  9.856E-01         F               0         Tower Z orientation angle, node 7, rad
         55    9.863E-01,  1.544E-02, -1.644E-01         F               0         Tower X orientation angle, node 8, rad
         56   -8.342E-03,  9.990E-01,  4.377E-02         F               0         Tower Y orientation angle, node 8, rad
         57    1.649E-01, -4.180E-02,  9.854E-01         F               0         Tower Z orientation angle, node 8, rad
         58    9.862E-01,  1.546E-02, -1.650E-01         F               0         Tower X orientation angle, node 9, rad
         59   -8.326E-03,  9.990E-01,  4.386E-02         F               0         Tower Y orientation angle, node 9, rad
         60    1.655E-01, -4.188E-02,  9.853E-01         F               0         Tower Z orientation angle, node 9, rad
         61    9.861E-01,  1.548E-02, -1.653E-01         F               0         Tower X orientation angle, node 10, rad
         62   -8.316E-03,  9.990E-01,  4.393E-02         F               0         Tower Y orientation angle, node 10, rad
         63    1.658E-01, -4.194E-02,  9.853E-01         F               0         Tower Z orientation angle, node 10, rad
         64    9.861E-01,  1.548E-02, -1.655E-01         F               0         Tower X orientation angle, node 11, rad
         65   -8.310E-03,  9.990E-01,  4.396E-02         F               0         Tower Y orientation angle, node 11, rad
         66    1.660E-01, -4.197E-02,  9.852E-01         F               0         Tower Z orientation angle, node 11, rad
         67   -9.168E-04                                 F               0         Tower X translation velocity, node 1, m/s
         68   -1.741E-02                                 F               0         Tower Y translation velocity, node 1, m/s
         69    2.013E-03                                 F               0         Tower Z translation velocity, node 1, m/s
         70   -1.044E-03                                 F               0         Tower X translation velocity, node 2, m/s
         71   -2.974E-02                                 F               0         Tower Y translation velocity, node 2, m/s
         72    1.529E-03                                 F               0         Tower Z translation velocity, node 2, m/s
         73   -1.121E-03                                 F               0         Tower X translation velocity, node 3, m/s
         74   -4.230E-02                                 F               0         Tower Y translation velocity, node 3, m/s
         75    1.022E-03                                 F               0         Tower Z translation velocity, node 3, m/s
         76   -1.161E-03                                 F               0         Tower X translation velocity, node 4, m/s
         77   -5.505E-02                                 F               0         Tower Y translation velocity, node 4, m/s
         78    4.986E-04                                 F               0         Tower Z translation velocity, node 4, m/s
         79   -1.170E-03                                 F               0         Tower X translation velocity, node 5, m/s
         80   -6.797E-02                                 F               0         Tower Y translation velocity, node 5, m/s
         81   -4.015E-05                                 F               0         Tower Z translation velocity, node 5, m/s
         82   -1.155E-03                                 F               0         Tower X translation velocity, node 6, m/s
         83   -8.102E-02                                 F               0         Tower Y translation velocity, node 6, m/s
         84   -5.915E-04                                 F               0         Tower Z translation velocity, node 6, m/s
         85   -1.123E-03                                 F               0         Tower X translation velocity, node 7, m/s
         86   -9.419E-02                                 F               0         Tower Y translation velocity, node 7, m/s
         87   -1.152E-03                                 F               0         Tower Z translation velocity, node 7, m/s
         88   -1.078E-03                                 F               0         Tower X translation velocity, node 8, m/s
         89   -1.074E-01                                 F               0         Tower Y translation velocity, node 8, m/s
         90   -1.722E-03                                 F               0         Tower Z translation velocity, node 8, m/s
         91   -1.024E-03                                 F               0         Tower X translation velocity, node 9, m/s
         92   -1.208E-01                                 F               0         Tower Y translation velocity, node 9, m/s
         93   -2.297E-03                                 F               0         Tower Z translation velocity, node 9, m/s
         94   -9.637E-04                                 F               0         Tower X translation velocity, node 10, m/s
         95   -1.342E-01                                 F               0         Tower Y translation velocity, node 10, m/s
         96   -2.876E-03                                 F               0         Tower Z translation velocity, node 10, m/s
         97   -9.011E-04                                 F               0         Tower X translation velocity, node 11, m/s
         98   -1.476E-01                                 F               0         Tower Y translation velocity, node 11, m/s
         99   -3.458E-03                                 F               0         Tower Z translation velocity, node 11, m/s
        100    3.658E+01                                 F               0         Hub X translation displacement, node 1, m
        101   -6.552E+00                                 F               0         Hub Y translation displacement, node 1, m
        102   -4.824E-01                                 F               0         Hub Z translation displacement, node 1, m
        103    9.633E-01,  1.979E-02, -2.676E-01         F               0         Hub X orientation angle, node 1, rad
        104    8.234E-02,  9.274E-01,  3.650E-01         F               0         Hub Y orientation angle, node 1, rad
        105    2.553E-01, -3.737E-01,  8.917E-01         F               0         Hub Z orientation angle, node 1, rad
        106    1.004E+00                                 F               0         Hub X rotation velocity, node 1, rad/s
        107    2.061E-02                                 F               0         Hub Y rotation velocity, node 1, rad/s
        108   -2.788E-01                                 F               0         Hub Z rotation velocity, node 1, rad/s
        109    9.605E-01, -7.733E-03, -2.783E-01         F               0         Blade root 1 X orientation angle, node 1, rad
        110    1.109E-01,  9.275E-01,  3.569E-01         F               0         Blade root 1 Y orientation angle, node 1, rad
        111    2.553E-01, -3.737E-01,  8.917E-01         F               0         Blade root 1 Z orientation angle, node 1, rad
        112    9.576E-01,  4.313E-02, -2.849E-01         F               0         Blade root 2 X orientation angle, node 1, rad
        113    2.085E-01, -7.864E-01,  5.815E-01         F               0         Blade root 2 Y orientation angle, node 1, rad
        114   -1.990E-01, -6.163E-01, -7.620E-01         F               0         Blade root 2 Z orientation angle, node 1, rad
        115    9.707E-01,  2.393E-02, -2.391E-01         F               0         Blade root 3 X orientation angle, node 1, rad
        116   -2.336E-01, -1.394E-01, -9.623E-01         F               0         Blade root 3 Y orientation angle, node 1, rad
        117   -5.637E-02,  9.899E-01, -1.297E-01         F               0         Blade root 3 Z orientation angle, node 1, rad
        118    3.741E+01                                 F               0         Blade 1 X translation displacement, node 1, m
        119   -8.623E+00                                 F               0         Blade 1 Y translation displacement, node 1, m
        120   -1.052E+00                                 F               0         Blade 1 Z translation displacement, node 1, m
        121    3.762E+01                                 F               0         Blade 1 X translation displacement, node 2, m
        122   -9.121E+00                                 F               0         Blade 1 Y translation displacement, node 2, m
        123   -1.189E+00                                 F               0         Blade 1 Z translation displacement, node 2, m
        124    4.035E+01                                 F               0         Blade 1 X translation displacement, node 3, m
        125   -1.590E+01                                 F               0         Blade 1 Y translation displacement, node 3, m
        126   -3.055E+00                                 F               0         Blade 1 Z translation displacement, node 3, m
        127    4.094E+01                                 F               0         Blade 1 X translation displacement, node 4, m
        128   -1.735E+01                                 F               0         Blade 1 Y translation displacement, node 4, m
        129   -3.453E+00                                 F               0         Blade 1 Z translation displacement, node 4, m
        130    4.152E+01                                 F               0         Blade 1 X translation displacement, node 5, m
        131   -1.879E+01                                 F               0         Blade 1 Y translation displacement, node 5, m
        132   -3.850E+00                                 F               0         Blade 1 Z translation displacement, node 5, m
        133    4.210E+01                                 F               0         Blade 1 X translation displacement, node 6, m
        134   -2.024E+01                                 F               0         Blade 1 Y translation displacement, node 6, m
        135   -4.248E+00                                 F               0         Blade 1 Z translation displacement, node 6, m
        136    4.269E+01                                 F               0         Blade 1 X translation displacement, node 7, m
        137   -2.169E+01                                 F               0         Blade 1 Y translation displacement, node 7, m
        138   -4.646E+00                                 F               0         Blade 1 Z translation displacement, node 7, m
        139    4.327E+01                                 F               0         Blade 1 X translation displacement, node 8, m
        140   -2.313E+01                                 F               0         Blade 1 Y translation displacement, node 8, m
        141   -5.043E+00                                 F               0         Blade 1 Z translation displacement, node 8, m
        142    4.385E+01                                 F               0         Blade 1 X translation displacement, node 9, m
        143   -2.458E+01                                 F               0         Blade 1 Y translation displacement, node 9, m
        144   -5.441E+00                                 F               0         Blade 1 Z translation displacement, node 9, m
        145    4.444E+01                                 F               0         Blade 1 X translation displacement, node 10, m
        146   -2.602E+01                                 F               0         Blade 1 Y translation displacement, node 10, m
        147   -5.838E+00                                 F               0         Blade 1 Z translation displacement, node 10, m
        148    4.502E+01                                 F               0         Blade 1 X translation displacement, node 11, m
        149   -2.747E+01                                 F               0         Blade 1 Y translation displacement, node 11, m
        150   -6.236E+00                                 F               0         Blade 1 Z translation displacement, node 11, m
        151    4.560E+01                                 F               0         Blade 1 X translation displacement, node 12, m
        152   -2.891E+01                                 F               0         Blade 1 Y translation displacement, node 12, m
        153   -6.634E+00                                 F               0         Blade 1 Z translation displacement, node 12, m
        154    4.619E+01                                 F               0         Blade 1 X translation displacement, node 13, m
        155   -3.036E+01                                 F               0         Blade 1 Y translation displacement, node 13, m
        156   -7.031E+00                                 F               0         Blade 1 Z translation displacement, node 13, m
        157    4.677E+01                                 F               0         Blade 1 X translation displacement, node 14, m
        158   -3.180E+01                                 F               0         Blade 1 Y translation displacement, node 14, m
        159   -7.429E+00                                 F               0         Blade 1 Z translation displacement, node 14, m
        160    4.735E+01                                 F               0         Blade 1 X translation displacement, node 15, m
        161   -3.325E+01                                 F               0         Blade 1 Y translation displacement, node 15, m
        162   -7.826E+00                                 F               0         Blade 1 Z translation displacement, node 15, m
        163    4.794E+01                                 F               0         Blade 1 X translation displacement, node 16, m
        164   -3.469E+01                                 F               0         Blade 1 Y translation displacement, node 16, m
        165   -8.224E+00                                 F               0         Blade 1 Z translation displacement, node 16, m
        166    4.852E+01                                 F               0         Blade 1 X translation displacement, node 17, m
        167   -3.614E+01                                 F               0         Blade 1 Y translation displacement, node 17, m
        168   -8.622E+00                                 F               0         Blade 1 Z translation displacement, node 17, m
        169    4.910E+01                                 F               0         Blade 1 X translation displacement, node 18, m
        170   -3.758E+01                                 F               0         Blade 1 Y translation displacement, node 18, m
        171   -9.019E+00                                 F               0         Blade 1 Z translation displacement, node 18, m
        172    4.969E+01                                 F               0         Blade 1 X translation displacement, node 19, m
        173   -3.903E+01                                 F               0         Blade 1 Y translation displacement, node 19, m
        174   -9.417E+00                                 F               0         Blade 1 Z translation displacement, node 19, m
        175    5.027E+01                                 F               0         Blade 1 X translation displacement, node 20, m
        176   -4.047E+01                                 F               0         Blade 1 Y translation displacement, node 20, m
        177   -9.814E+00                                 F               0         Blade 1 Z translation displacement, node 20, m
        178    5.085E+01                                 F               0         Blade 1 X translation displacement, node 21, m
        179   -4.192E+01                                 F               0         Blade 1 Y translation displacement, node 21, m
        180   -1.021E+01                                 F               0         Blade 1 Z translation displacement, node 21, m
        181    5.144E+01                                 F               0         Blade 1 X translation displacement, node 22, m
        182   -4.336E+01                                 F               0         Blade 1 Y translation displacement, node 22, m
        183   -1.061E+01                                 F               0         Blade 1 Z translation displacement, node 22, m
        184    5.202E+01                                 F               0         Blade 1 X translation displacement, node 23, m
        185   -4.481E+01                                 F               0         Blade 1 Y translation displacement, node 23, m
        186   -1.101E+01                                 F               0         Blade 1 Z translation displacement, node 23, m
        187    5.260E+01                                 F               0         Blade 1 X translation displacement, node 24, m
        188   -4.625E+01                                 F               0         Blade 1 Y translation displacement, node 24, m
        189   -1.140E+01                                 F               0         Blade 1 Z translation displacement, node 24, m
        190    5.319E+01                                 F               0         Blade 1 X translation displacement, node 25, m
        191   -4.770E+01                                 F               0         Blade 1 Y translation displacement, node 25, m
        192   -1.180E+01                                 F               0         Blade 1 Z translation displacement, node 25, m
        193    5.377E+01                                 F               0         Blade 1 X translation displacement, node 26, m
        194   -4.915E+01                                 F               0         Blade 1 Y translation displacement, node 26, m
        195   -1.220E+01                                 F               0         Blade 1 Z translation displacement, node 26, m
        196    5.435E+01                                 F               0         Blade 1 X translation displacement, node 27, m
        197   -5.059E+01                                 F               0         Blade 1 Y translation displacement, node 27, m
        198   -1.260E+01                                 F               0         Blade 1 Z translation displacement, node 27, m
        199    5.485E+01                                 F               0         Blade 1 X translation displacement, node 28, m
        200   -5.182E+01                                 F               0         Blade 1 Y translation displacement, node 28, m
        201   -1.293E+01                                 F               0         Blade 1 Z translation displacement, node 28, m
        202    8.042E-01, -4.298E-01, -4.104E-01         F               0         Blade 1 X orientation angle, node 1, rad
        203    5.367E-01,  8.220E-01,  1.908E-01         F               0         Blade 1 Y orientation angle, node 1, rad
        204    2.553E-01, -3.737E-01,  8.917E-01         F               0         Blade 1 Z orientation angle, node 1, rad
        205    8.042E-01, -4.298E-01, -4.104E-01         F               0         Blade 1 X orientation angle, node 2, rad
        206    5.367E-01,  8.220E-01,  1.908E-01         F               0         Blade 1 Y orientation angle, node 2, rad
        207    2.553E-01, -3.737E-01,  8.917E-01         F               0         Blade 1 Z orientation angle, node 2, rad
        208    9.085E-01, -2.228E-01, -3.535E-01         F               0         Blade 1 X orientation angle, node 3, rad
        209    3.308E-01,  9.004E-01,  2.826E-01         F               0         Blade 1 Y orientation angle, node 3, rad
        210    2.553E-01, -3.737E-01,  8.917E-01         F               0         Blade 1 Z orientation angle, node 3, rad
        211    9.217E-01, -1.846E-01, -3.413E-01         F               0         Blade 1 X orientation angle, node 4, rad
        212    2.921E-01,  9.090E-01,  2.973E-01         F               0         Blade 1 Y orientation angle, node 4, rad
        213    2.553E-01, -3.737E-01,  8.917E-01         F               0         Blade 1 Z orientation angle, node 4, rad
        214    9.308E-01, -1.543E-01, -3.312E-01         F               0         Blade 1 X orientation angle, node 5, rad
        215    2.614E-01,  9.146E-01,  3.084E-01         F               0         Blade 1 Y orientation angle, node 5, rad
        216    2.553E-01, -3.737E-01,  8.917E-01         F               0         Blade 1 Z orientation angle, node 5, rad
        217    9.375E-01, -1.300E-01, -3.229E-01         F               0         Blade 1 X orientation angle, node 6, rad
        218    2.366E-01,  9.184E-01,  3.171E-01         F               0         Blade 1 Y orientation angle, node 6, rad
        219    2.553E-01, -3.737E-01,  8.917E-01         F               0         Blade 1 Z orientation angle, node 6, rad
        220    9.424E-01, -1.100E-01, -3.159E-01         F               0         Blade 1 X orientation angle, node 7, rad
        221    2.161E-01,  9.210E-01,  3.241E-01         F               0         Blade 1 Y orientation angle, node 7, rad
        222    2.553E-01, -3.737E-01,  8.917E-01         F               0         Blade 1 Z orientation angle, node 7, rad
        223    9.462E-01, -9.321E-02, -3.100E-01         F               0         Blade 1 X orientation angle, node 8, rad
        224    1.990E-01,  9.229E-01,  3.297E-01         F               0         Blade 1 Y orientation angle, node 8, rad
        225    2.553E-01, -3.737E-01,  8.917E-01         F               0         Blade 1 Z orientation angle, node 8, rad
        226    9.491E-01, -7.903E-02, -3.049E-01         F               0         Blade 1 X orientation angle, node 9, rad
        227    1.844E-01,  9.242E-01,  3.345E-01         F               0         Blade 1 Y orientation angle, node 9, rad
        228    2.553E-01, -3.737E-01,  8.917E-01         F               0         Blade 1 Z orientation angle, node 9, rad
        229    9.515E-01, -6.676E-02, -3.004E-01         F               0         Blade 1 X orientation angle, node 10, rad
        230    1.718E-01,  9.252E-01,  3.385E-01         F               0         Blade 1 Y orientation angle, node 10, rad
        231    2.553E-01, -3.737E-01,  8.917E-01         F               0         Blade 1 Z orientation angle, node 10, rad
        232    9.534E-01, -5.627E-02, -2.966E-01         F               0         Blade 1 X orientation angle, node 11, rad
        233    1.610E-01,  9.259E-01,  3.419E-01         F               0         Blade 1 Y orientation angle, node 11, rad
        234    2.553E-01, -3.737E-01,  8.917E-01         F               0         Blade 1 Z orientation angle, node 11, rad
        235    9.549E-01, -4.705E-02, -2.932E-01         F               0         Blade 1 X orientation angle, node 12, rad
        236    1.515E-01,  9.264E-01,  3.448E-01         F               0         Blade 1 Y orientation angle, node 12, rad
        237    2.553E-01, -3.737E-01,  8.917E-01         F               0         Blade 1 Z orientation angle, node 12, rad
        238    9.562E-01, -3.897E-02, -2.901E-01         F               0         Blade 1 X orientation angle, node 13, rad
        239    1.432E-01,  9.267E-01,  3.474E-01         F               0         Blade 1 Y orientation angle, node 13, rad
        240    2.553E-01, -3.737E-01,  8.917E-01         F               0         Blade 1 Z orientation angle, node 13, rad
        241    9.573E-01, -3.169E-02, -2.874E-01         F               0         Blade 1 X orientation angle, node 14, rad
        242    1.356E-01,  9.270E-01,  3.496E-01         F               0         Blade 1 Y orientation angle, node 14, rad
        243    2.553E-01, -3.737E-01,  8.917E-01         F               0         Blade 1 Z orientation angle, node 14, rad
        244    9.582E-01, -2.521E-02, -2.850E-01         F               0         Blade 1 X orientation angle, node 15, rad
        245    1.290E-01,  9.272E-01,  3.516E-01         F               0         Blade 1 Y orientation angle, node 15, rad
        246    2.553E-01, -3.737E-01,  8.917E-01         F               0         Blade 1 Z orientation angle, node 15, rad
        247    9.590E-01, -1.939E-02, -2.827E-01         F               0         Blade 1 X orientation angle, node 16, rad
        248    1.229E-01,  9.274E-01,  3.534E-01         F               0         Blade 1 Y orientation angle, node 16, rad
        249    2.553E-01, -3.737E-01,  8.917E-01         F               0         Blade 1 Z orientation angle, node 16, rad
        250    9.597E-01, -1.421E-02, -2.808E-01         F               0         Blade 1 X orientation angle, node 17, rad
        251    1.176E-01,  9.275E-01,  3.550E-01         F               0         Blade 1 Y orientation angle, node 17, rad
        252    2.553E-01, -3.737E-01,  8.917E-01         F               0         Blade 1 Z orientation angle, node 17, rad
        253    9.603E-01, -9.352E-03, -2.789E-01         F               0         Blade 1 X orientation angle, node 18, rad
        254    1.126E-01,  9.275E-01,  3.564E-01         F               0         Blade 1 Y orientation angle, node 18, rad
        255    2.553E-01, -3.737E-01,  8.917E-01         F               0         Blade 1 Z orientation angle, node 18, rad
        256    9.608E-01, -4.981E-03, -2.772E-01         F               0         Blade 1 X orientation angle, node 19, rad
        257    1.080E-01,  9.275E-01,  3.577E-01         F               0         Blade 1 Y orientation angle, node 19, rad
        258    2.553E-01, -3.737E-01,  8.917E-01         F               0         Blade 1 Z orientation angle, node 19, rad
        259    9.612E-01, -1.095E-03, -2.757E-01         F               0         Blade 1 X orientation angle, node 20, rad
        260    1.040E-01,  9.276E-01,  3.589E-01         F               0         Blade 1 Y orientation angle, node 20, rad
        261    2.553E-01, -3.737E-01,  8.917E-01         F               0         Blade 1 Z orientation angle, node 20, rad
        262    9.616E-01,  2.628E-03, -2.743E-01         F               0         Blade 1 X orientation angle, node 21, rad
        263    1.001E-01,  9.276E-01,  3.600E-01         F               0         Blade 1 Y orientation angle, node 21, rad
        264    2.553E-01, -3.737E-01,  8.917E-01         F               0         Blade 1 Z orientation angle, node 21, rad
        265    9.620E-01,  6.028E-03, -2.729E-01         F               0         Blade 1 X orientation angle, node 22, rad
        266    9.662E-02,  9.275E-01,  3.610E-01         F               0         Blade 1 Y orientation angle, node 22, rad
        267    2.553E-01, -3.737E-01,  8.917E-01         F               0         Blade 1 Z orientation angle, node 22, rad
        268    9.623E-01,  9.104E-03, -2.717E-01         F               0         Blade 1 X orientation angle, node 23, rad
        269    9.343E-02,  9.275E-01,  3.619E-01         F               0         Blade 1 Y orientation angle, node 23, rad
        270    2.553E-01, -3.737E-01,  8.917E-01         F               0         Blade 1 Z orientation angle, node 23, rad
        271    9.626E-01,  1.202E-02, -2.706E-01         F               0         Blade 1 X orientation angle, node 24, rad
        272    9.040E-02,  9.275E-01,  3.628E-01         F               0         Blade 1 Y orientation angle, node 24, rad
        273    2.553E-01, -3.737E-01,  8.917E-01         F               0         Blade 1 Z orientation angle, node 24, rad
        274    9.629E-01,  1.477E-02, -2.695E-01         F               0         Blade 1 X orientation angle, node 25, rad
        275    8.755E-02,  9.274E-01,  3.636E-01         F               0         Blade 1 Y orientation angle, node 25, rad
        276    2.553E-01, -3.737E-01,  8.917E-01         F               0         Blade 1 Z orientation angle, node 25, rad
        277    9.631E-01,  1.720E-02, -2.686E-01         F               0         Blade 1 X orientation angle, node 26, rad
        278    8.503E-02,  9.274E-01,  3.643E-01         F               0         Blade 1 Y orientation angle, node 26, rad
        279    2.553E-01, -3.737E-01,  8.917E-01         F               0         Blade 1 Z orientation angle, node 26, rad
        280    9.633E-01,  1.963E-02, -2.676E-01         F               0         Blade 1 X orientation angle, node 27, rad
        281    8.250E-02,  9.274E-01,  3.650E-01         F               0         Blade 1 Y orientation angle, node 27, rad
        282    2.553E-01, -3.737E-01,  8.917E-01         F               0         Blade 1 Z orientation angle, node 27, rad
        283    9.634E-01,  2.092E-02, -2.671E-01         F               0         Blade 1 X orientation angle, node 28, rad
        284    8.116E-02,  9.273E-01,  3.654E-01         F               0         Blade 1 Y orientation angle, node 28, rad
        285    2.553E-01, -3.737E-01,  8.917E-01         F               0         Blade 1 Z orientation angle, node 28, rad
        286   -4.761E-01                                 F               0         Blade 1 X translation velocity, node 1, m/s
        287   -5.507E+00                                 F               0         Blade 1 Y translation velocity, node 1, m/s
        288   -2.111E+00                                 F               0         Blade 1 Z translation velocity, node 1, m/s
        289   -5.907E-01                                 F               0         Blade 1 X translation velocity, node 2, m/s
        290   -6.797E+00                                 F               0         Blade 1 Y translation velocity, node 2, m/s
        291   -2.618E+00                                 F               0         Blade 1 Z translation velocity, node 2, m/s
        292   -2.148E+00                                 F               0         Blade 1 X translation velocity, node 3, m/s
        293   -2.433E+01                                 F               0         Blade 1 Y translation velocity, node 3, m/s
        294   -9.522E+00                                 F               0         Blade 1 Z translation velocity, node 3, m/s
        295   -2.480E+00                                 F               0         Blade 1 X translation velocity, node 4, m/s
        296   -2.807E+01                                 F               0         Blade 1 Y translation velocity, node 4, m/s
        297   -1.099E+01                                 F               0         Blade 1 Z translation velocity, node 4, m/s
        298   -2.812E+00                                 F               0         Blade 1 X translation velocity, node 5, m/s
        299   -3.181E+01                                 F               0         Blade 1 Y translation velocity, node 5, m/s
        300   -1.246E+01                                 F               0         Blade 1 Z translation velocity, node 5, m/s
        301   -3.143E+00                                 F               0         Blade 1 X translation velocity, node 6, m/s
        302   -3.555E+01                                 F               0         Blade 1 Y translation velocity, node 6, m/s
        303   -1.393E+01                                 F               0         Blade 1 Z translation velocity, node 6, m/s
        304   -3.475E+00                                 F               0         Blade 1 X translation velocity, node 7, m/s
        305   -3.928E+01                                 F               0         Blade 1 Y translation velocity, node 7, m/s
        306   -1.540E+01                                 F               0         Blade 1 Z translation velocity, node 7, m/s
        307   -3.807E+00                                 F               0         Blade 1 X translation velocity, node 8, m/s
