
Linearized model: Predictions were generated on 19-Dec-2023 at 09:27:32 using OpenFAST, compiled as a 64-bit application using single precision at commit v3.5.1
 linked with  NWTC Subroutine Library; ElastoDyn; InflowWind; AeroDyn; ServoDyn; HydroDyn; MoorDyn (v2.0.0, 2023-09-18)

Description from the FAST input file: CCT-9 Campign 4 model. Input files to be run with OpenFAST 3.5.0. GitHub branch from Lu Wang (https://github.com/luwang00/openfast/tree/dev) compiled on March 7, 2023.

Simulation information:
   Simulation time:                  1002.7500 s
   Rotor Speed:                         1.0412 rad/s
   Azimuth:                             1.7073 rad
   Wind Speed:                         12.0000 m/s
   Number of continuous states:         0
   Number of discrete states:           0
   Number of constraint states:         0
   Number of inputs:                 1746
   Number of outputs:                   4
   Jacobians included in this file?    No

Order of inputs:
     Column   Operating Point                     Rotating Frame? Derivative Order Description
   ---------- ---------------                     --------------- ---------------- -----------
          1    1.511E+01                                 F               0         Tower X translation displacement, node 1, m
          2   -8.697E-01                                 F               0         Tower Y translation displacement, node 1, m
          3   -4.329E-01                                 F               0         Tower Z translation displacement, node 1, m
          4    1.702E+01                                 F               0         Tower X translation displacement, node 2, m
          5   -1.319E+00                                 F               0         Tower Y translation displacement, node 2, m
          6   -5.892E-01                                 F               0         Tower Z translation displacement, node 2, m
          7    1.896E+01                                 F               0         Tower X translation displacement, node 3, m
          8   -1.772E+00                                 F               0         Tower Y translation displacement, node 3, m
          9   -7.510E-01                                 F               0         Tower Z translation displacement, node 3, m
         10    2.093E+01                                 F               0         Tower X translation displacement, node 4, m
         11   -2.227E+00                                 F               0         Tower Y translation displacement, node 4, m
         12   -9.171E-01                                 F               0         Tower Z translation displacement, node 4, m
         13    2.292E+01                                 F               0         Tower X translation displacement, node 5, m
         14   -2.686E+00                                 F               0         Tower Y translation displacement, node 5, m
         15   -1.087E+00                                 F               0         Tower Z translation displacement, node 5, m
         16    2.492E+01                                 F               0         Tower X translation displacement, node 6, m
         17   -3.146E+00                                 F               0         Tower Y translation displacement, node 6, m
         18   -1.260E+00                                 F               0         Tower Z translation displacement, node 6, m
         19    2.694E+01                                 F               0         Tower X translation displacement, node 7, m
         20   -3.608E+00                                 F               0         Tower Y translation displacement, node 7, m
         21   -1.435E+00                                 F               0         Tower Z translation displacement, node 7, m
         22    2.898E+01                                 F               0         Tower X translation displacement, node 8, m
         23   -4.071E+00                                 F               0         Tower Y translation displacement, node 8, m
         24   -1.612E+00                                 F               0         Tower Z translation displacement, node 8, m
         25    3.102E+01                                 F               0         Tower X translation displacement, node 9, m
         26   -4.535E+00                                 F               0         Tower Y translation displacement, node 9, m
         27   -1.790E+00                                 F               0         Tower Z translation displacement, node 9, m
         28    3.306E+01                                 F               0         Tower X translation displacement, node 10, m
         29   -5.001E+00                                 F               0         Tower Y translation displacement, node 10, m
         30   -1.970E+00                                 F               0         Tower Z translation displacement, node 10, m
         31    3.511E+01                                 F               0         Tower X translation displacement, node 11, m
         32   -5.466E+00                                 F               0         Tower Y translation displacement, node 11, m
         33   -2.149E+00                                 F               0         Tower Z translation displacement, node 11, m
         34    9.881E-01,  1.606E-02, -1.527E-01         F               0         Tower X orientation angle, node 1, rad
         35   -1.033E-02,  9.992E-01,  3.827E-02         F               0         Tower Y orientation angle, node 1, rad
         36    1.532E-01, -3.624E-02,  9.875E-01         F               0         Tower Z orientation angle, node 1, rad
         37    9.877E-01,  1.616E-02, -1.553E-01         F               0         Tower X orientation angle, node 2, rad
         38   -1.028E-02,  9.992E-01,  3.858E-02         F               0         Tower Y orientation angle, node 2, rad
         39    1.558E-01, -3.651E-02,  9.871E-01         F               0         Tower Z orientation angle, node 2, rad
         40    9.874E-01,  1.624E-02, -1.576E-01         F               0         Tower X orientation angle, node 3, rad
         41   -1.023E-02,  9.992E-01,  3.887E-02         F               0         Tower Y orientation angle, node 3, rad
         42    1.581E-01, -3.676E-02,  9.867E-01         F               0         Tower Z orientation angle, node 3, rad
         43    9.871E-01,  1.632E-02, -1.596E-01         F               0         Tower X orientation angle, node 4, rad
         44   -1.019E-02,  9.992E-01,  3.911E-02         F               0         Tower Y orientation angle, node 4, rad
         45    1.601E-01, -3.698E-02,  9.864E-01         F               0         Tower Z orientation angle, node 4, rad
         46    9.868E-01,  1.638E-02, -1.612E-01         F               0         Tower X orientation angle, node 5, rad
         47   -1.016E-02,  9.992E-01,  3.932E-02         F               0         Tower Y orientation angle, node 5, rad
         48    1.617E-01, -3.717E-02,  9.861E-01         F               0         Tower Z orientation angle, node 5, rad
         49    9.866E-01,  1.643E-02, -1.625E-01         F               0         Tower X orientation angle, node 6, rad
         50   -1.013E-02,  9.992E-01,  3.950E-02         F               0         Tower Y orientation angle, node 6, rad
         51    1.630E-01, -3.732E-02,  9.859E-01         F               0         Tower Z orientation angle, node 6, rad
         52    9.864E-01,  1.647E-02, -1.635E-01         F               0         Tower X orientation angle, node 7, rad
         53   -1.011E-02,  9.992E-01,  3.964E-02         F               0         Tower Y orientation angle, node 7, rad
         54    1.640E-01, -3.745E-02,  9.857E-01         F               0         Tower Z orientation angle, node 7, rad
         55    9.863E-01,  1.650E-02, -1.643E-01         F               0         Tower X orientation angle, node 8, rad
         56   -1.009E-02,  9.992E-01,  3.975E-02         F               0         Tower Y orientation angle, node 8, rad
         57    1.648E-01, -3.755E-02,  9.856E-01         F               0         Tower Z orientation angle, node 8, rad
         58    9.862E-01,  1.652E-02, -1.648E-01         F               0         Tower X orientation angle, node 9, rad
         59   -1.008E-02,  9.992E-01,  3.983E-02         F               0         Tower Y orientation angle, node 9, rad
         60    1.653E-01, -3.762E-02,  9.855E-01         F               0         Tower Z orientation angle, node 9, rad
         61    9.861E-01,  1.653E-02, -1.652E-01         F               0         Tower X orientation angle, node 10, rad
         62   -1.007E-02,  9.992E-01,  3.988E-02         F               0         Tower Y orientation angle, node 10, rad
         63    1.657E-01, -3.767E-02,  9.855E-01         F               0         Tower Z orientation angle, node 10, rad
         64    9.861E-01,  1.654E-02, -1.653E-01         F               0         Tower X orientation angle, node 11, rad
         65   -1.006E-02,  9.992E-01,  3.991E-02         F               0         Tower Y orientation angle, node 11, rad
         66    1.659E-01, -3.769E-02,  9.854E-01         F               0         Tower Z orientation angle, node 11, rad
         67    6.155E-04                                 F               0         Tower X translation velocity, node 1, m/s
         68   -8.643E-03                                 F               0         Tower Y translation velocity, node 1, m/s
         69    4.276E-03                                 F               0         Tower Z translation velocity, node 1, m/s
         70    1.101E-03                                 F               0         Tower X translation velocity, node 2, m/s
         71   -1.510E-02                                 F               0         Tower Y translation velocity, node 2, m/s
         72    3.963E-03                                 F               0         Tower Z translation velocity, node 2, m/s
         73    1.612E-03                                 F               0         Tower X translation velocity, node 3, m/s
         74   -2.168E-02                                 F               0         Tower Y translation velocity, node 3, m/s
         75    3.637E-03                                 F               0         Tower Z translation velocity, node 3, m/s
         76    2.140E-03                                 F               0         Tower X translation velocity, node 4, m/s
         77   -2.836E-02                                 F               0         Tower Y translation velocity, node 4, m/s
         78    3.302E-03                                 F               0         Tower Z translation velocity, node 4, m/s
         79    2.683E-03                                 F               0         Tower X translation velocity, node 5, m/s
         80   -3.514E-02                                 F               0         Tower Y translation velocity, node 5, m/s
         81    2.959E-03                                 F               0         Tower Z translation velocity, node 5, m/s
         82    3.234E-03                                 F               0         Tower X translation velocity, node 6, m/s
         83   -4.199E-02                                 F               0         Tower Y translation velocity, node 6, m/s
         84    2.609E-03                                 F               0         Tower Z translation velocity, node 6, m/s
         85    3.791E-03                                 F               0         Tower X translation velocity, node 7, m/s
         86   -4.891E-02                                 F               0         Tower Y translation velocity, node 7, m/s
         87    2.254E-03                                 F               0         Tower Z translation velocity, node 7, m/s
         88    4.352E-03                                 F               0         Tower X translation velocity, node 8, m/s
         89   -5.588E-02                                 F               0         Tower Y translation velocity, node 8, m/s
         90    1.895E-03                                 F               0         Tower Z translation velocity, node 8, m/s
         91    4.915E-03                                 F               0         Tower X translation velocity, node 9, m/s
         92   -6.289E-02                                 F               0         Tower Y translation velocity, node 9, m/s
         93    1.534E-03                                 F               0         Tower Z translation velocity, node 9, m/s
         94    5.478E-03                                 F               0         Tower X translation velocity, node 10, m/s
         95   -6.994E-02                                 F               0         Tower Y translation velocity, node 10, m/s
         96    1.170E-03                                 F               0         Tower Z translation velocity, node 10, m/s
         97    6.040E-03                                 F               0         Tower X translation velocity, node 11, m/s
         98   -7.701E-02                                 F               0         Tower Y translation velocity, node 11, m/s
         99    8.049E-04                                 F               0         Tower Z translation velocity, node 11, m/s
        100    3.656E+01                                 F               0         Hub X translation displacement, node 1, m
        101   -5.941E+00                                 F               0         Hub Y translation displacement, node 1, m
        102   -4.781E-01                                 F               0         Hub Z translation displacement, node 1, m
        103    9.634E-01,  2.039E-02, -2.674E-01         F               0         Hub X orientation angle, node 1, rad
        104    2.669E-01, -1.714E-01,  9.484E-01         F               0         Hub Y orientation angle, node 1, rad
        105   -2.650E-02, -9.850E-01, -1.705E-01         F               0         Hub Z orientation angle, node 1, rad
        106    1.004E+00                                 F               0         Hub X rotation velocity, node 1, rad/s
        107    2.128E-02                                 F               0         Hub Y rotation velocity, node 1, rad/s
        108   -2.787E-01                                 F               0         Hub Z rotation velocity, node 1, rad/s
        109    9.550E-01,  2.546E-02, -2.955E-01         F               0         Blade root 1 X orientation angle, node 1, rad
        110    2.954E-01, -1.707E-01,  9.400E-01         F               0         Blade root 1 Y orientation angle, node 1, rad
        111   -2.650E-02, -9.850E-01, -1.705E-01         F               0         Blade root 1 Z orientation angle, node 1, rad
        112    9.676E-01,  4.314E-02, -2.489E-01         F               0         Blade root 2 X orientation angle, node 1, rad
        113   -1.277E-01, -7.664E-01, -6.295E-01         F               0         Blade root 2 Y orientation angle, node 1, rad
        114   -2.179E-01,  6.409E-01, -7.361E-01         F               0         Blade root 2 Z orientation angle, node 1, rad
        115    9.662E-01, -7.472E-03, -2.576E-01         F               0         Blade root 3 X orientation angle, node 1, rad
        116   -8.188E-02,  9.389E-01, -3.343E-01         F               0         Blade root 3 Y orientation angle, node 1, rad
        117    2.444E-01,  3.441E-01,  9.066E-01         F               0         Blade root 3 Z orientation angle, node 1, rad
        118    3.584E+01                                 F               0         Blade 1 X translation displacement, node 1, m
        119   -1.140E+01                                 F               0         Blade 1 Y translation displacement, node 1, m
        120   -6.932E+00                                 F               0         Blade 1 Z translation displacement, node 1, m
        121    3.566E+01                                 F               0         Blade 1 X translation displacement, node 2, m
        122   -1.271E+01                                 F               0         Blade 1 Y translation displacement, node 2, m
        123   -8.488E+00                                 F               0         Blade 1 Z translation displacement, node 2, m
        124    3.328E+01                                 F               0         Blade 1 X translation displacement, node 3, m
        125   -3.059E+01                                 F               0         Blade 1 Y translation displacement, node 3, m
        126   -2.964E+01                                 F               0         Blade 1 Z translation displacement, node 3, m
        127    3.278E+01                                 F               0         Blade 1 X translation displacement, node 4, m
        128   -3.440E+01                                 F               0         Blade 1 Y translation displacement, node 4, m
        129   -3.414E+01                                 F               0         Blade 1 Z translation displacement, node 4, m
        130    3.227E+01                                 F               0         Blade 1 X translation displacement, node 5, m
        131   -3.821E+01                                 F               0         Blade 1 Y translation displacement, node 5, m
        132   -3.865E+01                                 F               0         Blade 1 Z translation displacement, node 5, m
        133    3.176E+01                                 F               0         Blade 1 X translation displacement, node 6, m
        134   -4.202E+01                                 F               0         Blade 1 Y translation displacement, node 6, m
        135   -4.315E+01                                 F               0         Blade 1 Z translation displacement, node 6, m
        136    3.126E+01                                 F               0         Blade 1 X translation displacement, node 7, m
        137   -4.583E+01                                 F               0         Blade 1 Y translation displacement, node 7, m
        138   -4.766E+01                                 F               0         Blade 1 Z translation displacement, node 7, m
        139    3.075E+01                                 F               0         Blade 1 X translation displacement, node 8, m
        140   -4.964E+01                                 F               0         Blade 1 Y translation displacement, node 8, m
        141   -5.217E+01                                 F               0         Blade 1 Z translation displacement, node 8, m
        142    3.024E+01                                 F               0         Blade 1 X translation displacement, node 9, m
        143   -5.345E+01                                 F               0         Blade 1 Y translation displacement, node 9, m
        144   -5.667E+01                                 F               0         Blade 1 Z translation displacement, node 9, m
        145    2.973E+01                                 F               0         Blade 1 X translation displacement, node 10, m
        146   -5.726E+01                                 F               0         Blade 1 Y translation displacement, node 10, m
        147   -6.118E+01                                 F               0         Blade 1 Z translation displacement, node 10, m
        148    2.923E+01                                 F               0         Blade 1 X translation displacement, node 11, m
        149   -6.107E+01                                 F               0         Blade 1 Y translation displacement, node 11, m
        150   -6.568E+01                                 F               0         Blade 1 Z translation displacement, node 11, m
        151    2.872E+01                                 F               0         Blade 1 X translation displacement, node 12, m
        152   -6.488E+01                                 F               0         Blade 1 Y translation displacement, node 12, m
        153   -7.019E+01                                 F               0         Blade 1 Z translation displacement, node 12, m
        154    2.821E+01                                 F               0         Blade 1 X translation displacement, node 13, m
        155   -6.869E+01                                 F               0         Blade 1 Y translation displacement, node 13, m
        156   -7.470E+01                                 F               0         Blade 1 Z translation displacement, node 13, m
        157    2.771E+01                                 F               0         Blade 1 X translation displacement, node 14, m
        158   -7.250E+01                                 F               0         Blade 1 Y translation displacement, node 14, m
        159   -7.920E+01                                 F               0         Blade 1 Z translation displacement, node 14, m
        160    2.720E+01                                 F               0         Blade 1 X translation displacement, node 15, m
        161   -7.631E+01                                 F               0         Blade 1 Y translation displacement, node 15, m
        162   -8.371E+01                                 F               0         Blade 1 Z translation displacement, node 15, m
        163    2.669E+01                                 F               0         Blade 1 X translation displacement, node 16, m
        164   -8.012E+01                                 F               0         Blade 1 Y translation displacement, node 16, m
        165   -8.821E+01                                 F               0         Blade 1 Z translation displacement, node 16, m
        166    2.619E+01                                 F               0         Blade 1 X translation displacement, node 17, m
        167   -8.393E+01                                 F               0         Blade 1 Y translation displacement, node 17, m
        168   -9.272E+01                                 F               0         Blade 1 Z translation displacement, node 17, m
        169    2.568E+01                                 F               0         Blade 1 X translation displacement, node 18, m
        170   -8.774E+01                                 F               0         Blade 1 Y translation displacement, node 18, m
        171   -9.723E+01                                 F               0         Blade 1 Z translation displacement, node 18, m
        172    2.517E+01                                 F               0         Blade 1 X translation displacement, node 19, m
        173   -9.155E+01                                 F               0         Blade 1 Y translation displacement, node 19, m
        174   -1.017E+02                                 F               0         Blade 1 Z translation displacement, node 19, m
        175    2.467E+01                                 F               0         Blade 1 X translation displacement, node 20, m
        176   -9.536E+01                                 F               0         Blade 1 Y translation displacement, node 20, m
        177   -1.062E+02                                 F               0         Blade 1 Z translation displacement, node 20, m
        178    2.416E+01                                 F               0         Blade 1 X translation displacement, node 21, m
        179   -9.917E+01                                 F               0         Blade 1 Y translation displacement, node 21, m
        180   -1.107E+02                                 F               0         Blade 1 Z translation displacement, node 21, m
        181    2.365E+01                                 F               0         Blade 1 X translation displacement, node 22, m
        182   -1.030E+02                                 F               0         Blade 1 Y translation displacement, node 22, m
        183   -1.153E+02                                 F               0         Blade 1 Z translation displacement, node 22, m
        184    2.315E+01                                 F               0         Blade 1 X translation displacement, node 23, m
        185   -1.068E+02                                 F               0         Blade 1 Y translation displacement, node 23, m
        186   -1.198E+02                                 F               0         Blade 1 Z translation displacement, node 23, m
        187    2.264E+01                                 F               0         Blade 1 X translation displacement, node 24, m
        188   -1.106E+02                                 F               0         Blade 1 Y translation displacement, node 24, m
        189   -1.243E+02                                 F               0         Blade 1 Z translation displacement, node 24, m
        190    2.213E+01                                 F               0         Blade 1 X translation displacement, node 25, m
        191   -1.144E+02                                 F               0         Blade 1 Y translation displacement, node 25, m
        192   -1.288E+02                                 F               0         Blade 1 Z translation displacement, node 25, m
        193    2.163E+01                                 F               0         Blade 1 X translation displacement, node 26, m
        194   -1.182E+02                                 F               0         Blade 1 Y translation displacement, node 26, m
        195   -1.333E+02                                 F               0         Blade 1 Z translation displacement, node 26, m
        196    2.112E+01                                 F               0         Blade 1 X translation displacement, node 27, m
        197   -1.220E+02                                 F               0         Blade 1 Y translation displacement, node 27, m
        198   -1.378E+02                                 F               0         Blade 1 Z translation displacement, node 27, m
        199    2.069E+01                                 F               0         Blade 1 X translation displacement, node 28, m
        200   -1.253E+02                                 F               0         Blade 1 Y translation displacement, node 28, m
        201   -1.416E+02                                 F               0         Blade 1 Z translation displacement, node 28, m
        202    7.152E-01,  1.005E-01, -6.916E-01         F               0         Blade 1 X orientation angle, node 1, rad
        203    6.984E-01, -1.403E-01,  7.019E-01         F               0         Blade 1 Y orientation angle, node 1, rad
        204   -2.650E-02, -9.850E-01, -1.705E-01         F               0         Blade 1 Z orientation angle, node 1, rad
        205    7.152E-01,  1.005E-01, -6.916E-01         F               0         Blade 1 X orientation angle, node 2, rad
        206    6.984E-01, -1.403E-01,  7.019E-01         F               0         Blade 1 Y orientation angle, node 2, rad
        207   -2.650E-02, -9.850E-01, -1.705E-01         F               0         Blade 1 Z orientation angle, node 2, rad
        208    8.604E-01,  6.438E-02, -5.056E-01         F               0         Blade 1 X orientation angle, node 3, rad
        209    5.089E-01, -1.601E-01,  8.458E-01         F               0         Blade 1 Y orientation angle, node 3, rad
        210   -2.650E-02, -9.850E-01, -1.705E-01         F               0         Blade 1 Z orientation angle, node 3, rad
        211    8.811E-01,  5.756E-02, -4.694E-01         F               0         Blade 1 X orientation angle, node 4, rad
        212    4.722E-01, -1.627E-01,  8.664E-01         F               0         Blade 1 Y orientation angle, node 4, rad
        213   -2.650E-02, -9.850E-01, -1.705E-01         F               0         Blade 1 Z orientation angle, node 4, rad
        214    8.963E-01,  5.213E-02, -4.404E-01         F               0         Blade 1 X orientation angle, node 5, rad
        215    4.427E-01, -1.645E-01,  8.815E-01         F               0         Blade 1 Y orientation angle, node 5, rad
        216   -2.650E-02, -9.850E-01, -1.705E-01         F               0         Blade 1 Z orientation angle, node 5, rad
        217    9.077E-01,  4.775E-02, -4.169E-01         F               0         Blade 1 X orientation angle, node 6, rad
        218    4.188E-01, -1.658E-01,  8.928E-01         F               0         Blade 1 Y orientation angle, node 6, rad
        219   -2.650E-02, -9.850E-01, -1.705E-01         F               0         Blade 1 Z orientation angle, node 6, rad
        220    9.166E-01,  4.412E-02, -3.973E-01         F               0         Blade 1 X orientation angle, node 7, rad
        221    3.989E-01, -1.668E-01,  9.017E-01         F               0         Blade 1 Y orientation angle, node 7, rad
        222   -2.650E-02, -9.850E-01, -1.705E-01         F               0         Blade 1 Z orientation angle, node 7, rad
        223    9.237E-01,  4.109E-02, -3.809E-01         F               0         Blade 1 X orientation angle, node 8, rad
        224    3.822E-01, -1.676E-01,  9.088E-01         F               0         Blade 1 Y orientation angle, node 8, rad
        225   -2.650E-02, -9.850E-01, -1.705E-01         F               0         Blade 1 Z orientation angle, node 8, rad
        226    9.295E-01,  3.851E-02, -3.669E-01         F               0         Blade 1 X orientation angle, node 9, rad
        227    3.679E-01, -1.682E-01,  9.145E-01         F               0         Blade 1 Y orientation angle, node 9, rad
        228   -2.650E-02, -9.850E-01, -1.705E-01         F               0         Blade 1 Z orientation angle, node 9, rad
        229    9.343E-01,  3.627E-02, -3.547E-01         F               0         Blade 1 X orientation angle, node 10, rad
        230    3.556E-01, -1.687E-01,  9.193E-01         F               0         Blade 1 Y orientation angle, node 10, rad
        231   -2.650E-02, -9.850E-01, -1.705E-01         F               0         Blade 1 Z orientation angle, node 10, rad
        232    9.382E-01,  3.436E-02, -3.442E-01         F               0         Blade 1 X orientation angle, node 11, rad
        233    3.449E-01, -1.691E-01,  9.233E-01         F               0         Blade 1 Y orientation angle, node 11, rad
        234   -2.650E-02, -9.850E-01, -1.705E-01         F               0         Blade 1 Z orientation angle, node 11, rad
        235    9.416E-01,  3.267E-02, -3.350E-01         F               0         Blade 1 X orientation angle, node 12, rad
        236    3.356E-01, -1.694E-01,  9.266E-01         F               0         Blade 1 Y orientation angle, node 12, rad
        237   -2.650E-02, -9.850E-01, -1.705E-01         F               0         Blade 1 Z orientation angle, node 12, rad
        238    9.445E-01,  3.119E-02, -3.269E-01         F               0         Blade 1 X orientation angle, node 13, rad
        239    3.274E-01, -1.697E-01,  9.295E-01         F               0         Blade 1 Y orientation angle, node 13, rad
        240   -2.650E-02, -9.850E-01, -1.705E-01         F               0         Blade 1 Z orientation angle, node 13, rad
        241    9.471E-01,  2.986E-02, -3.196E-01         F               0         Blade 1 X orientation angle, node 14, rad
        242    3.199E-01, -1.700E-01,  9.321E-01         F               0         Blade 1 Y orientation angle, node 14, rad
        243   -2.650E-02, -9.850E-01, -1.705E-01         F               0         Blade 1 Z orientation angle, node 14, rad
        244    9.493E-01,  2.867E-02, -3.131E-01         F               0         Blade 1 X orientation angle, node 15, rad
        245    3.133E-01, -1.702E-01,  9.343E-01         F               0         Blade 1 Y orientation angle, node 15, rad
        246   -2.650E-02, -9.850E-01, -1.705E-01         F               0         Blade 1 Z orientation angle, node 15, rad
        247    9.512E-01,  2.760E-02, -3.072E-01         F               0         Blade 1 X orientation angle, node 16, rad
        248    3.073E-01, -1.703E-01,  9.362E-01         F               0         Blade 1 Y orientation angle, node 16, rad
        249   -2.650E-02, -9.850E-01, -1.705E-01         F               0         Blade 1 Z orientation angle, node 16, rad
        250    9.529E-01,  2.665E-02, -3.020E-01         F               0         Blade 1 X orientation angle, node 17, rad
        251    3.020E-01, -1.705E-01,  9.379E-01         F               0         Blade 1 Y orientation angle, node 17, rad
        252   -2.650E-02, -9.850E-01, -1.705E-01         F               0         Blade 1 Z orientation angle, node 17, rad
        253    9.545E-01,  2.576E-02, -2.971E-01         F               0         Blade 1 X orientation angle, node 18, rad
        254    2.970E-01, -1.706E-01,  9.395E-01         F               0         Blade 1 Y orientation angle, node 18, rad
        255   -2.650E-02, -9.850E-01, -1.705E-01         F               0         Blade 1 Z orientation angle, node 18, rad
        256    9.559E-01,  2.495E-02, -2.927E-01         F               0         Blade 1 X orientation angle, node 19, rad
        257    2.925E-01, -1.708E-01,  9.409E-01         F               0         Blade 1 Y orientation angle, node 19, rad
        258   -2.650E-02, -9.850E-01, -1.705E-01         F               0         Blade 1 Z orientation angle, node 19, rad
        259    9.571E-01,  2.424E-02, -2.887E-01         F               0         Blade 1 X orientation angle, node 20, rad
        260    2.885E-01, -1.709E-01,  9.421E-01         F               0         Blade 1 Y orientation angle, node 20, rad
        261   -2.650E-02, -9.850E-01, -1.705E-01         F               0         Blade 1 Z orientation angle, node 20, rad
        262    9.583E-01,  2.355E-02, -2.849E-01         F               0         Blade 1 X orientation angle, node 21, rad
        263    2.847E-01, -1.710E-01,  9.433E-01         F               0         Blade 1 Y orientation angle, node 21, rad
        264   -2.650E-02, -9.850E-01, -1.705E-01         F               0         Blade 1 Z orientation angle, node 21, rad
        265    9.593E-01,  2.292E-02, -2.815E-01         F               0         Blade 1 X orientation angle, node 22, rad
        266    2.812E-01, -1.710E-01,  9.443E-01         F               0         Blade 1 Y orientation angle, node 22, rad
        267   -2.650E-02, -9.850E-01, -1.705E-01         F               0         Blade 1 Z orientation angle, node 22, rad
        268    9.602E-01,  2.236E-02, -2.783E-01         F               0         Blade 1 X orientation angle, node 23, rad
        269    2.780E-01, -1.711E-01,  9.452E-01         F               0         Blade 1 Y orientation angle, node 23, rad
        270   -2.650E-02, -9.850E-01, -1.705E-01         F               0         Blade 1 Z orientation angle, node 23, rad
        271    9.611E-01,  2.182E-02, -2.754E-01         F               0         Blade 1 X orientation angle, node 24, rad
        272    2.750E-01, -1.712E-01,  9.461E-01         F               0         Blade 1 Y orientation angle, node 24, rad
        273   -2.650E-02, -9.850E-01, -1.705E-01         F               0         Blade 1 Z orientation angle, node 24, rad
        274    9.619E-01,  2.131E-02, -2.726E-01         F               0         Blade 1 X orientation angle, node 25, rad
        275    2.721E-01, -1.712E-01,  9.469E-01         F               0         Blade 1 Y orientation angle, node 25, rad
        276   -2.650E-02, -9.850E-01, -1.705E-01         F               0         Blade 1 Z orientation angle, node 25, rad
        277    9.626E-01,  2.086E-02, -2.701E-01         F               0         Blade 1 X orientation angle, node 26, rad
        278    2.696E-01, -1.713E-01,  9.476E-01         F               0         Blade 1 Y orientation angle, node 26, rad
        279   -2.650E-02, -9.850E-01, -1.705E-01         F               0         Blade 1 Z orientation angle, node 26, rad
        280    9.633E-01,  2.042E-02, -2.676E-01         F               0         Blade 1 X orientation angle, node 27, rad
        281    2.671E-01, -1.714E-01,  9.483E-01         F               0         Blade 1 Y orientation angle, node 27, rad
        282   -2.650E-02, -9.850E-01, -1.705E-01         F               0         Blade 1 Z orientation angle, node 27, rad
        283    9.637E-01,  2.018E-02, -2.663E-01         F               0         Blade 1 X orientation angle, node 28, rad
        284    2.657E-01, -1.714E-01,  9.487E-01         F               0         Blade 1 Y orientation angle, node 28, rad
        285   -2.650E-02, -9.850E-01, -1.705E-01         F               0         Blade 1 Z orientation angle, node 28, rad
        286   -1.535E+00                                 F               0         Blade 1 X translation velocity, node 1, m/s
        287    9.094E-01                                 F               0         Blade 1 Y translation velocity, node 1, m/s
        288   -5.472E+00                                 F               0         Blade 1 Z translation velocity, node 1, m/s
        289   -1.906E+00                                 F               0         Blade 1 X translation velocity, node 2, m/s
        290    1.148E+00                                 F               0         Blade 1 Y translation velocity, node 2, m/s
        291   -6.791E+00                                 F               0         Blade 1 Z translation velocity, node 2, m/s
        292   -6.956E+00                                 F               0         Blade 1 X translation velocity, node 3, m/s
        293    4.388E+00                                 F               0         Blade 1 Y translation velocity, node 3, m/s
        294   -2.472E+01                                 F               0         Blade 1 Z translation velocity, node 3, m/s
        295   -8.031E+00                                 F               0         Blade 1 X translation velocity, node 4, m/s
        296    5.079E+00                                 F               0         Blade 1 Y translation velocity, node 4, m/s
        297   -2.855E+01                                 F               0         Blade 1 Z translation velocity, node 4, m/s
        298   -9.108E+00                                 F               0         Blade 1 X translation velocity, node 5, m/s
        299    5.769E+00                                 F               0         Blade 1 Y translation velocity, node 5, m/s
        300   -3.237E+01                                 F               0         Blade 1 Z translation velocity, node 5, m/s
        301   -1.018E+01                                 F               0         Blade 1 X translation velocity, node 6, m/s
        302    6.460E+00                                 F               0         Blade 1 Y translation velocity, node 6, m/s
        303   -3.619E+01                                 F               0         Blade 1 Z translation velocity, node 6, m/s
        304   -1.126E+01                                 F               0         Blade 1 X translation velocity, node 7, m/s
        305    7.150E+00                                 F               0         Blade 1 Y translation velocity, node 7, m/s
        306   -4.001E+01                                 F               0         Blade 1 Z translation velocity, node 7, m/s
        307   -1.234E+01                                 F               0         Blade 1 X translation velocity, node 8, m/s
