
Linearized model: Predictions were generated on 19-Dec-2023 at 09:27:32 using OpenFAST, compiled as a 64-bit application using single precision at commit v3.5.1
 linked with  NWTC Subroutine Library; ElastoDyn; InflowWind; AeroDyn; ServoDyn; HydroDyn; MoorDyn (v2.0.0, 2023-09-18)

Description from the FAST input file: CCT-9 Campign 4 model. Input files to be run with OpenFAST 3.5.0. GitHub branch from Lu Wang (https://github.com/luwang00/openfast/tree/dev) compiled on March 7, 2023.

Simulation information:
   Simulation time:                  1006.7250 s
   Rotor Speed:                         1.0408 rad/s
   Azimuth:                             5.8455 rad
   Wind Speed:                         12.0000 m/s
   Number of continuous states:         0
   Number of discrete states:           0
   Number of constraint states:         0
   Number of inputs:                 1746
   Number of outputs:                   4
   Jacobians included in this file?    No

Order of inputs:
     Column   Operating Point                     Rotating Frame? Derivative Order Description
   ---------- ---------------                     --------------- ---------------- -----------
          1    1.511E+01                                 F               0         Tower X translation displacement, node 1, m
          2   -9.294E-01                                 F               0         Tower Y translation displacement, node 1, m
          3   -4.158E-01                                 F               0         Tower Z translation displacement, node 1, m
          4    1.702E+01                                 F               0         Tower X translation displacement, node 2, m
          5   -1.419E+00                                 F               0         Tower Y translation displacement, node 2, m
          6   -5.739E-01                                 F               0         Tower Z translation displacement, node 2, m
          7    1.896E+01                                 F               0         Tower X translation displacement, node 3, m
          8   -1.913E+00                                 F               0         Tower Y translation displacement, node 3, m
          9   -7.375E-01                                 F               0         Tower Z translation displacement, node 3, m
         10    2.093E+01                                 F               0         Tower X translation displacement, node 4, m
         11   -2.410E+00                                 F               0         Tower Y translation displacement, node 4, m
         12   -9.055E-01                                 F               0         Tower Z translation displacement, node 4, m
         13    2.292E+01                                 F               0         Tower X translation displacement, node 5, m
         14   -2.910E+00                                 F               0         Tower Y translation displacement, node 5, m
         15   -1.077E+00                                 F               0         Tower Z translation displacement, node 5, m
         16    2.493E+01                                 F               0         Tower X translation displacement, node 6, m
         17   -3.413E+00                                 F               0         Tower Y translation displacement, node 6, m
         18   -1.252E+00                                 F               0         Tower Z translation displacement, node 6, m
         19    2.695E+01                                 F               0         Tower X translation displacement, node 7, m
         20   -3.917E+00                                 F               0         Tower Y translation displacement, node 7, m
         21   -1.429E+00                                 F               0         Tower Z translation displacement, node 7, m
         22    2.899E+01                                 F               0         Tower X translation displacement, node 8, m
         23   -4.423E+00                                 F               0         Tower Y translation displacement, node 8, m
         24   -1.608E+00                                 F               0         Tower Z translation displacement, node 8, m
         25    3.103E+01                                 F               0         Tower X translation displacement, node 9, m
         26   -4.930E+00                                 F               0         Tower Y translation displacement, node 9, m
         27   -1.788E+00                                 F               0         Tower Z translation displacement, node 9, m
         28    3.307E+01                                 F               0         Tower X translation displacement, node 10, m
         29   -5.438E+00                                 F               0         Tower Y translation displacement, node 10, m
         30   -1.970E+00                                 F               0         Tower Z translation displacement, node 10, m
         31    3.513E+01                                 F               0         Tower X translation displacement, node 11, m
         32   -5.947E+00                                 F               0         Tower Y translation displacement, node 11, m
         33   -2.151E+00                                 F               0         Tower Z translation displacement, node 11, m
         34    9.881E-01,  1.513E-02, -1.529E-01         F               0         Tower X orientation angle, node 1, rad
         35   -8.897E-03,  9.991E-01,  4.135E-02         F               0         Tower Y orientation angle, node 1, rad
         36    1.533E-01, -3.950E-02,  9.874E-01         F               0         Tower Z orientation angle, node 1, rad
         37    9.877E-01,  1.523E-02, -1.554E-01         F               0         Tower X orientation angle, node 2, rad
         38   -8.841E-03,  9.991E-01,  4.170E-02         F               0         Tower Y orientation angle, node 2, rad
         39    1.559E-01, -3.982E-02,  9.870E-01         F               0         Tower Z orientation angle, node 2, rad
         40    9.874E-01,  1.532E-02, -1.577E-01         F               0         Tower X orientation angle, node 3, rad
         41   -8.791E-03,  9.991E-01,  4.202E-02         F               0         Tower Y orientation angle, node 3, rad
         42    1.582E-01, -4.010E-02,  9.866E-01         F               0         Tower Z orientation angle, node 3, rad
         43    9.870E-01,  1.540E-02, -1.597E-01         F               0         Tower X orientation angle, node 4, rad
         44   -8.746E-03,  9.991E-01,  4.230E-02         F               0         Tower Y orientation angle, node 4, rad
         45    1.602E-01, -4.035E-02,  9.863E-01         F               0         Tower Z orientation angle, node 4, rad
         46    9.868E-01,  1.547E-02, -1.613E-01         F               0         Tower X orientation angle, node 5, rad
         47   -8.707E-03,  9.991E-01,  4.254E-02         F               0         Tower Y orientation angle, node 5, rad
         48    1.618E-01, -4.057E-02,  9.860E-01         F               0         Tower Z orientation angle, node 5, rad
         49    9.866E-01,  1.552E-02, -1.626E-01         F               0         Tower X orientation angle, node 6, rad
         50   -8.674E-03,  9.990E-01,  4.274E-02         F               0         Tower Y orientation angle, node 6, rad
         51    1.631E-01, -4.075E-02,  9.858E-01         F               0         Tower Z orientation angle, node 6, rad
         52    9.864E-01,  1.557E-02, -1.637E-01         F               0         Tower X orientation angle, node 7, rad
         53   -8.648E-03,  9.990E-01,  4.290E-02         F               0         Tower Y orientation angle, node 7, rad
         54    1.642E-01, -4.090E-02,  9.856E-01         F               0         Tower Z orientation angle, node 7, rad
         55    9.863E-01,  1.560E-02, -1.644E-01         F               0         Tower X orientation angle, node 8, rad
         56   -8.627E-03,  9.990E-01,  4.302E-02         F               0         Tower Y orientation angle, node 8, rad
         57    1.649E-01, -4.101E-02,  9.855E-01         F               0         Tower Z orientation angle, node 8, rad
         58    9.862E-01,  1.562E-02, -1.650E-01         F               0         Tower X orientation angle, node 9, rad
         59   -8.612E-03,  9.990E-01,  4.311E-02         F               0         Tower Y orientation angle, node 9, rad
         60    1.655E-01, -4.109E-02,  9.854E-01         F               0         Tower Z orientation angle, node 9, rad
         61    9.861E-01,  1.563E-02, -1.653E-01         F               0         Tower X orientation angle, node 10, rad
         62   -8.602E-03,  9.990E-01,  4.317E-02         F               0         Tower Y orientation angle, node 10, rad
         63    1.658E-01, -4.115E-02,  9.853E-01         F               0         Tower Z orientation angle, node 10, rad
         64    9.861E-01,  1.564E-02, -1.655E-01         F               0         Tower X orientation angle, node 11, rad
         65   -8.597E-03,  9.990E-01,  4.320E-02         F               0         Tower Y orientation angle, node 11, rad
         66    1.660E-01, -4.118E-02,  9.853E-01         F               0         Tower Z orientation angle, node 11, rad
         67   -7.829E-04                                 F               0         Tower X translation velocity, node 1, m/s
         68   -1.825E-02                                 F               0         Tower Y translation velocity, node 1, m/s
         69    2.853E-03                                 F               0         Tower Z translation velocity, node 1, m/s
         70   -8.398E-04                                 F               0         Tower X translation velocity, node 2, m/s
         71   -3.077E-02                                 F               0         Tower Y translation velocity, node 2, m/s
         72    2.360E-03                                 F               0         Tower Z translation velocity, node 2, m/s
         73   -8.663E-04                                 F               0         Tower X translation velocity, node 3, m/s
         74   -4.347E-02                                 F               0         Tower Y translation velocity, node 3, m/s
         75    1.850E-03                                 F               0         Tower Z translation velocity, node 3, m/s
         76   -8.659E-04                                 F               0         Tower X translation velocity, node 4, m/s
         77   -5.631E-02                                 F               0         Tower Y translation velocity, node 4, m/s
         78    1.326E-03                                 F               0         Tower Z translation velocity, node 4, m/s
         79   -8.390E-04                                 F               0         Tower X translation velocity, node 5, m/s
         80   -6.927E-02                                 F               0         Tower Y translation velocity, node 5, m/s
         81    7.893E-04                                 F               0         Tower Z translation velocity, node 5, m/s
         82   -7.871E-04                                 F               0         Tower X translation velocity, node 6, m/s
         83   -8.233E-02                                 F               0         Tower Y translation velocity, node 6, m/s
         84    2.417E-04                                 F               0         Tower Z translation velocity, node 6, m/s
         85   -7.137E-04                                 F               0         Tower X translation velocity, node 7, m/s
         86   -9.548E-02                                 F               0         Tower Y translation velocity, node 7, m/s
         87   -3.150E-04                                 F               0         Tower Z translation velocity, node 7, m/s
         88   -6.192E-04                                 F               0         Tower X translation velocity, node 8, m/s
         89   -1.087E-01                                 F               0         Tower Y translation velocity, node 8, m/s
         90   -8.801E-04                                 F               0         Tower Z translation velocity, node 8, m/s
         91   -5.071E-04                                 F               0         Tower X translation velocity, node 9, m/s
         92   -1.220E-01                                 F               0         Tower Y translation velocity, node 9, m/s
         93   -1.452E-03                                 F               0         Tower Z translation velocity, node 9, m/s
         94   -3.815E-04                                 F               0         Tower X translation velocity, node 10, m/s
         95   -1.353E-01                                 F               0         Tower Y translation velocity, node 10, m/s
         96   -2.029E-03                                 F               0         Tower Z translation velocity, node 10, m/s
         97   -2.470E-04                                 F               0         Tower X translation velocity, node 11, m/s
         98   -1.486E-01                                 F               0         Tower Y translation velocity, node 11, m/s
         99   -2.609E-03                                 F               0         Tower Z translation velocity, node 11, m/s
        100    3.658E+01                                 F               0         Hub X translation displacement, node 1, m
        101   -6.439E+00                                 F               0         Hub Y translation displacement, node 1, m
        102   -4.800E-01                                 F               0         Hub Z translation displacement, node 1, m
        103    9.633E-01,  1.986E-02, -2.676E-01         F               0         Hub X orientation angle, node 1, rad
        104   -1.214E-01,  9.215E-01, -3.689E-01         F               0         Hub Y orientation angle, node 1, rad
        105    2.392E-01,  3.878E-01,  8.901E-01         F               0         Hub Z orientation angle, node 1, rad
        106    1.004E+00                                 F               0         Hub X rotation velocity, node 1, rad/s
        107    2.069E-02                                 F               0         Hub Y rotation velocity, node 1, rad/s
        108   -2.788E-01                                 F               0         Hub Z rotation velocity, node 1, rad/s
        109    9.665E-01, -7.487E-03, -2.565E-01         F               0         Blade root 1 X orientation angle, node 1, rad
        110   -9.281E-02,  9.217E-01, -3.766E-01         F               0         Blade root 1 Y orientation angle, node 1, rad
        111    2.392E-01,  3.878E-01,  8.901E-01         F               0         Blade root 1 Z orientation angle, node 1, rad
        112    9.550E-01,  2.356E-02, -2.958E-01         F               0         Blade root 2 X orientation angle, node 1, rad
        113    2.964E-01, -1.242E-01,  9.470E-01         F               0         Blade root 2 Y orientation angle, node 1, rad
        114   -1.444E-02, -9.920E-01, -1.256E-01         F               0         Blade root 2 Z orientation angle, node 1, rad
        115    9.673E-01,  4.348E-02, -2.500E-01         F               0         Blade root 3 X orientation angle, node 1, rad
        116   -1.178E-01, -7.957E-01, -5.941E-01         F               0         Blade root 3 Y orientation angle, node 1, rad
        117   -2.248E-01,  6.041E-01, -7.645E-01         F               0         Blade root 3 Z orientation angle, node 1, rad
        118    3.732E+01                                 F               0         Blade 1 X translation displacement, node 1, m
        119   -4.291E+00                                 F               0         Blade 1 Y translation displacement, node 1, m
        120   -1.058E+00                                 F               0         Blade 1 Z translation displacement, node 1, m
        121    3.750E+01                                 F               0         Blade 1 X translation displacement, node 2, m
        122   -3.773E+00                                 F               0         Blade 1 Y translation displacement, node 2, m
        123   -1.198E+00                                 F               0         Blade 1 Z translation displacement, node 2, m
        124    3.995E+01                                 F               0         Blade 1 X translation displacement, node 3, m
        125    3.267E+00                                 F               0         Blade 1 Y translation displacement, node 3, m
        126   -3.092E+00                                 F               0         Blade 1 Z translation displacement, node 3, m
        127    4.047E+01                                 F               0         Blade 1 X translation displacement, node 4, m
        128    4.767E+00                                 F               0         Blade 1 Y translation displacement, node 4, m
        129   -3.496E+00                                 F               0         Blade 1 Z translation displacement, node 4, m
        130    4.099E+01                                 F               0         Blade 1 X translation displacement, node 5, m
        131    6.267E+00                                 F               0         Blade 1 Y translation displacement, node 5, m
        132   -3.900E+00                                 F               0         Blade 1 Z translation displacement, node 5, m
        133    4.151E+01                                 F               0         Blade 1 X translation displacement, node 6, m
        134    7.767E+00                                 F               0         Blade 1 Y translation displacement, node 6, m
        135   -4.303E+00                                 F               0         Blade 1 Z translation displacement, node 6, m
        136    4.203E+01                                 F               0         Blade 1 X translation displacement, node 7, m
        137    9.267E+00                                 F               0         Blade 1 Y translation displacement, node 7, m
        138   -4.707E+00                                 F               0         Blade 1 Z translation displacement, node 7, m
        139    4.255E+01                                 F               0         Blade 1 X translation displacement, node 8, m
        140    1.077E+01                                 F               0         Blade 1 Y translation displacement, node 8, m
        141   -5.111E+00                                 F               0         Blade 1 Z translation displacement, node 8, m
        142    4.308E+01                                 F               0         Blade 1 X translation displacement, node 9, m
        143    1.227E+01                                 F               0         Blade 1 Y translation displacement, node 9, m
        144   -5.514E+00                                 F               0         Blade 1 Z translation displacement, node 9, m
        145    4.360E+01                                 F               0         Blade 1 X translation displacement, node 10, m
        146    1.377E+01                                 F               0         Blade 1 Y translation displacement, node 10, m
        147   -5.918E+00                                 F               0         Blade 1 Z translation displacement, node 10, m
        148    4.412E+01                                 F               0         Blade 1 X translation displacement, node 11, m
        149    1.527E+01                                 F               0         Blade 1 Y translation displacement, node 11, m
        150   -6.322E+00                                 F               0         Blade 1 Z translation displacement, node 11, m
        151    4.464E+01                                 F               0         Blade 1 X translation displacement, node 12, m
        152    1.677E+01                                 F               0         Blade 1 Y translation displacement, node 12, m
        153   -6.725E+00                                 F               0         Blade 1 Z translation displacement, node 12, m
        154    4.516E+01                                 F               0         Blade 1 X translation displacement, node 13, m
        155    1.827E+01                                 F               0         Blade 1 Y translation displacement, node 13, m
        156   -7.129E+00                                 F               0         Blade 1 Z translation displacement, node 13, m
        157    4.568E+01                                 F               0         Blade 1 X translation displacement, node 14, m
        158    1.977E+01                                 F               0         Blade 1 Y translation displacement, node 14, m
        159   -7.533E+00                                 F               0         Blade 1 Z translation displacement, node 14, m
        160    4.620E+01                                 F               0         Blade 1 X translation displacement, node 15, m
        161    2.127E+01                                 F               0         Blade 1 Y translation displacement, node 15, m
        162   -7.937E+00                                 F               0         Blade 1 Z translation displacement, node 15, m
        163    4.672E+01                                 F               0         Blade 1 X translation displacement, node 16, m
        164    2.277E+01                                 F               0         Blade 1 Y translation displacement, node 16, m
        165   -8.340E+00                                 F               0         Blade 1 Z translation displacement, node 16, m
        166    4.724E+01                                 F               0         Blade 1 X translation displacement, node 17, m
        167    2.427E+01                                 F               0         Blade 1 Y translation displacement, node 17, m
        168   -8.744E+00                                 F               0         Blade 1 Z translation displacement, node 17, m
        169    4.776E+01                                 F               0         Blade 1 X translation displacement, node 18, m
        170    2.577E+01                                 F               0         Blade 1 Y translation displacement, node 18, m
        171   -9.148E+00                                 F               0         Blade 1 Z translation displacement, node 18, m
        172    4.829E+01                                 F               0         Blade 1 X translation displacement, node 19, m
        173    2.727E+01                                 F               0         Blade 1 Y translation displacement, node 19, m
        174   -9.551E+00                                 F               0         Blade 1 Z translation displacement, node 19, m
        175    4.881E+01                                 F               0         Blade 1 X translation displacement, node 20, m
        176    2.877E+01                                 F               0         Blade 1 Y translation displacement, node 20, m
        177   -9.955E+00                                 F               0         Blade 1 Z translation displacement, node 20, m
        178    4.933E+01                                 F               0         Blade 1 X translation displacement, node 21, m
        179    3.027E+01                                 F               0         Blade 1 Y translation displacement, node 21, m
        180   -1.036E+01                                 F               0         Blade 1 Z translation displacement, node 21, m
        181    4.985E+01                                 F               0         Blade 1 X translation displacement, node 22, m
        182    3.177E+01                                 F               0         Blade 1 Y translation displacement, node 22, m
        183   -1.076E+01                                 F               0         Blade 1 Z translation displacement, node 22, m
        184    5.037E+01                                 F               0         Blade 1 X translation displacement, node 23, m
        185    3.327E+01                                 F               0         Blade 1 Y translation displacement, node 23, m
        186   -1.117E+01                                 F               0         Blade 1 Z translation displacement, node 23, m
        187    5.089E+01                                 F               0         Blade 1 X translation displacement, node 24, m
        188    3.477E+01                                 F               0         Blade 1 Y translation displacement, node 24, m
        189   -1.157E+01                                 F               0         Blade 1 Z translation displacement, node 24, m
        190    5.141E+01                                 F               0         Blade 1 X translation displacement, node 25, m
        191    3.627E+01                                 F               0         Blade 1 Y translation displacement, node 25, m
        192   -1.197E+01                                 F               0         Blade 1 Z translation displacement, node 25, m
        193    5.193E+01                                 F               0         Blade 1 X translation displacement, node 26, m
        194    3.777E+01                                 F               0         Blade 1 Y translation displacement, node 26, m
        195   -1.238E+01                                 F               0         Blade 1 Z translation displacement, node 26, m
        196    5.245E+01                                 F               0         Blade 1 X translation displacement, node 27, m
        197    3.927E+01                                 F               0         Blade 1 Y translation displacement, node 27, m
        198   -1.278E+01                                 F               0         Blade 1 Z translation displacement, node 27, m
        199    5.289E+01                                 F               0         Blade 1 X translation displacement, node 28, m
        200    4.054E+01                                 F               0         Blade 1 Y translation displacement, node 28, m
        201   -1.312E+01                                 F               0         Blade 1 Z translation displacement, node 28, m
        202    9.025E-01, -4.270E-01, -5.652E-02         F               0         Blade 1 X orientation angle, node 1, rad
        203    3.581E-01,  8.169E-01, -4.522E-01         F               0         Blade 1 Y orientation angle, node 1, rad
        204    2.392E-01,  3.878E-01,  8.901E-01         F               0         Blade 1 Z orientation angle, node 1, rad
        205    9.025E-01, -4.270E-01, -5.652E-02         F               0         Blade 1 X orientation angle, node 2, rad
        206    3.581E-01,  8.169E-01, -4.522E-01         F               0         Blade 1 Y orientation angle, node 2, rad
        207    2.392E-01,  3.878E-01,  8.901E-01         F               0         Blade 1 Z orientation angle, node 2, rad
        208    9.617E-01, -2.212E-01, -1.621E-01         F               0         Blade 1 X orientation angle, node 3, rad
        209    1.340E-01,  8.948E-01, -4.259E-01         F               0         Blade 1 Y orientation angle, node 3, rad
        210    2.392E-01,  3.878E-01,  8.901E-01         F               0         Blade 1 Z orientation angle, node 3, rad
        211    9.665E-01, -1.832E-01, -1.799E-01         F               0         Blade 1 X orientation angle, node 4, rad
        212    9.332E-02,  9.033E-01, -4.187E-01         F               0         Blade 1 Y orientation angle, node 4, rad
        213    2.392E-01,  3.878E-01,  8.901E-01         F               0         Blade 1 Z orientation angle, node 4, rad
        214    9.690E-01, -1.532E-01, -1.937E-01         F               0         Blade 1 X orientation angle, node 5, rad
        215    6.122E-02,  9.089E-01, -4.125E-01         F               0         Blade 1 Y orientation angle, node 5, rad
        216    2.392E-01,  3.878E-01,  8.901E-01         F               0         Blade 1 Z orientation angle, node 5, rad
        217    9.703E-01, -1.290E-01, -2.046E-01         F               0         Blade 1 X orientation angle, node 6, rad
        218    3.550E-02,  9.127E-01, -4.072E-01         F               0         Blade 1 Y orientation angle, node 6, rad
        219    2.392E-01,  3.878E-01,  8.901E-01         F               0         Blade 1 Z orientation angle, node 6, rad
        220    9.709E-01, -1.091E-01, -2.134E-01         F               0         Blade 1 X orientation angle, node 7, rad
        221    1.432E-02,  9.153E-01, -4.026E-01         F               0         Blade 1 Y orientation angle, node 7, rad
        222    2.392E-01,  3.878E-01,  8.901E-01         F               0         Blade 1 Z orientation angle, node 7, rad
        223    9.710E-01, -9.243E-02, -2.207E-01         F               0         Blade 1 X orientation angle, node 8, rad
        224   -3.304E-03,  9.171E-01, -3.987E-01         F               0         Blade 1 Y orientation angle, node 8, rad
        225    2.392E-01,  3.878E-01,  8.901E-01         F               0         Blade 1 Z orientation angle, node 8, rad
        226    9.708E-01, -7.834E-02, -2.268E-01         F               0         Blade 1 X orientation angle, node 9, rad
        227   -1.822E-02,  9.184E-01, -3.952E-01         F               0         Blade 1 Y orientation angle, node 9, rad
        228    2.392E-01,  3.878E-01,  8.901E-01         F               0         Blade 1 Z orientation angle, node 9, rad
        229    9.705E-01, -6.615E-02, -2.320E-01         F               0         Blade 1 X orientation angle, node 10, rad
        230   -3.109E-02,  9.194E-01, -3.922E-01         F               0         Blade 1 Y orientation angle, node 10, rad
        231    2.392E-01,  3.878E-01,  8.901E-01         F               0         Blade 1 Z orientation angle, node 10, rad
        232    9.701E-01, -5.572E-02, -2.364E-01         F               0         Blade 1 X orientation angle, node 11, rad
        233   -4.210E-02,  9.200E-01, -3.895E-01         F               0         Blade 1 Y orientation angle, node 11, rad
        234    2.392E-01,  3.878E-01,  8.901E-01         F               0         Blade 1 Z orientation angle, node 11, rad
        235    9.696E-01, -4.656E-02, -2.403E-01         F               0         Blade 1 X orientation angle, node 12, rad
        236   -5.175E-02,  9.206E-01, -3.872E-01         F               0         Blade 1 Y orientation angle, node 12, rad
        237    2.392E-01,  3.878E-01,  8.901E-01         F               0         Blade 1 Z orientation angle, node 12, rad
        238    9.691E-01, -3.852E-02, -2.437E-01         F               0         Blade 1 X orientation angle, node 13, rad
        239   -6.021E-02,  9.209E-01, -3.851E-01         F               0         Blade 1 Y orientation angle, node 13, rad
        240    2.392E-01,  3.878E-01,  8.901E-01         F               0         Blade 1 Z orientation angle, node 13, rad
        241    9.686E-01, -3.129E-02, -2.467E-01         F               0         Blade 1 X orientation angle, node 14, rad
        242   -6.781E-02,  9.212E-01, -3.831E-01         F               0         Blade 1 Y orientation angle, node 14, rad
        243    2.392E-01,  3.878E-01,  8.901E-01         F               0         Blade 1 Z orientation angle, node 14, rad
        244    9.681E-01, -2.486E-02, -2.493E-01         F               0         Blade 1 X orientation angle, node 15, rad
        245   -7.457E-02,  9.214E-01, -3.814E-01         F               0         Blade 1 Y orientation angle, node 15, rad
        246    2.392E-01,  3.878E-01,  8.901E-01         F               0         Blade 1 Z orientation angle, node 15, rad
        247    9.676E-01, -1.907E-02, -2.517E-01         F               0         Blade 1 X orientation angle, node 16, rad
        248   -8.066E-02,  9.215E-01, -3.798E-01         F               0         Blade 1 Y orientation angle, node 16, rad
        249    2.392E-01,  3.878E-01,  8.901E-01         F               0         Blade 1 Z orientation angle, node 16, rad
        250    9.671E-01, -1.392E-02, -2.539E-01         F               0         Blade 1 X orientation angle, node 17, rad
        251   -8.606E-02,  9.216E-01, -3.784E-01         F               0         Blade 1 Y orientation angle, node 17, rad
        252    2.392E-01,  3.878E-01,  8.901E-01         F               0         Blade 1 Z orientation angle, node 17, rad
        253    9.667E-01, -9.096E-03, -2.558E-01         F               0         Blade 1 X orientation angle, node 18, rad
        254   -9.112E-02,  9.217E-01, -3.771E-01         F               0         Blade 1 Y orientation angle, node 18, rad
        255    2.392E-01,  3.878E-01,  8.901E-01         F               0         Blade 1 Z orientation angle, node 18, rad
        256    9.662E-01, -4.753E-03, -2.576E-01         F               0         Blade 1 X orientation angle, node 19, rad
        257   -9.568E-02,  9.217E-01, -3.759E-01         F               0         Blade 1 Y orientation angle, node 19, rad
        258    2.392E-01,  3.878E-01,  8.901E-01         F               0         Blade 1 Z orientation angle, node 19, rad
        259    9.658E-01, -8.916E-04, -2.592E-01         F               0         Blade 1 X orientation angle, node 20, rad
        260   -9.972E-02,  9.217E-01, -3.748E-01         F               0         Blade 1 Y orientation angle, node 20, rad
        261    2.392E-01,  3.878E-01,  8.901E-01         F               0         Blade 1 Z orientation angle, node 20, rad
        262    9.654E-01,  2.808E-03, -2.607E-01         F               0         Blade 1 X orientation angle, node 21, rad
        263   -1.036E-01,  9.217E-01, -3.737E-01         F               0         Blade 1 Y orientation angle, node 21, rad
        264    2.392E-01,  3.878E-01,  8.901E-01         F               0         Blade 1 Z orientation angle, node 21, rad
        265    9.650E-01,  6.187E-03, -2.620E-01         F               0         Blade 1 X orientation angle, node 22, rad
        266   -1.071E-01,  9.217E-01, -3.728E-01         F               0         Blade 1 Y orientation angle, node 22, rad
        267    2.392E-01,  3.878E-01,  8.901E-01         F               0         Blade 1 Z orientation angle, node 22, rad
        268    9.647E-01,  9.243E-03, -2.633E-01         F               0         Blade 1 X orientation angle, node 23, rad
        269   -1.103E-01,  9.217E-01, -3.719E-01         F               0         Blade 1 Y orientation angle, node 23, rad
        270    2.392E-01,  3.878E-01,  8.901E-01         F               0         Blade 1 Z orientation angle, node 23, rad
        271    9.643E-01,  1.214E-02, -2.645E-01         F               0         Blade 1 X orientation angle, node 24, rad
        272   -1.134E-01,  9.217E-01, -3.711E-01         F               0         Blade 1 Y orientation angle, node 24, rad
        273    2.392E-01,  3.878E-01,  8.901E-01         F               0         Blade 1 Z orientation angle, node 24, rad
        274    9.640E-01,  1.487E-02, -2.656E-01         F               0         Blade 1 X orientation angle, node 25, rad
        275   -1.162E-01,  9.216E-01, -3.703E-01         F               0         Blade 1 Y orientation angle, node 25, rad
        276    2.392E-01,  3.878E-01,  8.901E-01         F               0         Blade 1 Z orientation angle, node 25, rad
        277    9.637E-01,  1.729E-02, -2.665E-01         F               0         Blade 1 X orientation angle, node 26, rad
        278   -1.188E-01,  9.216E-01, -3.696E-01         F               0         Blade 1 Y orientation angle, node 26, rad
        279    2.392E-01,  3.878E-01,  8.901E-01         F               0         Blade 1 Z orientation angle, node 26, rad
        280    9.634E-01,  1.970E-02, -2.675E-01         F               0         Blade 1 X orientation angle, node 27, rad
        281   -1.213E-01,  9.215E-01, -3.689E-01         F               0         Blade 1 Y orientation angle, node 27, rad
        282    2.392E-01,  3.878E-01,  8.901E-01         F               0         Blade 1 Z orientation angle, node 27, rad
        283    9.632E-01,  2.099E-02, -2.680E-01         F               0         Blade 1 X orientation angle, node 28, rad
        284   -1.226E-01,  9.215E-01, -3.685E-01         F               0         Blade 1 Y orientation angle, node 28, rad
        285    2.392E-01,  3.878E-01,  8.901E-01         F               0         Blade 1 Z orientation angle, node 28, rad
        286    7.009E-01                                 F               0         Blade 1 X translation velocity, node 1, m/s
        287   -5.475E+00                                 F               0         Blade 1 Y translation velocity, node 1, m/s
        288    2.126E+00                                 F               0         Blade 1 Z translation velocity, node 1, m/s
        289    8.698E-01                                 F               0         Blade 1 X translation velocity, node 2, m/s
        290   -6.757E+00                                 F               0         Blade 1 Y translation velocity, node 2, m/s
        291    2.639E+00                                 F               0         Blade 1 Z translation velocity, node 2, m/s
        292    3.167E+00                                 F               0         Blade 1 X translation velocity, node 3, m/s
        293   -2.419E+01                                 F               0         Blade 1 Y translation velocity, node 3, m/s
        294    9.616E+00                                 F               0         Blade 1 Z translation velocity, node 3, m/s
        295    3.656E+00                                 F               0         Blade 1 X translation velocity, node 4, m/s
        296   -2.790E+01                                 F               0         Blade 1 Y translation velocity, node 4, m/s
        297    1.110E+01                                 F               0         Blade 1 Z translation velocity, node 4, m/s
        298    4.146E+00                                 F               0         Blade 1 X translation velocity, node 5, m/s
        299   -3.161E+01                                 F               0         Blade 1 Y translation velocity, node 5, m/s
        300    1.259E+01                                 F               0         Blade 1 Z translation velocity, node 5, m/s
        301    4.635E+00                                 F               0         Blade 1 X translation velocity, node 6, m/s
        302   -3.533E+01                                 F               0         Blade 1 Y translation velocity, node 6, m/s
        303    1.407E+01                                 F               0         Blade 1 Z translation velocity, node 6, m/s
        304    5.125E+00                                 F               0         Blade 1 X translation velocity, node 7, m/s
        305   -3.904E+01                                 F               0         Blade 1 Y translation velocity, node 7, m/s
        306    1.556E+01                                 F               0         Blade 1 Z translation velocity, node 7, m/s
        307    5.614E+00                                 F               0         Blade 1 X translation velocity, node 8, m/s
