
Linearized model: Predictions were generated on 19-Dec-2023 at 09:27:32 using OpenFAST, compiled as a 64-bit application using single precision at commit v3.5.1
 linked with  NWTC Subroutine Library; ElastoDyn; InflowWind; AeroDyn; ServoDyn; HydroDyn; MoorDyn (v2.0.0, 2023-09-18)

Description from the FAST input file: CCT-9 Campign 4 model. Input files to be run with OpenFAST 3.5.0. GitHub branch from Lu Wang (https://github.com/luwang00/openfast/tree/dev) compiled on March 7, 2023.

Simulation information:
   Simulation time:                  1001.5000 s
   Rotor Speed:                         1.0415 rad/s
   Azimuth:                             0.4056 rad
   Wind Speed:                         12.0000 m/s
   Number of continuous states:         0
   Number of discrete states:           0
   Number of constraint states:         0
   Number of inputs:                 1746
   Number of outputs:                   4
   Jacobians included in this file?    No

Order of inputs:
     Column   Operating Point                     Rotating Frame? Derivative Order Description
   ---------- ---------------                     --------------- ---------------- -----------
          1    1.511E+01                                 F               0         Tower X translation displacement, node 1, m
          2   -8.623E-01                                 F               0         Tower Y translation displacement, node 1, m
          3   -4.373E-01                                 F               0         Tower Z translation displacement, node 1, m
          4    1.702E+01                                 F               0         Tower X translation displacement, node 2, m
          5   -1.306E+00                                 F               0         Tower Y translation displacement, node 2, m
          6   -5.933E-01                                 F               0         Tower Z translation displacement, node 2, m
          7    1.896E+01                                 F               0         Tower X translation displacement, node 3, m
          8   -1.752E+00                                 F               0         Tower Y translation displacement, node 3, m
          9   -7.548E-01                                 F               0         Tower Z translation displacement, node 3, m
         10    2.092E+01                                 F               0         Tower X translation displacement, node 4, m
         11   -2.202E+00                                 F               0         Tower Y translation displacement, node 4, m
         12   -9.205E-01                                 F               0         Tower Z translation displacement, node 4, m
         13    2.291E+01                                 F               0         Tower X translation displacement, node 5, m
         14   -2.654E+00                                 F               0         Tower Y translation displacement, node 5, m
         15   -1.090E+00                                 F               0         Tower Z translation displacement, node 5, m
         16    2.492E+01                                 F               0         Tower X translation displacement, node 6, m
         17   -3.108E+00                                 F               0         Tower Y translation displacement, node 6, m
         18   -1.262E+00                                 F               0         Tower Z translation displacement, node 6, m
         19    2.694E+01                                 F               0         Tower X translation displacement, node 7, m
         20   -3.563E+00                                 F               0         Tower Y translation displacement, node 7, m
         21   -1.437E+00                                 F               0         Tower Z translation displacement, node 7, m
         22    2.897E+01                                 F               0         Tower X translation displacement, node 8, m
         23   -4.020E+00                                 F               0         Tower Y translation displacement, node 8, m
         24   -1.614E+00                                 F               0         Tower Z translation displacement, node 8, m
         25    3.101E+01                                 F               0         Tower X translation displacement, node 9, m
         26   -4.478E+00                                 F               0         Tower Y translation displacement, node 9, m
         27   -1.792E+00                                 F               0         Tower Z translation displacement, node 9, m
         28    3.305E+01                                 F               0         Tower X translation displacement, node 10, m
         29   -4.936E+00                                 F               0         Tower Y translation displacement, node 10, m
         30   -1.971E+00                                 F               0         Tower Z translation displacement, node 10, m
         31    3.510E+01                                 F               0         Tower X translation displacement, node 11, m
         32   -5.395E+00                                 F               0         Tower Y translation displacement, node 11, m
         33   -2.150E+00                                 F               0         Tower Z translation displacement, node 11, m
         34    9.881E-01,  1.632E-02, -1.527E-01         F               0         Tower X orientation angle, node 1, rad
         35   -1.066E-02,  9.992E-01,  3.785E-02         F               0         Tower Y orientation angle, node 1, rad
         36    1.532E-01, -3.577E-02,  9.876E-01         F               0         Tower Z orientation angle, node 1, rad
         37    9.877E-01,  1.642E-02, -1.553E-01         F               0         Tower X orientation angle, node 2, rad
         38   -1.061E-02,  9.992E-01,  3.815E-02         F               0         Tower Y orientation angle, node 2, rad
         39    1.558E-01, -3.603E-02,  9.871E-01         F               0         Tower Z orientation angle, node 2, rad
         40    9.874E-01,  1.650E-02, -1.576E-01         F               0         Tower X orientation angle, node 3, rad
         41   -1.057E-02,  9.992E-01,  3.842E-02         F               0         Tower Y orientation angle, node 3, rad
         42    1.581E-01, -3.627E-02,  9.868E-01         F               0         Tower Z orientation angle, node 3, rad
         43    9.871E-01,  1.657E-02, -1.595E-01         F               0         Tower X orientation angle, node 4, rad
         44   -1.053E-02,  9.992E-01,  3.866E-02         F               0         Tower Y orientation angle, node 4, rad
         45    1.600E-01, -3.648E-02,  9.864E-01         F               0         Tower Z orientation angle, node 4, rad
         46    9.868E-01,  1.663E-02, -1.611E-01         F               0         Tower X orientation angle, node 5, rad
         47   -1.050E-02,  9.992E-01,  3.886E-02         F               0         Tower Y orientation angle, node 5, rad
         48    1.616E-01, -3.666E-02,  9.862E-01         F               0         Tower Z orientation angle, node 5, rad
         49    9.866E-01,  1.668E-02, -1.625E-01         F               0         Tower X orientation angle, node 6, rad
         50   -1.047E-02,  9.992E-01,  3.903E-02         F               0         Tower Y orientation angle, node 6, rad
         51    1.630E-01, -3.680E-02,  9.859E-01         F               0         Tower Z orientation angle, node 6, rad
         52    9.864E-01,  1.672E-02, -1.635E-01         F               0         Tower X orientation angle, node 7, rad
         53   -1.045E-02,  9.992E-01,  3.916E-02         F               0         Tower Y orientation angle, node 7, rad
         54    1.640E-01, -3.692E-02,  9.858E-01         F               0         Tower Z orientation angle, node 7, rad
         55    9.863E-01,  1.675E-02, -1.642E-01         F               0         Tower X orientation angle, node 8, rad
         56   -1.043E-02,  9.992E-01,  3.927E-02         F               0         Tower Y orientation angle, node 8, rad
         57    1.648E-01, -3.702E-02,  9.856E-01         F               0         Tower Z orientation angle, node 8, rad
         58    9.862E-01,  1.677E-02, -1.648E-01         F               0         Tower X orientation angle, node 9, rad
         59   -1.042E-02,  9.992E-01,  3.935E-02         F               0         Tower Y orientation angle, node 9, rad
         60    1.653E-01, -3.709E-02,  9.855E-01         F               0         Tower Z orientation angle, node 9, rad
         61    9.861E-01,  1.678E-02, -1.651E-01         F               0         Tower X orientation angle, node 10, rad
         62   -1.041E-02,  9.992E-01,  3.940E-02         F               0         Tower Y orientation angle, node 10, rad
         63    1.656E-01, -3.713E-02,  9.855E-01         F               0         Tower Z orientation angle, node 10, rad
         64    9.861E-01,  1.679E-02, -1.653E-01         F               0         Tower X orientation angle, node 11, rad
         65   -1.040E-02,  9.992E-01,  3.942E-02         F               0         Tower Y orientation angle, node 11, rad
         66    1.658E-01, -3.716E-02,  9.855E-01         F               0         Tower Z orientation angle, node 11, rad
         67    3.474E-04                                 F               0         Tower X translation velocity, node 1, m/s
         68   -4.224E-03                                 F               0         Tower Y translation velocity, node 1, m/s
         69    2.709E-03                                 F               0         Tower Z translation velocity, node 1, m/s
         70    7.384E-04                                 F               0         Tower X translation velocity, node 2, m/s
         71   -7.714E-03                                 F               0         Tower Y translation velocity, node 2, m/s
         72    2.521E-03                                 F               0         Tower Z translation velocity, node 2, m/s
         73    1.180E-03                                 F               0         Tower X translation velocity, node 3, m/s
         74   -1.131E-02                                 F               0         Tower Y translation velocity, node 3, m/s
         75    2.319E-03                                 F               0         Tower Z translation velocity, node 3, m/s
         76    1.661E-03                                 F               0         Tower X translation velocity, node 4, m/s
         77   -1.498E-02                                 F               0         Tower Y translation velocity, node 4, m/s
         78    2.106E-03                                 F               0         Tower Z translation velocity, node 4, m/s
         79    2.173E-03                                 F               0         Tower X translation velocity, node 5, m/s
         80   -1.873E-02                                 F               0         Tower Y translation velocity, node 5, m/s
         81    1.884E-03                                 F               0         Tower Z translation velocity, node 5, m/s
         82    2.710E-03                                 F               0         Tower X translation velocity, node 6, m/s
         83   -2.254E-02                                 F               0         Tower Y translation velocity, node 6, m/s
         84    1.653E-03                                 F               0         Tower Z translation velocity, node 6, m/s
         85    3.266E-03                                 F               0         Tower X translation velocity, node 7, m/s
         86   -2.639E-02                                 F               0         Tower Y translation velocity, node 7, m/s
         87    1.417E-03                                 F               0         Tower Z translation velocity, node 7, m/s
         88    3.836E-03                                 F               0         Tower X translation velocity, node 8, m/s
         89   -3.029E-02                                 F               0         Tower Y translation velocity, node 8, m/s
         90    1.176E-03                                 F               0         Tower Z translation velocity, node 8, m/s
         91    4.417E-03                                 F               0         Tower X translation velocity, node 9, m/s
         92   -3.422E-02                                 F               0         Tower Y translation velocity, node 9, m/s
         93    9.308E-04                                 F               0         Tower Z translation velocity, node 9, m/s
         94    5.004E-03                                 F               0         Tower X translation velocity, node 10, m/s
         95   -3.817E-02                                 F               0         Tower Y translation velocity, node 10, m/s
         96    6.833E-04                                 F               0         Tower Z translation velocity, node 10, m/s
         97    5.595E-03                                 F               0         Tower X translation velocity, node 11, m/s
         98   -4.214E-02                                 F               0         Tower Y translation velocity, node 11, m/s
         99    4.344E-04                                 F               0         Tower Z translation velocity, node 11, m/s
        100    3.655E+01                                 F               0         Hub X translation displacement, node 1, m
        101   -5.868E+00                                 F               0         Hub Y translation displacement, node 1, m
        102   -4.795E-01                                 F               0         Hub Z translation displacement, node 1, m
        103    9.634E-01,  2.058E-02, -2.674E-01         F               0         Hub X orientation angle, node 1, rad
        104    9.619E-02,  9.042E-01,  4.161E-01         F               0         Hub Y orientation angle, node 1, rad
        105    2.503E-01, -4.266E-01,  8.691E-01         F               0         Hub Z orientation angle, node 1, rad
        106    1.004E+00                                 F               0         Hub X rotation velocity, node 1, rad/s
        107    2.149E-02                                 F               0         Hub Y rotation velocity, node 1, rad/s
        108   -2.787E-01                                 F               0         Hub Z rotation velocity, node 1, rad/s
        109    9.601E-01, -6.253E-03, -2.796E-01         F               0         Blade root 1 X orientation angle, node 1, rad
        110    1.247E-01,  9.044E-01,  4.080E-01         F               0         Blade root 1 Y orientation angle, node 1, rad
        111    2.503E-01, -4.266E-01,  8.691E-01         F               0         Blade root 1 Z orientation angle, node 1, rad
        112    9.579E-01,  4.494E-02, -2.834E-01         F               0         Blade root 2 X orientation angle, node 1, rad
        113    1.972E-01, -8.206E-01,  5.364E-01         F               0         Blade root 2 Y orientation angle, node 1, rad
        114   -2.085E-01, -5.697E-01, -7.949E-01         F               0         Blade root 2 Z orientation angle, node 1, rad
        115    9.708E-01,  2.302E-02, -2.388E-01         F               0         Blade root 3 X orientation angle, node 1, rad
        116   -2.362E-01, -8.198E-02, -9.682E-01         F               0         Blade root 3 Y orientation angle, node 1, rad
        117   -4.187E-02,  9.964E-01, -7.415E-02         F               0         Blade root 3 Z orientation angle, node 1, rad
        118    3.736E+01                                 F               0         Blade 1 X translation displacement, node 1, m
        119   -8.232E+00                                 F               0         Blade 1 Y translation displacement, node 1, m
        120   -1.174E+00                                 F               0         Blade 1 Z translation displacement, node 1, m
        121    3.756E+01                                 F               0         Blade 1 X translation displacement, node 2, m
        122   -8.801E+00                                 F               0         Blade 1 Y translation displacement, node 2, m
        123   -1.342E+00                                 F               0         Blade 1 Z translation displacement, node 2, m
        124    4.020E+01                                 F               0         Blade 1 X translation displacement, node 3, m
        125   -1.655E+01                                 F               0         Blade 1 Y translation displacement, node 3, m
        126   -3.619E+00                                 F               0         Blade 1 Z translation displacement, node 3, m
        127    4.077E+01                                 F               0         Blade 1 X translation displacement, node 4, m
        128   -1.820E+01                                 F               0         Blade 1 Y translation displacement, node 4, m
        129   -4.104E+00                                 F               0         Blade 1 Z translation displacement, node 4, m
        130    4.133E+01                                 F               0         Blade 1 X translation displacement, node 5, m
        131   -1.985E+01                                 F               0         Blade 1 Y translation displacement, node 5, m
        132   -4.589E+00                                 F               0         Blade 1 Z translation displacement, node 5, m
        133    4.189E+01                                 F               0         Blade 1 X translation displacement, node 6, m
        134   -2.150E+01                                 F               0         Blade 1 Y translation displacement, node 6, m
        135   -5.074E+00                                 F               0         Blade 1 Z translation displacement, node 6, m
        136    4.246E+01                                 F               0         Blade 1 X translation displacement, node 7, m
        137   -2.315E+01                                 F               0         Blade 1 Y translation displacement, node 7, m
        138   -5.559E+00                                 F               0         Blade 1 Z translation displacement, node 7, m
        139    4.302E+01                                 F               0         Blade 1 X translation displacement, node 8, m
        140   -2.480E+01                                 F               0         Blade 1 Y translation displacement, node 8, m
        141   -6.044E+00                                 F               0         Blade 1 Z translation displacement, node 8, m
        142    4.359E+01                                 F               0         Blade 1 X translation displacement, node 9, m
        143   -2.645E+01                                 F               0         Blade 1 Y translation displacement, node 9, m
        144   -6.529E+00                                 F               0         Blade 1 Z translation displacement, node 9, m
        145    4.415E+01                                 F               0         Blade 1 X translation displacement, node 10, m
        146   -2.810E+01                                 F               0         Blade 1 Y translation displacement, node 10, m
        147   -7.014E+00                                 F               0         Blade 1 Z translation displacement, node 10, m
        148    4.471E+01                                 F               0         Blade 1 X translation displacement, node 11, m
        149   -2.975E+01                                 F               0         Blade 1 Y translation displacement, node 11, m
        150   -7.500E+00                                 F               0         Blade 1 Z translation displacement, node 11, m
        151    4.528E+01                                 F               0         Blade 1 X translation displacement, node 12, m
        152   -3.140E+01                                 F               0         Blade 1 Y translation displacement, node 12, m
        153   -7.985E+00                                 F               0         Blade 1 Z translation displacement, node 12, m
        154    4.584E+01                                 F               0         Blade 1 X translation displacement, node 13, m
        155   -3.305E+01                                 F               0         Blade 1 Y translation displacement, node 13, m
        156   -8.470E+00                                 F               0         Blade 1 Z translation displacement, node 13, m
        157    4.641E+01                                 F               0         Blade 1 X translation displacement, node 14, m
        158   -3.470E+01                                 F               0         Blade 1 Y translation displacement, node 14, m
        159   -8.955E+00                                 F               0         Blade 1 Z translation displacement, node 14, m
        160    4.697E+01                                 F               0         Blade 1 X translation displacement, node 15, m
        161   -3.635E+01                                 F               0         Blade 1 Y translation displacement, node 15, m
        162   -9.440E+00                                 F               0         Blade 1 Z translation displacement, node 15, m
        163    4.753E+01                                 F               0         Blade 1 X translation displacement, node 16, m
        164   -3.800E+01                                 F               0         Blade 1 Y translation displacement, node 16, m
        165   -9.925E+00                                 F               0         Blade 1 Z translation displacement, node 16, m
        166    4.810E+01                                 F               0         Blade 1 X translation displacement, node 17, m
        167   -3.965E+01                                 F               0         Blade 1 Y translation displacement, node 17, m
        168   -1.041E+01                                 F               0         Blade 1 Z translation displacement, node 17, m
        169    4.866E+01                                 F               0         Blade 1 X translation displacement, node 18, m
        170   -4.130E+01                                 F               0         Blade 1 Y translation displacement, node 18, m
        171   -1.090E+01                                 F               0         Blade 1 Z translation displacement, node 18, m
        172    4.923E+01                                 F               0         Blade 1 X translation displacement, node 19, m
        173   -4.295E+01                                 F               0         Blade 1 Y translation displacement, node 19, m
        174   -1.138E+01                                 F               0         Blade 1 Z translation displacement, node 19, m
        175    4.979E+01                                 F               0         Blade 1 X translation displacement, node 20, m
        176   -4.460E+01                                 F               0         Blade 1 Y translation displacement, node 20, m
        177   -1.187E+01                                 F               0         Blade 1 Z translation displacement, node 20, m
        178    5.035E+01                                 F               0         Blade 1 X translation displacement, node 21, m
        179   -4.625E+01                                 F               0         Blade 1 Y translation displacement, node 21, m
        180   -1.235E+01                                 F               0         Blade 1 Z translation displacement, node 21, m
        181    5.092E+01                                 F               0         Blade 1 X translation displacement, node 22, m
        182   -4.790E+01                                 F               0         Blade 1 Y translation displacement, node 22, m
        183   -1.284E+01                                 F               0         Blade 1 Z translation displacement, node 22, m
        184    5.148E+01                                 F               0         Blade 1 X translation displacement, node 23, m
        185   -4.955E+01                                 F               0         Blade 1 Y translation displacement, node 23, m
        186   -1.332E+01                                 F               0         Blade 1 Z translation displacement, node 23, m
        187    5.205E+01                                 F               0         Blade 1 X translation displacement, node 24, m
        188   -5.120E+01                                 F               0         Blade 1 Y translation displacement, node 24, m
        189   -1.381E+01                                 F               0         Blade 1 Z translation displacement, node 24, m
        190    5.261E+01                                 F               0         Blade 1 X translation displacement, node 25, m
        191   -5.285E+01                                 F               0         Blade 1 Y translation displacement, node 25, m
        192   -1.429E+01                                 F               0         Blade 1 Z translation displacement, node 25, m
        193    5.317E+01                                 F               0         Blade 1 X translation displacement, node 26, m
        194   -5.450E+01                                 F               0         Blade 1 Y translation displacement, node 26, m
        195   -1.478E+01                                 F               0         Blade 1 Z translation displacement, node 26, m
        196    5.374E+01                                 F               0         Blade 1 X translation displacement, node 27, m
        197   -5.615E+01                                 F               0         Blade 1 Y translation displacement, node 27, m
        198   -1.526E+01                                 F               0         Blade 1 Z translation displacement, node 27, m
        199    5.422E+01                                 F               0         Blade 1 X translation displacement, node 28, m
        200   -5.755E+01                                 F               0         Blade 1 Y translation displacement, node 28, m
        201   -1.567E+01                                 F               0         Blade 1 Z translation displacement, node 28, m
        202    7.976E-01, -4.180E-01, -4.349E-01         F               0         Blade 1 X orientation angle, node 1, rad
        203    5.488E-01,  8.020E-01,  2.356E-01         F               0         Blade 1 Y orientation angle, node 1, rad
        204    2.503E-01, -4.266E-01,  8.691E-01         F               0         Blade 1 Z orientation angle, node 1, rad
        205    7.976E-01, -4.180E-01, -4.349E-01         F               0         Blade 1 X orientation angle, node 2, rad
        206    5.488E-01,  8.020E-01,  2.356E-01         F               0         Blade 1 Y orientation angle, node 2, rad
        207    2.503E-01, -4.266E-01,  8.691E-01         F               0         Blade 1 Z orientation angle, node 2, rad
        208    9.049E-01, -2.160E-01, -3.667E-01         F               0         Blade 1 X orientation angle, node 3, rad
        209    3.441E-01,  8.783E-01,  3.320E-01         F               0         Blade 1 Y orientation angle, node 3, rad
        210    2.503E-01, -4.266E-01,  8.691E-01         F               0         Blade 1 Z orientation angle, node 3, rad
        211    9.187E-01, -1.787E-01, -3.523E-01         F               0         Blade 1 X orientation angle, node 4, rad
        212    3.056E-01,  8.866E-01,  3.472E-01         F               0         Blade 1 Y orientation angle, node 4, rad
        213    2.503E-01, -4.266E-01,  8.691E-01         F               0         Blade 1 Z orientation angle, node 4, rad
        214    9.283E-01, -1.492E-01, -3.406E-01         F               0         Blade 1 X orientation angle, node 5, rad
        215    2.750E-01,  8.920E-01,  3.587E-01         F               0         Blade 1 Y orientation angle, node 5, rad
        216    2.503E-01, -4.266E-01,  8.691E-01         F               0         Blade 1 Z orientation angle, node 5, rad
        217    9.352E-01, -1.255E-01, -3.310E-01         F               0         Blade 1 X orientation angle, node 6, rad
        218    2.503E-01,  8.957E-01,  3.676E-01         F               0         Blade 1 Y orientation angle, node 6, rad
        219    2.503E-01, -4.266E-01,  8.691E-01         F               0         Blade 1 Z orientation angle, node 6, rad
        220    9.405E-01, -1.059E-01, -3.229E-01         F               0         Blade 1 X orientation angle, node 7, rad
        221    2.298E-01,  8.982E-01,  3.747E-01         F               0         Blade 1 Y orientation angle, node 7, rad
        222    2.503E-01, -4.266E-01,  8.691E-01         F               0         Blade 1 Z orientation angle, node 7, rad
        223    9.445E-01, -8.961E-02, -3.160E-01         F               0         Blade 1 X orientation angle, node 8, rad
        224    2.127E-01,  9.000E-01,  3.805E-01         F               0         Blade 1 Y orientation angle, node 8, rad
        225    2.503E-01, -4.266E-01,  8.691E-01         F               0         Blade 1 Z orientation angle, node 8, rad
        226    9.477E-01, -7.578E-02, -3.102E-01         F               0         Blade 1 X orientation angle, node 9, rad
        227    1.982E-01,  9.012E-01,  3.853E-01         F               0         Blade 1 Y orientation angle, node 9, rad
        228    2.503E-01, -4.266E-01,  8.691E-01         F               0         Blade 1 Z orientation angle, node 9, rad
        229    9.502E-01, -6.382E-02, -3.050E-01         F               0         Blade 1 X orientation angle, node 10, rad
        230    1.856E-01,  9.022E-01,  3.894E-01         F               0         Blade 1 Y orientation angle, node 10, rad
        231    2.503E-01, -4.266E-01,  8.691E-01         F               0         Blade 1 Z orientation angle, node 10, rad
        232    9.522E-01, -5.358E-02, -3.006E-01         F               0         Blade 1 X orientation angle, node 11, rad
        233    1.748E-01,  9.028E-01,  3.928E-01         F               0         Blade 1 Y orientation angle, node 11, rad
        234    2.503E-01, -4.266E-01,  8.691E-01         F               0         Blade 1 Z orientation angle, node 11, rad
        235    9.539E-01, -4.459E-02, -2.967E-01         F               0         Blade 1 X orientation angle, node 12, rad
        236    1.653E-01,  9.033E-01,  3.958E-01         F               0         Blade 1 Y orientation angle, node 12, rad
        237    2.503E-01, -4.266E-01,  8.691E-01         F               0         Blade 1 Z orientation angle, node 12, rad
        238    9.553E-01, -3.671E-02, -2.932E-01         F               0         Blade 1 X orientation angle, node 13, rad
        239    1.570E-01,  9.037E-01,  3.984E-01         F               0         Blade 1 Y orientation angle, node 13, rad
        240    2.503E-01, -4.266E-01,  8.691E-01         F               0         Blade 1 Z orientation angle, node 13, rad
        241    9.565E-01, -2.961E-02, -2.901E-01         F               0         Blade 1 X orientation angle, node 14, rad
        242    1.495E-01,  9.039E-01,  4.007E-01         F               0         Blade 1 Y orientation angle, node 14, rad
        243    2.503E-01, -4.266E-01,  8.691E-01         F               0         Blade 1 Z orientation angle, node 14, rad
        244    9.576E-01, -2.330E-02, -2.873E-01         F               0         Blade 1 X orientation angle, node 15, rad
        245    1.428E-01,  9.041E-01,  4.027E-01         F               0         Blade 1 Y orientation angle, node 15, rad
        246    2.503E-01, -4.266E-01,  8.691E-01         F               0         Blade 1 Z orientation angle, node 15, rad
        247    9.584E-01, -1.762E-02, -2.847E-01         F               0         Blade 1 X orientation angle, node 16, rad
        248    1.368E-01,  9.043E-01,  4.045E-01         F               0         Blade 1 Y orientation angle, node 16, rad
        249    2.503E-01, -4.266E-01,  8.691E-01         F               0         Blade 1 Z orientation angle, node 16, rad
        250    9.592E-01, -1.257E-02, -2.825E-01         F               0         Blade 1 X orientation angle, node 17, rad
        251    1.314E-01,  9.043E-01,  4.061E-01         F               0         Blade 1 Y orientation angle, node 17, rad
        252    2.503E-01, -4.266E-01,  8.691E-01         F               0         Blade 1 Z orientation angle, node 17, rad
        253    9.599E-01, -7.831E-03, -2.803E-01         F               0         Blade 1 X orientation angle, node 18, rad
        254    1.264E-01,  9.044E-01,  4.075E-01         F               0         Blade 1 Y orientation angle, node 18, rad
        255    2.503E-01, -4.266E-01,  8.691E-01         F               0         Blade 1 Z orientation angle, node 18, rad
        256    9.605E-01, -3.569E-03, -2.784E-01         F               0         Blade 1 X orientation angle, node 19, rad
        257    1.219E-01,  9.044E-01,  4.089E-01         F               0         Blade 1 Y orientation angle, node 19, rad
        258    2.503E-01, -4.266E-01,  8.691E-01         F               0         Blade 1 Z orientation angle, node 19, rad
        259    9.610E-01,  2.191E-04, -2.767E-01         F               0         Blade 1 X orientation angle, node 20, rad
        260    1.179E-01,  9.044E-01,  4.100E-01         F               0         Blade 1 Y orientation angle, node 20, rad
        261    2.503E-01, -4.266E-01,  8.691E-01         F               0         Blade 1 Z orientation angle, node 20, rad
        262    9.614E-01,  3.850E-03, -2.750E-01         F               0         Blade 1 X orientation angle, node 21, rad
        263    1.140E-01,  9.044E-01,  4.111E-01         F               0         Blade 1 Y orientation angle, node 21, rad
        264    2.503E-01, -4.266E-01,  8.691E-01         F               0         Blade 1 Z orientation angle, node 21, rad
        265    9.618E-01,  7.165E-03, -2.735E-01         F               0         Blade 1 X orientation angle, node 22, rad
        266    1.105E-01,  9.044E-01,  4.121E-01         F               0         Blade 1 Y orientation angle, node 22, rad
        267    2.503E-01, -4.266E-01,  8.691E-01         F               0         Blade 1 Z orientation angle, node 22, rad
        268    9.622E-01,  1.016E-02, -2.722E-01         F               0         Blade 1 X orientation angle, node 23, rad
        269    1.073E-01,  9.044E-01,  4.130E-01         F               0         Blade 1 Y orientation angle, node 23, rad
        270    2.503E-01, -4.266E-01,  8.691E-01         F               0         Blade 1 Z orientation angle, node 23, rad
        271    9.625E-01,  1.300E-02, -2.709E-01         F               0         Blade 1 X orientation angle, node 24, rad
        272    1.043E-01,  9.043E-01,  4.139E-01         F               0         Blade 1 Y orientation angle, node 24, rad
        273    2.503E-01, -4.266E-01,  8.691E-01         F               0         Blade 1 Z orientation angle, node 24, rad
        274    9.628E-01,  1.569E-02, -2.696E-01         F               0         Blade 1 X orientation angle, node 25, rad
        275    1.014E-01,  9.043E-01,  4.147E-01         F               0         Blade 1 Y orientation angle, node 25, rad
        276    2.503E-01, -4.266E-01,  8.691E-01         F               0         Blade 1 Z orientation angle, node 25, rad
        277    9.631E-01,  1.806E-02, -2.686E-01         F               0         Blade 1 X orientation angle, node 26, rad
        278    9.888E-02,  9.042E-01,  4.154E-01         F               0         Blade 1 Y orientation angle, node 26, rad
        279    2.503E-01, -4.266E-01,  8.691E-01         F               0         Blade 1 Z orientation angle, node 26, rad
        280    9.634E-01,  2.042E-02, -2.675E-01         F               0         Blade 1 X orientation angle, node 27, rad
        281    9.636E-02,  9.042E-01,  4.161E-01         F               0         Blade 1 Y orientation angle, node 27, rad
        282    2.503E-01, -4.266E-01,  8.691E-01         F               0         Blade 1 Z orientation angle, node 27, rad
        283    9.635E-01,  2.168E-02, -2.669E-01         F               0         Blade 1 X orientation angle, node 28, rad
        284    9.501E-02,  9.042E-01,  4.165E-01         F               0         Blade 1 Y orientation angle, node 28, rad
        285    2.503E-01, -4.266E-01,  8.691E-01         F               0         Blade 1 Z orientation angle, node 28, rad
        286   -5.492E-01                                 F               0         Blade 1 X translation velocity, node 1, m/s
        287   -5.261E+00                                 F               0         Blade 1 Y translation velocity, node 1, m/s
        288   -2.401E+00                                 F               0         Blade 1 Z translation velocity, node 1, m/s
        289   -6.830E-01                                 F               0         Blade 1 X translation velocity, node 2, m/s
        290   -6.519E+00                                 F               0         Blade 1 Y translation velocity, node 2, m/s
        291   -2.980E+00                                 F               0         Blade 1 Z translation velocity, node 2, m/s
        292   -2.502E+00                                 F               0         Blade 1 X translation velocity, node 3, m/s
        293   -2.362E+01                                 F               0         Blade 1 Y translation velocity, node 3, m/s
        294   -1.085E+01                                 F               0         Blade 1 Z translation velocity, node 3, m/s
        295   -2.890E+00                                 F               0         Blade 1 X translation velocity, node 4, m/s
        296   -2.726E+01                                 F               0         Blade 1 Y translation velocity, node 4, m/s
        297   -1.253E+01                                 F               0         Blade 1 Z translation velocity, node 4, m/s
        298   -3.277E+00                                 F               0         Blade 1 X translation velocity, node 5, m/s
        299   -3.091E+01                                 F               0         Blade 1 Y translation velocity, node 5, m/s
        300   -1.420E+01                                 F               0         Blade 1 Z translation velocity, node 5, m/s
        301   -3.665E+00                                 F               0         Blade 1 X translation velocity, node 6, m/s
        302   -3.455E+01                                 F               0         Blade 1 Y translation velocity, node 6, m/s
        303   -1.588E+01                                 F               0         Blade 1 Z translation velocity, node 6, m/s
        304   -4.053E+00                                 F               0         Blade 1 X translation velocity, node 7, m/s
        305   -3.819E+01                                 F               0         Blade 1 Y translation velocity, node 7, m/s
        306   -1.756E+01                                 F               0         Blade 1 Z translation velocity, node 7, m/s
        307   -4.440E+00                                 F               0         Blade 1 X translation velocity, node 8, m/s
