
Linearized model: Predictions were generated on 19-Dec-2023 at 09:27:32 using OpenFAST, compiled as a 64-bit application using single precision at commit v3.5.1
 linked with  NWTC Subroutine Library; ElastoDyn; InflowWind; AeroDyn; ServoDyn; HydroDyn; MoorDyn (v2.0.0, 2023-09-18)

Description from the FAST input file: CCT-9 Campign 4 model. Input files to be run with OpenFAST 3.5.0. GitHub branch from Lu Wang (https://github.com/luwang00/openfast/tree/dev) compiled on March 7, 2023.

Simulation information:
   Simulation time:                  1003.9750 s
   Rotor Speed:                         1.0411 rad/s
   Azimuth:                             2.9827 rad
   Wind Speed:                         12.0000 m/s
   Number of continuous states:         0
   Number of discrete states:           0
   Number of constraint states:         0
   Number of inputs:                 1746
   Number of outputs:                   4
   Jacobians included in this file?    No

Order of inputs:
     Column   Operating Point                     Rotating Frame? Derivative Order Description
   ---------- ---------------                     --------------- ---------------- -----------
          1    1.511E+01                                 F               0         Tower X translation displacement, node 1, m
          2   -8.830E-01                                 F               0         Tower Y translation displacement, node 1, m
          3   -4.272E-01                                 F               0         Tower Z translation displacement, node 1, m
          4    1.702E+01                                 F               0         Tower X translation displacement, node 2, m
          5   -1.342E+00                                 F               0         Tower Y translation displacement, node 2, m
          6   -5.839E-01                                 F               0         Tower Z translation displacement, node 2, m
          7    1.896E+01                                 F               0         Tower X translation displacement, node 3, m
          8   -1.804E+00                                 F               0         Tower Y translation displacement, node 3, m
          9   -7.462E-01                                 F               0         Tower Z translation displacement, node 3, m
         10    2.093E+01                                 F               0         Tower X translation displacement, node 4, m
         11   -2.269E+00                                 F               0         Tower Y translation displacement, node 4, m
         12   -9.128E-01                                 F               0         Tower Z translation displacement, node 4, m
         13    2.292E+01                                 F               0         Tower X translation displacement, node 5, m
         14   -2.738E+00                                 F               0         Tower Y translation displacement, node 5, m
         15   -1.083E+00                                 F               0         Tower Z translation displacement, node 5, m
         16    2.493E+01                                 F               0         Tower X translation displacement, node 6, m
         17   -3.208E+00                                 F               0         Tower Y translation displacement, node 6, m
         18   -1.256E+00                                 F               0         Tower Z translation displacement, node 6, m
         19    2.695E+01                                 F               0         Tower X translation displacement, node 7, m
         20   -3.680E+00                                 F               0         Tower Y translation displacement, node 7, m
         21   -1.432E+00                                 F               0         Tower Z translation displacement, node 7, m
         22    2.898E+01                                 F               0         Tower X translation displacement, node 8, m
         23   -4.153E+00                                 F               0         Tower Y translation displacement, node 8, m
         24   -1.609E+00                                 F               0         Tower Z translation displacement, node 8, m
         25    3.102E+01                                 F               0         Tower X translation displacement, node 9, m
         26   -4.628E+00                                 F               0         Tower Y translation displacement, node 9, m
         27   -1.788E+00                                 F               0         Tower Z translation displacement, node 9, m
         28    3.307E+01                                 F               0         Tower X translation displacement, node 10, m
         29   -5.103E+00                                 F               0         Tower Y translation displacement, node 10, m
         30   -1.968E+00                                 F               0         Tower Z translation displacement, node 10, m
         31    3.512E+01                                 F               0         Tower X translation displacement, node 11, m
         32   -5.579E+00                                 F               0         Tower Y translation displacement, node 11, m
         33   -2.149E+00                                 F               0         Tower Z translation displacement, node 11, m
         34    9.881E-01,  1.578E-02, -1.528E-01         F               0         Tower X orientation angle, node 1, rad
         35   -9.929E-03,  9.992E-01,  3.898E-02         F               0         Tower Y orientation angle, node 1, rad
         36    1.533E-01, -3.700E-02,  9.875E-01         F               0         Tower Z orientation angle, node 1, rad
         37    9.877E-01,  1.588E-02, -1.554E-01         F               0         Tower X orientation angle, node 2, rad
         38   -9.878E-03,  9.992E-01,  3.930E-02         F               0         Tower Y orientation angle, node 2, rad
         39    1.559E-01, -3.729E-02,  9.871E-01         F               0         Tower Z orientation angle, node 2, rad
         40    9.874E-01,  1.596E-02, -1.577E-01         F               0         Tower X orientation angle, node 3, rad
         41   -9.832E-03,  9.992E-01,  3.960E-02         F               0         Tower Y orientation angle, node 3, rad
         42    1.582E-01, -3.755E-02,  9.867E-01         F               0         Tower Z orientation angle, node 3, rad
         43    9.870E-01,  1.604E-02, -1.596E-01         F               0         Tower X orientation angle, node 4, rad
         44   -9.790E-03,  9.992E-01,  3.985E-02         F               0         Tower Y orientation angle, node 4, rad
         45    1.601E-01, -3.777E-02,  9.864E-01         F               0         Tower Z orientation angle, node 4, rad
         46    9.868E-01,  1.610E-02, -1.612E-01         F               0         Tower X orientation angle, node 5, rad
         47   -9.755E-03,  9.991E-01,  4.007E-02         F               0         Tower Y orientation angle, node 5, rad
         48    1.618E-01, -3.797E-02,  9.861E-01         F               0         Tower Z orientation angle, node 5, rad
         49    9.866E-01,  1.615E-02, -1.626E-01         F               0         Tower X orientation angle, node 6, rad
         50   -9.724E-03,  9.991E-01,  4.026E-02         F               0         Tower Y orientation angle, node 6, rad
         51    1.631E-01, -3.813E-02,  9.859E-01         F               0         Tower Z orientation angle, node 6, rad
         52    9.864E-01,  1.619E-02, -1.636E-01         F               0         Tower X orientation angle, node 7, rad
         53   -9.700E-03,  9.991E-01,  4.040E-02         F               0         Tower Y orientation angle, node 7, rad
         54    1.641E-01, -3.827E-02,  9.857E-01         F               0         Tower Z orientation angle, node 7, rad
         55    9.863E-01,  1.622E-02, -1.644E-01         F               0         Tower X orientation angle, node 8, rad
         56   -9.681E-03,  9.991E-01,  4.052E-02         F               0         Tower Y orientation angle, node 8, rad
         57    1.649E-01, -3.837E-02,  9.856E-01         F               0         Tower Z orientation angle, node 8, rad
         58    9.862E-01,  1.624E-02, -1.649E-01         F               0         Tower X orientation angle, node 9, rad
         59   -9.667E-03,  9.991E-01,  4.060E-02         F               0         Tower Y orientation angle, node 9, rad
         60    1.654E-01, -3.845E-02,  9.855E-01         F               0         Tower Z orientation angle, node 9, rad
         61    9.861E-01,  1.626E-02, -1.652E-01         F               0         Tower X orientation angle, node 10, rad
         62   -9.658E-03,  9.991E-01,  4.066E-02         F               0         Tower Y orientation angle, node 10, rad
         63    1.657E-01, -3.850E-02,  9.854E-01         F               0         Tower Z orientation angle, node 10, rad
         64    9.861E-01,  1.626E-02, -1.654E-01         F               0         Tower X orientation angle, node 11, rad
         65   -9.653E-03,  9.991E-01,  4.069E-02         F               0         Tower Y orientation angle, node 11, rad
         66    1.659E-01, -3.852E-02,  9.854E-01         F               0         Tower Z orientation angle, node 11, rad
         67    7.843E-04                                 F               0         Tower X translation velocity, node 1, m/s
         68   -1.390E-02                                 F               0         Tower Y translation velocity, node 1, m/s
         69    4.866E-03                                 F               0         Tower Z translation velocity, node 1, m/s
         70    1.288E-03                                 F               0         Tower X translation velocity, node 2, m/s
         71   -2.339E-02                                 F               0         Tower Y translation velocity, node 2, m/s
         72    4.430E-03                                 F               0         Tower Z translation velocity, node 2, m/s
         73    1.730E-03                                 F               0         Tower X translation velocity, node 3, m/s
         74   -3.303E-02                                 F               0         Tower Y translation velocity, node 3, m/s
         75    3.994E-03                                 F               0         Tower Z translation velocity, node 3, m/s
         76    2.125E-03                                 F               0         Tower X translation velocity, node 4, m/s
         77   -4.278E-02                                 F               0         Tower Y translation velocity, node 4, m/s
         78    3.558E-03                                 F               0         Tower Z translation velocity, node 4, m/s
         79    2.480E-03                                 F               0         Tower X translation velocity, node 5, m/s
         80   -5.263E-02                                 F               0         Tower Y translation velocity, node 5, m/s
         81    3.122E-03                                 F               0         Tower Z translation velocity, node 5, m/s
         82    2.803E-03                                 F               0         Tower X translation velocity, node 6, m/s
         83   -6.257E-02                                 F               0         Tower Y translation velocity, node 6, m/s
         84    2.685E-03                                 F               0         Tower Z translation velocity, node 6, m/s
         85    3.103E-03                                 F               0         Tower X translation velocity, node 7, m/s
         86   -7.256E-02                                 F               0         Tower Y translation velocity, node 7, m/s
         87    2.248E-03                                 F               0         Tower Z translation velocity, node 7, m/s
         88    3.383E-03                                 F               0         Tower X translation velocity, node 8, m/s
         89   -8.261E-02                                 F               0         Tower Y translation velocity, node 8, m/s
         90    1.811E-03                                 F               0         Tower Z translation velocity, node 8, m/s
         91    3.650E-03                                 F               0         Tower X translation velocity, node 9, m/s
         92   -9.270E-02                                 F               0         Tower Y translation velocity, node 9, m/s
         93    1.373E-03                                 F               0         Tower Z translation velocity, node 9, m/s
         94    3.907E-03                                 F               0         Tower X translation velocity, node 10, m/s
         95   -1.028E-01                                 F               0         Tower Y translation velocity, node 10, m/s
         96    9.341E-04                                 F               0         Tower Z translation velocity, node 10, m/s
         97    4.160E-03                                 F               0         Tower X translation velocity, node 11, m/s
         98   -1.130E-01                                 F               0         Tower Y translation velocity, node 11, m/s
         99    4.954E-04                                 F               0         Tower Z translation velocity, node 11, m/s
        100    3.657E+01                                 F               0         Hub X translation displacement, node 1, m
        101   -6.057E+00                                 F               0         Hub Y translation displacement, node 1, m
        102   -4.770E-01                                 F               0         Hub Z translation displacement, node 1, m
        103    9.633E-01,  2.020E-02, -2.675E-01         F               0         Hub X orientation angle, node 1, rad
        104    5.196E-02, -9.923E-01,  1.122E-01         F               0         Hub Y orientation angle, node 1, rad
        105   -2.632E-01, -1.220E-01, -9.570E-01         F               0         Hub Z orientation angle, node 1, rad
        106    1.004E+00                                 F               0         Hub X rotation velocity, node 1, rad/s
        107    2.106E-02                                 F               0         Hub Y rotation velocity, node 1, rad/s
        108   -2.788E-01                                 F               0         Hub Z rotation velocity, node 1, rad/s
        109    9.614E-01,  4.963E-02, -2.707E-01         F               0         Blade root 1 X orientation angle, node 1, rad
        110    8.051E-02, -9.913E-01,  1.042E-01         F               0         Blade root 1 Y orientation angle, node 1, rad
        111   -2.632E-01, -1.220E-01, -9.570E-01         F               0         Blade root 1 Z orientation angle, node 1, rad
        112    9.705E-01,  8.605E-03, -2.411E-01         F               0         Blade root 2 X orientation angle, node 1, rad
        113   -2.252E-01,  3.910E-01, -8.924E-01         F               0         Blade root 2 Y orientation angle, node 1, rad
        114    8.659E-02,  9.204E-01,  3.814E-01         F               0         Blade root 2 Z orientation angle, node 1, rad
        115    9.569E-01,  2.338E-03, -2.903E-01         F               0         Blade root 3 X orientation angle, node 1, rad
        116    2.304E-01,  6.021E-01,  7.644E-01         F               0         Blade root 3 Y orientation angle, node 1, rad
        117    1.766E-01, -7.984E-01,  5.756E-01         F               0         Blade root 3 Z orientation angle, node 1, rad
        118    3.453E+01                                 F               0         Blade 1 X translation displacement, node 1, m
        119   -6.733E+00                                 F               0         Blade 1 Y translation displacement, node 1, m
        120   -1.129E+01                                 F               0         Blade 1 Z translation displacement, node 1, m
        121    3.404E+01                                 F               0         Blade 1 X translation displacement, node 2, m
        122   -6.896E+00                                 F               0         Blade 1 Y translation displacement, node 2, m
        123   -1.389E+01                                 F               0         Blade 1 Z translation displacement, node 2, m
        124    2.737E+01                                 F               0         Blade 1 X translation displacement, node 3, m
        125   -9.109E+00                                 F               0         Blade 1 Y translation displacement, node 3, m
        126   -4.932E+01                                 F               0         Blade 1 Z translation displacement, node 3, m
        127    2.595E+01                                 F               0         Blade 1 X translation displacement, node 4, m
        128   -9.581E+00                                 F               0         Blade 1 Y translation displacement, node 4, m
        129   -5.687E+01                                 F               0         Blade 1 Z translation displacement, node 4, m
        130    2.452E+01                                 F               0         Blade 1 X translation displacement, node 5, m
        131   -1.005E+01                                 F               0         Blade 1 Y translation displacement, node 5, m
        132   -6.441E+01                                 F               0         Blade 1 Z translation displacement, node 5, m
        133    2.310E+01                                 F               0         Blade 1 X translation displacement, node 6, m
        134   -1.052E+01                                 F               0         Blade 1 Y translation displacement, node 6, m
        135   -7.196E+01                                 F               0         Blade 1 Z translation displacement, node 6, m
        136    2.168E+01                                 F               0         Blade 1 X translation displacement, node 7, m
        137   -1.100E+01                                 F               0         Blade 1 Y translation displacement, node 7, m
        138   -7.951E+01                                 F               0         Blade 1 Z translation displacement, node 7, m
        139    2.026E+01                                 F               0         Blade 1 X translation displacement, node 8, m
        140   -1.147E+01                                 F               0         Blade 1 Y translation displacement, node 8, m
        141   -8.706E+01                                 F               0         Blade 1 Z translation displacement, node 8, m
        142    1.883E+01                                 F               0         Blade 1 X translation displacement, node 9, m
        143   -1.194E+01                                 F               0         Blade 1 Y translation displacement, node 9, m
        144   -9.461E+01                                 F               0         Blade 1 Z translation displacement, node 9, m
        145    1.741E+01                                 F               0         Blade 1 X translation displacement, node 10, m
        146   -1.241E+01                                 F               0         Blade 1 Y translation displacement, node 10, m
        147   -1.022E+02                                 F               0         Blade 1 Z translation displacement, node 10, m
        148    1.599E+01                                 F               0         Blade 1 X translation displacement, node 11, m
        149   -1.288E+01                                 F               0         Blade 1 Y translation displacement, node 11, m
        150   -1.097E+02                                 F               0         Blade 1 Z translation displacement, node 11, m
        151    1.457E+01                                 F               0         Blade 1 X translation displacement, node 12, m
        152   -1.335E+01                                 F               0         Blade 1 Y translation displacement, node 12, m
        153   -1.173E+02                                 F               0         Blade 1 Z translation displacement, node 12, m
        154    1.315E+01                                 F               0         Blade 1 X translation displacement, node 13, m
        155   -1.383E+01                                 F               0         Blade 1 Y translation displacement, node 13, m
        156   -1.248E+02                                 F               0         Blade 1 Z translation displacement, node 13, m
        157    1.172E+01                                 F               0         Blade 1 X translation displacement, node 14, m
        158   -1.430E+01                                 F               0         Blade 1 Y translation displacement, node 14, m
        159   -1.323E+02                                 F               0         Blade 1 Z translation displacement, node 14, m
        160    1.030E+01                                 F               0         Blade 1 X translation displacement, node 15, m
        161   -1.477E+01                                 F               0         Blade 1 Y translation displacement, node 15, m
        162   -1.399E+02                                 F               0         Blade 1 Z translation displacement, node 15, m
        163    8.879E+00                                 F               0         Blade 1 X translation displacement, node 16, m
        164   -1.524E+01                                 F               0         Blade 1 Y translation displacement, node 16, m
        165   -1.474E+02                                 F               0         Blade 1 Z translation displacement, node 16, m
        166    7.457E+00                                 F               0         Blade 1 X translation displacement, node 17, m
        167   -1.571E+01                                 F               0         Blade 1 Y translation displacement, node 17, m
        168   -1.550E+02                                 F               0         Blade 1 Z translation displacement, node 17, m
        169    6.035E+00                                 F               0         Blade 1 X translation displacement, node 18, m
        170   -1.618E+01                                 F               0         Blade 1 Y translation displacement, node 18, m
        171   -1.625E+02                                 F               0         Blade 1 Z translation displacement, node 18, m
        172    4.612E+00                                 F               0         Blade 1 X translation displacement, node 19, m
        173   -1.666E+01                                 F               0         Blade 1 Y translation displacement, node 19, m
        174   -1.701E+02                                 F               0         Blade 1 Z translation displacement, node 19, m
        175    3.190E+00                                 F               0         Blade 1 X translation displacement, node 20, m
        176   -1.713E+01                                 F               0         Blade 1 Y translation displacement, node 20, m
        177   -1.776E+02                                 F               0         Blade 1 Z translation displacement, node 20, m
        178    1.768E+00                                 F               0         Blade 1 X translation displacement, node 21, m
        179   -1.760E+01                                 F               0         Blade 1 Y translation displacement, node 21, m
        180   -1.852E+02                                 F               0         Blade 1 Z translation displacement, node 21, m
        181    3.456E-01                                 F               0         Blade 1 X translation displacement, node 22, m
        182   -1.807E+01                                 F               0         Blade 1 Y translation displacement, node 22, m
        183   -1.927E+02                                 F               0         Blade 1 Z translation displacement, node 22, m
        184   -1.077E+00                                 F               0         Blade 1 X translation displacement, node 23, m
        185   -1.854E+01                                 F               0         Blade 1 Y translation displacement, node 23, m
        186   -2.003E+02                                 F               0         Blade 1 Z translation displacement, node 23, m
        187   -2.499E+00                                 F               0         Blade 1 X translation displacement, node 24, m
        188   -1.902E+01                                 F               0         Blade 1 Y translation displacement, node 24, m
        189   -2.078E+02                                 F               0         Blade 1 Z translation displacement, node 24, m
        190   -3.921E+00                                 F               0         Blade 1 X translation displacement, node 25, m
        191   -1.949E+01                                 F               0         Blade 1 Y translation displacement, node 25, m
        192   -2.154E+02                                 F               0         Blade 1 Z translation displacement, node 25, m
        193   -5.343E+00                                 F               0         Blade 1 X translation displacement, node 26, m
        194   -1.996E+01                                 F               0         Blade 1 Y translation displacement, node 26, m
        195   -2.229E+02                                 F               0         Blade 1 Z translation displacement, node 26, m
        196   -6.765E+00                                 F               0         Blade 1 X translation displacement, node 27, m
        197   -2.043E+01                                 F               0         Blade 1 Y translation displacement, node 27, m
        198   -2.305E+02                                 F               0         Blade 1 Z translation displacement, node 27, m
        199   -7.971E+00                                 F               0         Blade 1 X translation displacement, node 28, m
        200   -2.083E+01                                 F               0         Blade 1 Y translation displacement, node 28, m
        201   -2.369E+02                                 F               0         Blade 1 Z translation displacement, node 28, m
        202    8.189E-01,  4.962E-01, -2.884E-01         F               0         Blade 1 X orientation angle, node 1, rad
        203    5.101E-01, -8.596E-01, -3.072E-02         F               0         Blade 1 Y orientation angle, node 1, rad
        204   -2.632E-01, -1.220E-01, -9.570E-01         F               0         Blade 1 Z orientation angle, node 1, rad
        205    8.189E-01,  4.962E-01, -2.884E-01         F               0         Blade 1 X orientation angle, node 2, rad
        206    5.101E-01, -8.596E-01, -3.072E-02         F               0         Blade 1 Y orientation angle, node 2, rad
        207   -2.632E-01, -1.220E-01, -9.570E-01         F               0         Blade 1 Z orientation angle, node 2, rad
        208    9.164E-01,  2.783E-01, -2.875E-01         F               0         Blade 1 X orientation angle, node 3, rad
        209    3.014E-01, -9.527E-01,  3.852E-02         F               0         Blade 1 Y orientation angle, node 3, rad
        210   -2.632E-01, -1.220E-01, -9.570E-01         F               0         Blade 1 Z orientation angle, node 3, rad
        211    9.284E-01,  2.379E-01, -2.856E-01         F               0         Blade 1 X orientation angle, node 4, rad
        212    2.625E-01, -9.636E-01,  5.062E-02         F               0         Blade 1 Y orientation angle, node 4, rad
        213   -2.632E-01, -1.220E-01, -9.570E-01         F               0         Blade 1 Z orientation angle, node 4, rad
        214    9.365E-01,  2.058E-01, -2.838E-01         F               0         Blade 1 X orientation angle, node 5, rad
        215    2.315E-01, -9.710E-01,  6.006E-02         F               0         Blade 1 Y orientation angle, node 5, rad
        216   -2.632E-01, -1.220E-01, -9.570E-01         F               0         Blade 1 Z orientation angle, node 5, rad
        217    9.424E-01,  1.800E-01, -2.821E-01         F               0         Blade 1 X orientation angle, node 6, rad
        218    2.066E-01, -9.761E-01,  6.757E-02         F               0         Blade 1 Y orientation angle, node 6, rad
        219   -2.632E-01, -1.220E-01, -9.570E-01         F               0         Blade 1 Z orientation angle, node 6, rad
        220    9.466E-01,  1.586E-01, -2.805E-01         F               0         Blade 1 X orientation angle, node 7, rad
        221    1.860E-01, -9.798E-01,  7.371E-02         F               0         Blade 1 Y orientation angle, node 7, rad
        222   -2.632E-01, -1.220E-01, -9.570E-01         F               0         Blade 1 Z orientation angle, node 7, rad
        223    9.499E-01,  1.408E-01, -2.792E-01         F               0         Blade 1 X orientation angle, node 8, rad
        224    1.688E-01, -9.825E-01,  7.879E-02         F               0         Blade 1 Y orientation angle, node 8, rad
        225   -2.632E-01, -1.220E-01, -9.570E-01         F               0         Blade 1 Z orientation angle, node 8, rad
        226    9.523E-01,  1.257E-01, -2.779E-01         F               0         Blade 1 X orientation angle, node 9, rad
        227    1.542E-01, -9.845E-01,  8.306E-02         F               0         Blade 1 Y orientation angle, node 9, rad
        228   -2.632E-01, -1.220E-01, -9.570E-01         F               0         Blade 1 Z orientation angle, node 9, rad
        229    9.543E-01,  1.126E-01, -2.768E-01         F               0         Blade 1 X orientation angle, node 10, rad
        230    1.416E-01, -9.861E-01,  8.674E-02         F               0         Blade 1 Y orientation angle, node 10, rad
        231   -2.632E-01, -1.220E-01, -9.570E-01         F               0         Blade 1 Z orientation angle, node 10, rad
        232    9.559E-01,  1.014E-01, -2.758E-01         F               0         Blade 1 X orientation angle, node 11, rad
        233    1.307E-01, -9.873E-01,  8.988E-02         F               0         Blade 1 Y orientation angle, node 11, rad
        234   -2.632E-01, -1.220E-01, -9.570E-01         F               0         Blade 1 Z orientation angle, node 11, rad
        235    9.571E-01,  9.161E-02, -2.749E-01         F               0         Blade 1 X orientation angle, node 12, rad
        236    1.212E-01, -9.883E-01,  9.262E-02         F               0         Blade 1 Y orientation angle, node 12, rad
        237   -2.632E-01, -1.220E-01, -9.570E-01         F               0         Blade 1 Z orientation angle, node 12, rad
        238    9.581E-01,  8.299E-02, -2.741E-01         F               0         Blade 1 X orientation angle, node 13, rad
        239    1.128E-01, -9.891E-01,  9.501E-02         F               0         Blade 1 Y orientation angle, node 13, rad
        240   -2.632E-01, -1.220E-01, -9.570E-01         F               0         Blade 1 Z orientation angle, node 13, rad
        241    9.590E-01,  7.522E-02, -2.733E-01         F               0         Blade 1 X orientation angle, node 14, rad
        242    1.053E-01, -9.897E-01,  9.716E-02         F               0         Blade 1 Y orientation angle, node 14, rad
        243   -2.632E-01, -1.220E-01, -9.570E-01         F               0         Blade 1 Z orientation angle, node 14, rad
        244    9.597E-01,  6.831E-02, -2.726E-01         F               0         Blade 1 X orientation angle, node 15, rad
        245    9.862E-02, -9.902E-01,  9.907E-02         F               0         Blade 1 Y orientation angle, node 15, rad
        246   -2.632E-01, -1.220E-01, -9.570E-01         F               0         Blade 1 Z orientation angle, node 15, rad
        247    9.603E-01,  6.208E-02, -2.720E-01         F               0         Blade 1 X orientation angle, node 16, rad
        248    9.259E-02, -9.906E-01,  1.008E-01         F               0         Blade 1 Y orientation angle, node 16, rad
        249   -2.632E-01, -1.220E-01, -9.570E-01         F               0         Blade 1 Z orientation angle, node 16, rad
        250    9.608E-01,  5.655E-02, -2.714E-01         F               0         Blade 1 X orientation angle, node 17, rad
        251    8.722E-02, -9.909E-01,  1.023E-01         F               0         Blade 1 Y orientation angle, node 17, rad
        252   -2.632E-01, -1.220E-01, -9.570E-01         F               0         Blade 1 Z orientation angle, node 17, rad
        253    9.612E-01,  5.136E-02, -2.709E-01         F               0         Blade 1 X orientation angle, node 18, rad
        254    8.219E-02, -9.912E-01,  1.037E-01         F               0         Blade 1 Y orientation angle, node 18, rad
        255   -2.632E-01, -1.220E-01, -9.570E-01         F               0         Blade 1 Z orientation angle, node 18, rad
        256    9.616E-01,  4.669E-02, -2.704E-01         F               0         Blade 1 X orientation angle, node 19, rad
        257    7.766E-02, -9.914E-01,  1.050E-01         F               0         Blade 1 Y orientation angle, node 19, rad
        258   -2.632E-01, -1.220E-01, -9.570E-01         F               0         Blade 1 Z orientation angle, node 19, rad
        259    9.619E-01,  4.254E-02, -2.700E-01         F               0         Blade 1 X orientation angle, node 20, rad
        260    7.363E-02, -9.916E-01,  1.061E-01         F               0         Blade 1 Y orientation angle, node 20, rad
        261   -2.632E-01, -1.220E-01, -9.570E-01         F               0         Blade 1 Z orientation angle, node 20, rad
        262    9.622E-01,  3.855E-02, -2.695E-01         F               0         Blade 1 X orientation angle, node 21, rad
        263    6.977E-02, -9.918E-01,  1.072E-01         F               0         Blade 1 Y orientation angle, node 21, rad
        264   -2.632E-01, -1.220E-01, -9.570E-01         F               0         Blade 1 Z orientation angle, node 21, rad
        265    9.625E-01,  3.492E-02, -2.691E-01         F               0         Blade 1 X orientation angle, node 22, rad
        266    6.624E-02, -9.919E-01,  1.082E-01         F               0         Blade 1 Y orientation angle, node 22, rad
        267   -2.632E-01, -1.220E-01, -9.570E-01         F               0         Blade 1 Z orientation angle, node 22, rad
        268    9.627E-01,  3.163E-02, -2.688E-01         F               0         Blade 1 X orientation angle, node 23, rad
        269    6.305E-02, -9.920E-01,  1.091E-01         F               0         Blade 1 Y orientation angle, node 23, rad
        270   -2.632E-01, -1.220E-01, -9.570E-01         F               0         Blade 1 Z orientation angle, node 23, rad
        271    9.629E-01,  2.851E-02, -2.684E-01         F               0         Blade 1 X orientation angle, node 24, rad
        272    6.002E-02, -9.921E-01,  1.099E-01         F               0         Blade 1 Y orientation angle, node 24, rad
        273   -2.632E-01, -1.220E-01, -9.570E-01         F               0         Blade 1 Z orientation angle, node 24, rad
        274    9.631E-01,  2.557E-02, -2.681E-01         F               0         Blade 1 X orientation angle, node 25, rad
        275    5.717E-02, -9.922E-01,  1.107E-01         F               0         Blade 1 Y orientation angle, node 25, rad
        276   -2.632E-01, -1.220E-01, -9.570E-01         F               0         Blade 1 Z orientation angle, node 25, rad
        277    9.632E-01,  2.297E-02, -2.678E-01         F               0         Blade 1 X orientation angle, node 26, rad
        278    5.464E-02, -9.923E-01,  1.114E-01         F               0         Blade 1 Y orientation angle, node 26, rad
        279   -2.632E-01, -1.220E-01, -9.570E-01         F               0         Blade 1 Z orientation angle, node 26, rad
        280    9.633E-01,  2.037E-02, -2.675E-01         F               0         Blade 1 X orientation angle, node 27, rad
        281    5.212E-02, -9.923E-01,  1.121E-01         F               0         Blade 1 Y orientation angle, node 27, rad
        282   -2.632E-01, -1.220E-01, -9.570E-01         F               0         Blade 1 Z orientation angle, node 27, rad
        283    9.634E-01,  1.899E-02, -2.674E-01         F               0         Blade 1 X orientation angle, node 28, rad
        284    5.078E-02, -9.924E-01,  1.125E-01         F               0         Blade 1 Y orientation angle, node 28, rad
        285   -2.632E-01, -1.220E-01, -9.570E-01         F               0         Blade 1 Z orientation angle, node 28, rad
        286   -2.957E-01                                 F               0         Blade 1 X translation velocity, node 1, m/s
        287    5.611E+00                                 F               0         Blade 1 Y translation velocity, node 1, m/s
        288   -6.471E-01                                 F               0         Blade 1 Z translation velocity, node 1, m/s
        289   -3.680E-01                                 F               0         Blade 1 X translation velocity, node 2, m/s
        290    6.991E+00                                 F               0         Blade 1 Y translation velocity, node 2, m/s
        291   -8.031E-01                                 F               0         Blade 1 Z translation velocity, node 2, m/s
        292   -1.351E+00                                 F               0         Blade 1 X translation velocity, node 3, m/s
        293    2.576E+01                                 F               0         Blade 1 Y translation velocity, node 3, m/s
        294   -2.925E+00                                 F               0         Blade 1 Z translation velocity, node 3, m/s
        295   -1.561E+00                                 F               0         Blade 1 X translation velocity, node 4, m/s
        296    2.976E+01                                 F               0         Blade 1 Y translation velocity, node 4, m/s
        297   -3.377E+00                                 F               0         Blade 1 Z translation velocity, node 4, m/s
        298   -1.770E+00                                 F               0         Blade 1 X translation velocity, node 5, m/s
        299    3.376E+01                                 F               0         Blade 1 Y translation velocity, node 5, m/s
        300   -3.829E+00                                 F               0         Blade 1 Z translation velocity, node 5, m/s
        301   -1.980E+00                                 F               0         Blade 1 X translation velocity, node 6, m/s
        302    3.776E+01                                 F               0         Blade 1 Y translation velocity, node 6, m/s
        303   -4.281E+00                                 F               0         Blade 1 Z translation velocity, node 6, m/s
        304   -2.189E+00                                 F               0         Blade 1 X translation velocity, node 7, m/s
        305    4.176E+01                                 F               0         Blade 1 Y translation velocity, node 7, m/s
        306   -4.733E+00                                 F               0         Blade 1 Z translation velocity, node 7, m/s
        307   -2.399E+00                                 F               0         Blade 1 X translation velocity, node 8, m/s
