
Linearized model: Predictions were generated on 19-Dec-2023 at 09:27:32 using OpenFAST, compiled as a 64-bit application using single precision at commit v3.5.1
 linked with  NWTC Subroutine Library; ElastoDyn; InflowWind; AeroDyn; ServoDyn; HydroDyn; MoorDyn (v2.0.0, 2023-09-18)

Description from the FAST input file: CCT-9 Campign 4 model. Input files to be run with OpenFAST 3.5.0. GitHub branch from Lu Wang (https://github.com/luwang00/openfast/tree/dev) compiled on March 7, 2023.

Simulation information:
   Simulation time:                  1003.5000 s
   Rotor Speed:                         1.0411 rad/s
   Azimuth:                             2.4881 rad
   Wind Speed:                         12.0000 m/s
   Number of continuous states:         0
   Number of discrete states:           0
   Number of constraint states:         0
   Number of inputs:                 1746
   Number of outputs:                   4
   Jacobians included in this file?    No

Order of inputs:
     Column   Operating Point                     Rotating Frame? Derivative Order Description
   ---------- ---------------                     --------------- ---------------- -----------
          1    1.511E+01                                 F               0         Tower X translation displacement, node 1, m
          2   -8.771E-01                                 F               0         Tower Y translation displacement, node 1, m
          3   -4.295E-01                                 F               0         Tower Z translation displacement, node 1, m
          4    1.702E+01                                 F               0         Tower X translation displacement, node 2, m
          5   -1.332E+00                                 F               0         Tower Y translation displacement, node 2, m
          6   -5.860E-01                                 F               0         Tower Z translation displacement, node 2, m
          7    1.896E+01                                 F               0         Tower X translation displacement, node 3, m
          8   -1.790E+00                                 F               0         Tower Y translation displacement, node 3, m
          9   -7.481E-01                                 F               0         Tower Z translation displacement, node 3, m
         10    2.093E+01                                 F               0         Tower X translation displacement, node 4, m
         11   -2.251E+00                                 F               0         Tower Y translation displacement, node 4, m
         12   -9.145E-01                                 F               0         Tower Z translation displacement, node 4, m
         13    2.292E+01                                 F               0         Tower X translation displacement, node 5, m
         14   -2.715E+00                                 F               0         Tower Y translation displacement, node 5, m
         15   -1.085E+00                                 F               0         Tower Z translation displacement, node 5, m
         16    2.493E+01                                 F               0         Tower X translation displacement, node 6, m
         17   -3.181E+00                                 F               0         Tower Y translation displacement, node 6, m
         18   -1.258E+00                                 F               0         Tower Z translation displacement, node 6, m
         19    2.695E+01                                 F               0         Tower X translation displacement, node 7, m
         20   -3.648E+00                                 F               0         Tower Y translation displacement, node 7, m
         21   -1.433E+00                                 F               0         Tower Z translation displacement, node 7, m
         22    2.898E+01                                 F               0         Tower X translation displacement, node 8, m
         23   -4.117E+00                                 F               0         Tower Y translation displacement, node 8, m
         24   -1.610E+00                                 F               0         Tower Z translation displacement, node 8, m
         25    3.102E+01                                 F               0         Tower X translation displacement, node 9, m
         26   -4.588E+00                                 F               0         Tower Y translation displacement, node 9, m
         27   -1.789E+00                                 F               0         Tower Z translation displacement, node 9, m
         28    3.307E+01                                 F               0         Tower X translation displacement, node 10, m
         29   -5.059E+00                                 F               0         Tower Y translation displacement, node 10, m
         30   -1.969E+00                                 F               0         Tower Z translation displacement, node 10, m
         31    3.511E+01                                 F               0         Tower X translation displacement, node 11, m
         32   -5.530E+00                                 F               0         Tower Y translation displacement, node 11, m
         33   -2.149E+00                                 F               0         Tower Z translation displacement, node 11, m
         34    9.881E-01,  1.589E-02, -1.528E-01         F               0         Tower X orientation angle, node 1, rad
         35   -1.009E-02,  9.992E-01,  3.867E-02         F               0         Tower Y orientation angle, node 1, rad
         36    1.533E-01, -3.667E-02,  9.875E-01         F               0         Tower Z orientation angle, node 1, rad
         37    9.877E-01,  1.599E-02, -1.554E-01         F               0         Tower X orientation angle, node 2, rad
         38   -1.004E-02,  9.992E-01,  3.899E-02         F               0         Tower Y orientation angle, node 2, rad
         39    1.559E-01, -3.695E-02,  9.871E-01         F               0         Tower Z orientation angle, node 2, rad
         40    9.874E-01,  1.607E-02, -1.576E-01         F               0         Tower X orientation angle, node 3, rad
         41   -9.995E-03,  9.992E-01,  3.928E-02         F               0         Tower Y orientation angle, node 3, rad
         42    1.581E-01, -3.721E-02,  9.867E-01         F               0         Tower Z orientation angle, node 3, rad
         43    9.871E-01,  1.615E-02, -1.596E-01         F               0         Tower X orientation angle, node 4, rad
         44   -9.954E-03,  9.992E-01,  3.953E-02         F               0         Tower Y orientation angle, node 4, rad
         45    1.601E-01, -3.743E-02,  9.864E-01         F               0         Tower Z orientation angle, node 4, rad
         46    9.868E-01,  1.621E-02, -1.612E-01         F               0         Tower X orientation angle, node 5, rad
         47   -9.919E-03,  9.992E-01,  3.975E-02         F               0         Tower Y orientation angle, node 5, rad
         48    1.617E-01, -3.762E-02,  9.861E-01         F               0         Tower Z orientation angle, node 5, rad
         49    9.866E-01,  1.626E-02, -1.626E-01         F               0         Tower X orientation angle, node 6, rad
         50   -9.889E-03,  9.992E-01,  3.993E-02         F               0         Tower Y orientation angle, node 6, rad
         51    1.631E-01, -3.778E-02,  9.859E-01         F               0         Tower Z orientation angle, node 6, rad
         52    9.864E-01,  1.630E-02, -1.636E-01         F               0         Tower X orientation angle, node 7, rad
         53   -9.865E-03,  9.991E-01,  4.007E-02         F               0         Tower Y orientation angle, node 7, rad
         54    1.641E-01, -3.791E-02,  9.857E-01         F               0         Tower Z orientation angle, node 7, rad
         55    9.863E-01,  1.633E-02, -1.643E-01         F               0         Tower X orientation angle, node 8, rad
         56   -9.847E-03,  9.991E-01,  4.018E-02         F               0         Tower Y orientation angle, node 8, rad
         57    1.648E-01, -3.801E-02,  9.856E-01         F               0         Tower Z orientation angle, node 8, rad
         58    9.862E-01,  1.635E-02, -1.649E-01         F               0         Tower X orientation angle, node 9, rad
         59   -9.833E-03,  9.991E-01,  4.027E-02         F               0         Tower Y orientation angle, node 9, rad
         60    1.654E-01, -3.809E-02,  9.855E-01         F               0         Tower Z orientation angle, node 9, rad
         61    9.861E-01,  1.636E-02, -1.652E-01         F               0         Tower X orientation angle, node 10, rad
         62   -9.824E-03,  9.991E-01,  4.032E-02         F               0         Tower Y orientation angle, node 10, rad
         63    1.657E-01, -3.814E-02,  9.854E-01         F               0         Tower Z orientation angle, node 10, rad
         64    9.861E-01,  1.637E-02, -1.654E-01         F               0         Tower X orientation angle, node 11, rad
         65   -9.819E-03,  9.991E-01,  4.035E-02         F               0         Tower Y orientation angle, node 11, rad
         66    1.659E-01, -3.816E-02,  9.854E-01         F               0         Tower Z orientation angle, node 11, rad
         67    5.735E-04                                 F               0         Tower X translation velocity, node 1, m/s
         68   -1.185E-02                                 F               0         Tower Y translation velocity, node 1, m/s
         69    4.804E-03                                 F               0         Tower Z translation velocity, node 1, m/s
         70    1.050E-03                                 F               0         Tower X translation velocity, node 2, m/s
         71   -2.019E-02                                 F               0         Tower Y translation velocity, node 2, m/s
         72    4.418E-03                                 F               0         Tower Z translation velocity, node 2, m/s
         73    1.560E-03                                 F               0         Tower X translation velocity, node 3, m/s
         74   -2.868E-02                                 F               0         Tower Y translation velocity, node 3, m/s
         75    4.018E-03                                 F               0         Tower Z translation velocity, node 3, m/s
         76    2.088E-03                                 F               0         Tower X translation velocity, node 4, m/s
         77   -3.730E-02                                 F               0         Tower Y translation velocity, node 4, m/s
         78    3.607E-03                                 F               0         Tower Z translation velocity, node 4, m/s
         79    2.625E-03                                 F               0         Tower X translation velocity, node 5, m/s
         80   -4.602E-02                                 F               0         Tower Y translation velocity, node 5, m/s
         81    3.187E-03                                 F               0         Tower Z translation velocity, node 5, m/s
         82    3.165E-03                                 F               0         Tower X translation velocity, node 6, m/s
         83   -5.483E-02                                 F               0         Tower Y translation velocity, node 6, m/s
         84    2.761E-03                                 F               0         Tower Z translation velocity, node 6, m/s
         85    3.702E-03                                 F               0         Tower X translation velocity, node 7, m/s
         86   -6.370E-02                                 F               0         Tower Y translation velocity, node 7, m/s
         87    2.331E-03                                 F               0         Tower Z translation velocity, node 7, m/s
         88    4.232E-03                                 F               0         Tower X translation velocity, node 8, m/s
         89   -7.263E-02                                 F               0         Tower Y translation velocity, node 8, m/s
         90    1.899E-03                                 F               0         Tower Z translation velocity, node 8, m/s
         91    4.752E-03                                 F               0         Tower X translation velocity, node 9, m/s
         92   -8.161E-02                                 F               0         Tower Y translation velocity, node 9, m/s
         93    1.465E-03                                 F               0         Tower Z translation velocity, node 9, m/s
         94    5.264E-03                                 F               0         Tower X translation velocity, node 10, m/s
         95   -9.062E-02                                 F               0         Tower Y translation velocity, node 10, m/s
         96    1.031E-03                                 F               0         Tower Z translation velocity, node 10, m/s
         97    5.768E-03                                 F               0         Tower X translation velocity, node 11, m/s
         98   -9.965E-02                                 F               0         Tower Y translation velocity, node 11, m/s
         99    5.960E-04                                 F               0         Tower Z translation velocity, node 11, m/s
        100    3.657E+01                                 F               0         Hub X translation displacement, node 1, m
        101   -6.006E+00                                 F               0         Hub Y translation displacement, node 1, m
        102   -4.773E-01                                 F               0         Hub Z translation displacement, node 1, m
        103    9.634E-01,  2.027E-02, -2.675E-01         F               0         Hub X orientation angle, node 1, rad
        104    1.708E-01, -8.153E-01,  5.532E-01         F               0         Hub Y orientation angle, node 1, rad
        105   -2.069E-01, -5.786E-01, -7.889E-01         F               0         Hub Z orientation angle, node 1, rad
        106    1.004E+00                                 F               0         Hub X rotation velocity, node 1, rad/s
        107    2.116E-02                                 F               0         Hub Y rotation velocity, node 1, rad/s
        108   -2.788E-01                                 F               0         Hub Z rotation velocity, node 1, rad/s
        109    9.579E-01,  4.445E-02, -2.838E-01         F               0         Blade root 1 X orientation angle, node 1, rad
        110    1.993E-01, -8.144E-01,  5.451E-01         F               0         Blade root 1 Y orientation angle, node 1, rad
        111   -2.069E-01, -5.786E-01, -7.889E-01         F               0         Blade root 1 Z orientation angle, node 1, rad
        112    9.708E-01,  2.303E-02, -2.389E-01         F               0         Blade root 2 X orientation angle, node 1, rad
        113   -2.358E-01, -9.280E-02, -9.674E-01         F               0         Blade root 2 Y orientation angle, node 1, rad
        114   -4.445E-02,  9.954E-01, -8.465E-02         F               0         Blade root 2 Z orientation angle, node 1, rad
        115    9.601E-01, -6.700E-03, -2.794E-01         F               0         Blade root 3 X orientation angle, node 1, rad
        116    1.223E-01,  9.090E-01,  3.985E-01         F               0         Blade root 3 Y orientation angle, node 1, rad
        117    2.513E-01, -4.168E-01,  8.736E-01         F               0         Blade root 3 Z orientation angle, node 1, rad
        118    3.484E+01                                 F               0         Blade 1 X translation displacement, node 1, m
        119   -9.212E+00                                 F               0         Blade 1 Y translation displacement, node 1, m
        120   -1.036E+01                                 F               0         Blade 1 Z translation displacement, node 1, m
        121    3.443E+01                                 F               0         Blade 1 X translation displacement, node 2, m
        122   -9.984E+00                                 F               0         Blade 1 Y translation displacement, node 2, m
        123   -1.274E+01                                 F               0         Blade 1 Z translation displacement, node 2, m
        124    2.877E+01                                 F               0         Blade 1 X translation displacement, node 3, m
        125   -2.049E+01                                 F               0         Blade 1 Y translation displacement, node 3, m
        126   -4.511E+01                                 F               0         Blade 1 Z translation displacement, node 3, m
        127    2.757E+01                                 F               0         Blade 1 X translation displacement, node 4, m
        128   -2.273E+01                                 F               0         Blade 1 Y translation displacement, node 4, m
        129   -5.201E+01                                 F               0         Blade 1 Z translation displacement, node 4, m
        130    2.636E+01                                 F               0         Blade 1 X translation displacement, node 5, m
        131   -2.496E+01                                 F               0         Blade 1 Y translation displacement, node 5, m
        132   -5.891E+01                                 F               0         Blade 1 Z translation displacement, node 5, m
        133    2.516E+01                                 F               0         Blade 1 X translation displacement, node 6, m
        134   -2.720E+01                                 F               0         Blade 1 Y translation displacement, node 6, m
        135   -6.581E+01                                 F               0         Blade 1 Z translation displacement, node 6, m
        136    2.396E+01                                 F               0         Blade 1 X translation displacement, node 7, m
        137   -2.944E+01                                 F               0         Blade 1 Y translation displacement, node 7, m
        138   -7.270E+01                                 F               0         Blade 1 Z translation displacement, node 7, m
        139    2.275E+01                                 F               0         Blade 1 X translation displacement, node 8, m
        140   -3.168E+01                                 F               0         Blade 1 Y translation displacement, node 8, m
        141   -7.960E+01                                 F               0         Blade 1 Z translation displacement, node 8, m
        142    2.155E+01                                 F               0         Blade 1 X translation displacement, node 9, m
        143   -3.392E+01                                 F               0         Blade 1 Y translation displacement, node 9, m
        144   -8.650E+01                                 F               0         Blade 1 Z translation displacement, node 9, m
        145    2.034E+01                                 F               0         Blade 1 X translation displacement, node 10, m
        146   -3.615E+01                                 F               0         Blade 1 Y translation displacement, node 10, m
        147   -9.340E+01                                 F               0         Blade 1 Z translation displacement, node 10, m
        148    1.914E+01                                 F               0         Blade 1 X translation displacement, node 11, m
        149   -3.839E+01                                 F               0         Blade 1 Y translation displacement, node 11, m
        150   -1.003E+02                                 F               0         Blade 1 Z translation displacement, node 11, m
        151    1.793E+01                                 F               0         Blade 1 X translation displacement, node 12, m
        152   -4.063E+01                                 F               0         Blade 1 Y translation displacement, node 12, m
        153   -1.072E+02                                 F               0         Blade 1 Z translation displacement, node 12, m
        154    1.673E+01                                 F               0         Blade 1 X translation displacement, node 13, m
        155   -4.287E+01                                 F               0         Blade 1 Y translation displacement, node 13, m
        156   -1.141E+02                                 F               0         Blade 1 Z translation displacement, node 13, m
        157    1.552E+01                                 F               0         Blade 1 X translation displacement, node 14, m
        158   -4.511E+01                                 F               0         Blade 1 Y translation displacement, node 14, m
        159   -1.210E+02                                 F               0         Blade 1 Z translation displacement, node 14, m
        160    1.432E+01                                 F               0         Blade 1 X translation displacement, node 15, m
        161   -4.734E+01                                 F               0         Blade 1 Y translation displacement, node 15, m
        162   -1.279E+02                                 F               0         Blade 1 Z translation displacement, node 15, m
        163    1.312E+01                                 F               0         Blade 1 X translation displacement, node 16, m
        164   -4.958E+01                                 F               0         Blade 1 Y translation displacement, node 16, m
        165   -1.348E+02                                 F               0         Blade 1 Z translation displacement, node 16, m
        166    1.191E+01                                 F               0         Blade 1 X translation displacement, node 17, m
        167   -5.182E+01                                 F               0         Blade 1 Y translation displacement, node 17, m
        168   -1.417E+02                                 F               0         Blade 1 Z translation displacement, node 17, m
        169    1.071E+01                                 F               0         Blade 1 X translation displacement, node 18, m
        170   -5.406E+01                                 F               0         Blade 1 Y translation displacement, node 18, m
        171   -1.486E+02                                 F               0         Blade 1 Z translation displacement, node 18, m
        172    9.503E+00                                 F               0         Blade 1 X translation displacement, node 19, m
        173   -5.630E+01                                 F               0         Blade 1 Y translation displacement, node 19, m
        174   -1.555E+02                                 F               0         Blade 1 Z translation displacement, node 19, m
        175    8.298E+00                                 F               0         Blade 1 X translation displacement, node 20, m
        176   -5.853E+01                                 F               0         Blade 1 Y translation displacement, node 20, m
        177   -1.624E+02                                 F               0         Blade 1 Z translation displacement, node 20, m
        178    7.094E+00                                 F               0         Blade 1 X translation displacement, node 21, m
        179   -6.077E+01                                 F               0         Blade 1 Y translation displacement, node 21, m
        180   -1.693E+02                                 F               0         Blade 1 Z translation displacement, node 21, m
        181    5.890E+00                                 F               0         Blade 1 X translation displacement, node 22, m
        182   -6.301E+01                                 F               0         Blade 1 Y translation displacement, node 22, m
        183   -1.762E+02                                 F               0         Blade 1 Z translation displacement, node 22, m
        184    4.685E+00                                 F               0         Blade 1 X translation displacement, node 23, m
        185   -6.525E+01                                 F               0         Blade 1 Y translation displacement, node 23, m
        186   -1.831E+02                                 F               0         Blade 1 Z translation displacement, node 23, m
        187    3.481E+00                                 F               0         Blade 1 X translation displacement, node 24, m
        188   -6.749E+01                                 F               0         Blade 1 Y translation displacement, node 24, m
        189   -1.900E+02                                 F               0         Blade 1 Z translation displacement, node 24, m
        190    2.277E+00                                 F               0         Blade 1 X translation displacement, node 25, m
        191   -6.972E+01                                 F               0         Blade 1 Y translation displacement, node 25, m
        192   -1.969E+02                                 F               0         Blade 1 Z translation displacement, node 25, m
        193    1.072E+00                                 F               0         Blade 1 X translation displacement, node 26, m
        194   -7.196E+01                                 F               0         Blade 1 Y translation displacement, node 26, m
        195   -2.038E+02                                 F               0         Blade 1 Z translation displacement, node 26, m
        196   -1.324E-01                                 F               0         Blade 1 X translation displacement, node 27, m
        197   -7.420E+01                                 F               0         Blade 1 Y translation displacement, node 27, m
        198   -2.107E+02                                 F               0         Blade 1 Z translation displacement, node 27, m
        199   -1.153E+00                                 F               0         Blade 1 X translation displacement, node 28, m
        200   -7.610E+01                                 F               0         Blade 1 Y translation displacement, node 28, m
        201   -2.165E+02                                 F               0         Blade 1 Z translation displacement, node 28, m
        202    7.616E-01,  4.109E-01, -5.011E-01         F               0         Blade 1 X orientation angle, node 1, rad
        203    6.141E-01, -7.045E-01,  3.557E-01         F               0         Blade 1 Y orientation angle, node 1, rad
        204   -2.069E-01, -5.786E-01, -7.889E-01         F               0         Blade 1 Z orientation angle, node 1, rad
        205    7.616E-01,  4.109E-01, -5.011E-01         F               0         Blade 1 X orientation angle, node 2, rad
        206    6.141E-01, -7.045E-01,  3.557E-01         F               0         Blade 1 Y orientation angle, node 2, rad
        207   -2.069E-01, -5.786E-01, -7.889E-01         F               0         Blade 1 Z orientation angle, node 2, rad
        208    8.855E-01,  2.322E-01, -4.025E-01         F               0         Blade 1 X orientation angle, node 3, rad
        209    4.161E-01, -7.818E-01,  4.643E-01         F               0         Blade 1 Y orientation angle, node 3, rad
        210   -2.069E-01, -5.786E-01, -7.889E-01         F               0         Blade 1 Z orientation angle, node 3, rad
        211    9.022E-01,  1.990E-01, -3.826E-01         F               0         Blade 1 X orientation angle, node 4, rad
        212    3.784E-01, -7.909E-01,  4.809E-01         F               0         Blade 1 Y orientation angle, node 4, rad
        213   -2.069E-01, -5.786E-01, -7.889E-01         F               0         Blade 1 Z orientation angle, node 4, rad
        214    9.143E-01,  1.727E-01, -3.664E-01         F               0         Blade 1 X orientation angle, node 5, rad
        215    3.483E-01, -7.971E-01,  4.933E-01         F               0         Blade 1 Y orientation angle, node 5, rad
        216   -2.069E-01, -5.786E-01, -7.889E-01         F               0         Blade 1 Z orientation angle, node 5, rad
        217    9.232E-01,  1.515E-01, -3.532E-01         F               0         Blade 1 X orientation angle, node 6, rad
        218    3.239E-01, -8.014E-01,  5.029E-01         F               0         Blade 1 Y orientation angle, node 6, rad
        219   -2.069E-01, -5.786E-01, -7.889E-01         F               0         Blade 1 Z orientation angle, node 6, rad
        220    9.301E-01,  1.340E-01, -3.421E-01         F               0         Blade 1 X orientation angle, node 7, rad
        221    3.037E-01, -8.045E-01,  5.104E-01         F               0         Blade 1 Y orientation angle, node 7, rad
        222   -2.069E-01, -5.786E-01, -7.889E-01         F               0         Blade 1 Z orientation angle, node 7, rad
        223    9.354E-01,  1.193E-01, -3.328E-01         F               0         Blade 1 X orientation angle, node 8, rad
        224    2.867E-01, -8.068E-01,  5.166E-01         F               0         Blade 1 Y orientation angle, node 8, rad
        225   -2.069E-01, -5.786E-01, -7.889E-01         F               0         Blade 1 Z orientation angle, node 8, rad
        226    9.397E-01,  1.069E-01, -3.248E-01         F               0         Blade 1 X orientation angle, node 9, rad
        227    2.723E-01, -8.085E-01,  5.216E-01         F               0         Blade 1 Y orientation angle, node 9, rad
        228   -2.069E-01, -5.786E-01, -7.889E-01         F               0         Blade 1 Z orientation angle, node 9, rad
        229    9.432E-01,  9.620E-02, -3.179E-01         F               0         Blade 1 X orientation angle, node 10, rad
        230    2.598E-01, -8.099E-01,  5.259E-01         F               0         Blade 1 Y orientation angle, node 10, rad
        231   -2.069E-01, -5.786E-01, -7.889E-01         F               0         Blade 1 Z orientation angle, node 10, rad
        232    9.461E-01,  8.701E-02, -3.119E-01         F               0         Blade 1 X orientation angle, node 11, rad
        233    2.491E-01, -8.109E-01,  5.295E-01         F               0         Blade 1 Y orientation angle, node 11, rad
        234   -2.069E-01, -5.786E-01, -7.889E-01         F               0         Blade 1 Z orientation angle, node 11, rad
        235    9.486E-01,  7.894E-02, -3.066E-01         F               0         Blade 1 X orientation angle, node 12, rad
        236    2.397E-01, -8.118E-01,  5.325E-01         F               0         Blade 1 Y orientation angle, node 12, rad
        237   -2.069E-01, -5.786E-01, -7.889E-01         F               0         Blade 1 Z orientation angle, node 12, rad
        238    9.506E-01,  7.185E-02, -3.020E-01         F               0         Blade 1 X orientation angle, node 13, rad
        239    2.314E-01, -8.124E-01,  5.352E-01         F               0         Blade 1 Y orientation angle, node 13, rad
        240   -2.069E-01, -5.786E-01, -7.889E-01         F               0         Blade 1 Z orientation angle, node 13, rad
        241    9.524E-01,  6.547E-02, -2.978E-01         F               0         Blade 1 X orientation angle, node 14, rad
        242    2.239E-01, -8.130E-01,  5.375E-01         F               0         Blade 1 Y orientation angle, node 14, rad
        243   -2.069E-01, -5.786E-01, -7.889E-01         F               0         Blade 1 Z orientation angle, node 14, rad
        244    9.539E-01,  5.979E-02, -2.940E-01         F               0         Blade 1 X orientation angle, node 15, rad
        245    2.173E-01, -8.134E-01,  5.396E-01         F               0         Blade 1 Y orientation angle, node 15, rad
        246   -2.069E-01, -5.786E-01, -7.889E-01         F               0         Blade 1 Z orientation angle, node 15, rad
        247    9.553E-01,  5.468E-02, -2.906E-01         F               0         Blade 1 X orientation angle, node 16, rad
        248    2.113E-01, -8.138E-01,  5.414E-01         F               0         Blade 1 Y orientation angle, node 16, rad
        249   -2.069E-01, -5.786E-01, -7.889E-01         F               0         Blade 1 Z orientation angle, node 16, rad
        250    9.564E-01,  5.013E-02, -2.876E-01         F               0         Blade 1 X orientation angle, node 17, rad
        251    2.059E-01, -8.140E-01,  5.431E-01         F               0         Blade 1 Y orientation angle, node 17, rad
        252   -2.069E-01, -5.786E-01, -7.889E-01         F               0         Blade 1 Z orientation angle, node 17, rad
        253    9.575E-01,  4.587E-02, -2.847E-01         F               0         Blade 1 X orientation angle, node 18, rad
        254    2.009E-01, -8.143E-01,  5.446E-01         F               0         Blade 1 Y orientation angle, node 18, rad
        255   -2.069E-01, -5.786E-01, -7.889E-01         F               0         Blade 1 Z orientation angle, node 18, rad
        256    9.584E-01,  4.203E-02, -2.822E-01         F               0         Blade 1 X orientation angle, node 19, rad
        257    1.964E-01, -8.145E-01,  5.459E-01         F               0         Blade 1 Y orientation angle, node 19, rad
        258   -2.069E-01, -5.786E-01, -7.889E-01         F               0         Blade 1 Z orientation angle, node 19, rad
        259    9.593E-01,  3.862E-02, -2.799E-01         F               0         Blade 1 X orientation angle, node 20, rad
        260    1.924E-01, -8.147E-01,  5.471E-01         F               0         Blade 1 Y orientation angle, node 20, rad
        261   -2.069E-01, -5.786E-01, -7.889E-01         F               0         Blade 1 Z orientation angle, node 20, rad
        262    9.600E-01,  3.535E-02, -2.777E-01         F               0         Blade 1 X orientation angle, node 21, rad
        263    1.886E-01, -8.148E-01,  5.482E-01         F               0         Blade 1 Y orientation angle, node 21, rad
        264   -2.069E-01, -5.786E-01, -7.889E-01         F               0         Blade 1 Z orientation angle, node 21, rad
        265    9.607E-01,  3.236E-02, -2.757E-01         F               0         Blade 1 X orientation angle, node 22, rad
        266    1.850E-01, -8.149E-01,  5.492E-01         F               0         Blade 1 Y orientation angle, node 22, rad
        267   -2.069E-01, -5.786E-01, -7.889E-01         F               0         Blade 1 Z orientation angle, node 22, rad
        268    9.613E-01,  2.966E-02, -2.738E-01         F               0         Blade 1 X orientation angle, node 23, rad
        269    1.818E-01, -8.151E-01,  5.501E-01         F               0         Blade 1 Y orientation angle, node 23, rad
        270   -2.069E-01, -5.786E-01, -7.889E-01         F               0         Blade 1 Z orientation angle, node 23, rad
        271    9.619E-01,  2.710E-02, -2.721E-01         F               0         Blade 1 X orientation angle, node 24, rad
        272    1.788E-01, -8.151E-01,  5.510E-01         F               0         Blade 1 Y orientation angle, node 24, rad
        273   -2.069E-01, -5.786E-01, -7.889E-01         F               0         Blade 1 Z orientation angle, node 24, rad
        274    9.624E-01,  2.468E-02, -2.705E-01         F               0         Blade 1 X orientation angle, node 25, rad
        275    1.760E-01, -8.152E-01,  5.518E-01         F               0         Blade 1 Y orientation angle, node 25, rad
        276   -2.069E-01, -5.786E-01, -7.889E-01         F               0         Blade 1 Z orientation angle, node 25, rad
        277    9.629E-01,  2.255E-02, -2.690E-01         F               0         Blade 1 X orientation angle, node 26, rad
        278    1.735E-01, -8.153E-01,  5.525E-01         F               0         Blade 1 Y orientation angle, node 26, rad
        279   -2.069E-01, -5.786E-01, -7.889E-01         F               0         Blade 1 Z orientation angle, node 26, rad
        280    9.633E-01,  2.041E-02, -2.676E-01         F               0         Blade 1 X orientation angle, node 27, rad
        281    1.709E-01, -8.153E-01,  5.532E-01         F               0         Blade 1 Y orientation angle, node 27, rad
        282   -2.069E-01, -5.786E-01, -7.889E-01         F               0         Blade 1 Z orientation angle, node 27, rad
        283    9.636E-01,  1.927E-02, -2.668E-01         F               0         Blade 1 X orientation angle, node 28, rad
        284    1.696E-01, -8.154E-01,  5.536E-01         F               0         Blade 1 Y orientation angle, node 28, rad
        285   -2.069E-01, -5.786E-01, -7.889E-01         F               0         Blade 1 Z orientation angle, node 28, rad
        286   -9.800E-01                                 F               0         Blade 1 X translation velocity, node 1, m/s
        287    4.603E+00                                 F               0         Blade 1 Y translation velocity, node 1, m/s
        288   -3.192E+00                                 F               0         Blade 1 Z translation velocity, node 1, m/s
        289   -1.218E+00                                 F               0         Blade 1 X translation velocity, node 2, m/s
        290    5.737E+00                                 F               0         Blade 1 Y translation velocity, node 2, m/s
        291   -3.962E+00                                 F               0         Blade 1 Z translation velocity, node 2, m/s
        292   -4.449E+00                                 F               0         Blade 1 X translation velocity, node 3, m/s
        293    2.116E+01                                 F               0         Blade 1 Y translation velocity, node 3, m/s
        294   -1.442E+01                                 F               0         Blade 1 Z translation velocity, node 3, m/s
        295   -5.137E+00                                 F               0         Blade 1 X translation velocity, node 4, m/s
        296    2.444E+01                                 F               0         Blade 1 Y translation velocity, node 4, m/s
        297   -1.665E+01                                 F               0         Blade 1 Z translation velocity, node 4, m/s
        298   -5.826E+00                                 F               0         Blade 1 X translation velocity, node 5, m/s
        299    2.773E+01                                 F               0         Blade 1 Y translation velocity, node 5, m/s
        300   -1.888E+01                                 F               0         Blade 1 Z translation velocity, node 5, m/s
        301   -6.514E+00                                 F               0         Blade 1 X translation velocity, node 6, m/s
        302    3.101E+01                                 F               0         Blade 1 Y translation velocity, node 6, m/s
        303   -2.111E+01                                 F               0         Blade 1 Z translation velocity, node 6, m/s
        304   -7.202E+00                                 F               0         Blade 1 X translation velocity, node 7, m/s
        305    3.430E+01                                 F               0         Blade 1 Y translation velocity, node 7, m/s
        306   -2.334E+01                                 F               0         Blade 1 Z translation velocity, node 7, m/s
        307   -7.891E+00                                 F               0         Blade 1 X translation velocity, node 8, m/s
