
Linearized model: Predictions were generated on 19-Dec-2023 at 09:27:32 using OpenFAST, compiled as a 64-bit application using single precision at commit v3.5.1
 linked with  NWTC Subroutine Library; ElastoDyn; InflowWind; AeroDyn; ServoDyn; HydroDyn; MoorDyn (v2.0.0, 2023-09-18)

Description from the FAST input file: CCT-9 Campign 4 model. Input files to be run with OpenFAST 3.5.0. GitHub branch from Lu Wang (https://github.com/luwang00/openfast/tree/dev) compiled on March 7, 2023.

Simulation information:
   Simulation time:                  1002.2500 s
   Rotor Speed:                         1.0413 rad/s
   Azimuth:                             1.1867 rad
   Wind Speed:                         12.0000 m/s
   Number of continuous states:         0
   Number of discrete states:           0
   Number of constraint states:         0
   Number of inputs:                 1746
   Number of outputs:                   4
   Jacobians included in this file?    No

Order of inputs:
     Column   Operating Point                     Rotating Frame? Derivative Order Description
   ---------- ---------------                     --------------- ---------------- -----------
          1    1.511E+01                                 F               0         Tower X translation displacement, node 1, m
          2   -8.661E-01                                 F               0         Tower Y translation displacement, node 1, m
          3   -4.349E-01                                 F               0         Tower Z translation displacement, node 1, m
          4    1.702E+01                                 F               0         Tower X translation displacement, node 2, m
          5   -1.312E+00                                 F               0         Tower Y translation displacement, node 2, m
          6   -5.911E-01                                 F               0         Tower Z translation displacement, node 2, m
          7    1.896E+01                                 F               0         Tower X translation displacement, node 3, m
          8   -1.762E+00                                 F               0         Tower Y translation displacement, node 3, m
          9   -7.527E-01                                 F               0         Tower Z translation displacement, node 3, m
         10    2.093E+01                                 F               0         Tower X translation displacement, node 4, m
         11   -2.215E+00                                 F               0         Tower Y translation displacement, node 4, m
         12   -9.186E-01                                 F               0         Tower Z translation displacement, node 4, m
         13    2.291E+01                                 F               0         Tower X translation displacement, node 5, m
         14   -2.670E+00                                 F               0         Tower Y translation displacement, node 5, m
         15   -1.088E+00                                 F               0         Tower Z translation displacement, node 5, m
         16    2.492E+01                                 F               0         Tower X translation displacement, node 6, m
         17   -3.128E+00                                 F               0         Tower Y translation displacement, node 6, m
         18   -1.261E+00                                 F               0         Tower Z translation displacement, node 6, m
         19    2.694E+01                                 F               0         Tower X translation displacement, node 7, m
         20   -3.587E+00                                 F               0         Tower Y translation displacement, node 7, m
         21   -1.436E+00                                 F               0         Tower Z translation displacement, node 7, m
         22    2.897E+01                                 F               0         Tower X translation displacement, node 8, m
         23   -4.047E+00                                 F               0         Tower Y translation displacement, node 8, m
         24   -1.613E+00                                 F               0         Tower Z translation displacement, node 8, m
         25    3.101E+01                                 F               0         Tower X translation displacement, node 9, m
         26   -4.508E+00                                 F               0         Tower Y translation displacement, node 9, m
         27   -1.791E+00                                 F               0         Tower Z translation displacement, node 9, m
         28    3.306E+01                                 F               0         Tower X translation displacement, node 10, m
         29   -4.970E+00                                 F               0         Tower Y translation displacement, node 10, m
         30   -1.970E+00                                 F               0         Tower Z translation displacement, node 10, m
         31    3.511E+01                                 F               0         Tower X translation displacement, node 11, m
         32   -5.433E+00                                 F               0         Tower Y translation displacement, node 11, m
         33   -2.150E+00                                 F               0         Tower Z translation displacement, node 11, m
         34    9.881E-01,  1.617E-02, -1.527E-01         F               0         Tower X orientation angle, node 1, rad
         35   -1.047E-02,  9.992E-01,  3.807E-02         F               0         Tower Y orientation angle, node 1, rad
         36    1.532E-01, -3.602E-02,  9.875E-01         F               0         Tower Z orientation angle, node 1, rad
         37    9.877E-01,  1.627E-02, -1.553E-01         F               0         Tower X orientation angle, node 2, rad
         38   -1.042E-02,  9.992E-01,  3.838E-02         F               0         Tower Y orientation angle, node 2, rad
         39    1.558E-01, -3.629E-02,  9.871E-01         F               0         Tower Z orientation angle, node 2, rad
         40    9.874E-01,  1.635E-02, -1.576E-01         F               0         Tower X orientation angle, node 3, rad
         41   -1.038E-02,  9.992E-01,  3.865E-02         F               0         Tower Y orientation angle, node 3, rad
         42    1.581E-01, -3.653E-02,  9.867E-01         F               0         Tower Z orientation angle, node 3, rad
         43    9.871E-01,  1.642E-02, -1.595E-01         F               0         Tower X orientation angle, node 4, rad
         44   -1.034E-02,  9.992E-01,  3.890E-02         F               0         Tower Y orientation angle, node 4, rad
         45    1.600E-01, -3.674E-02,  9.864E-01         F               0         Tower Z orientation angle, node 4, rad
         46    9.868E-01,  1.649E-02, -1.612E-01         F               0         Tower X orientation angle, node 5, rad
         47   -1.031E-02,  9.992E-01,  3.910E-02         F               0         Tower Y orientation angle, node 5, rad
         48    1.617E-01, -3.693E-02,  9.862E-01         F               0         Tower Z orientation angle, node 5, rad
         49    9.866E-01,  1.653E-02, -1.625E-01         F               0         Tower X orientation angle, node 6, rad
         50   -1.028E-02,  9.992E-01,  3.928E-02         F               0         Tower Y orientation angle, node 6, rad
         51    1.630E-01, -3.708E-02,  9.859E-01         F               0         Tower Z orientation angle, node 6, rad
         52    9.864E-01,  1.657E-02, -1.635E-01         F               0         Tower X orientation angle, node 7, rad
         53   -1.025E-02,  9.992E-01,  3.942E-02         F               0         Tower Y orientation angle, node 7, rad
         54    1.640E-01, -3.720E-02,  9.858E-01         F               0         Tower Z orientation angle, node 7, rad
         55    9.863E-01,  1.660E-02, -1.643E-01         F               0         Tower X orientation angle, node 8, rad
         56   -1.024E-02,  9.992E-01,  3.952E-02         F               0         Tower Y orientation angle, node 8, rad
         57    1.648E-01, -3.730E-02,  9.856E-01         F               0         Tower Z orientation angle, node 8, rad
         58    9.862E-01,  1.662E-02, -1.648E-01         F               0         Tower X orientation angle, node 9, rad
         59   -1.022E-02,  9.992E-01,  3.960E-02         F               0         Tower Y orientation angle, node 9, rad
         60    1.653E-01, -3.737E-02,  9.855E-01         F               0         Tower Z orientation angle, node 9, rad
         61    9.861E-01,  1.664E-02, -1.651E-01         F               0         Tower X orientation angle, node 10, rad
         62   -1.021E-02,  9.992E-01,  3.965E-02         F               0         Tower Y orientation angle, node 10, rad
         63    1.657E-01, -3.742E-02,  9.855E-01         F               0         Tower Z orientation angle, node 10, rad
         64    9.861E-01,  1.664E-02, -1.653E-01         F               0         Tower X orientation angle, node 11, rad
         65   -1.021E-02,  9.992E-01,  3.968E-02         F               0         Tower Y orientation angle, node 11, rad
         66    1.658E-01, -3.744E-02,  9.854E-01         F               0         Tower Z orientation angle, node 11, rad
         67    8.389E-04                                 F               0         Tower X translation velocity, node 1, m/s
         68   -6.632E-03                                 F               0         Tower Y translation velocity, node 1, m/s
         69    3.690E-03                                 F               0         Tower Z translation velocity, node 1, m/s
         70    1.360E-03                                 F               0         Tower X translation velocity, node 2, m/s
         71   -1.184E-02                                 F               0         Tower Y translation velocity, node 2, m/s
         72    3.418E-03                                 F               0         Tower Z translation velocity, node 2, m/s
         73    1.824E-03                                 F               0         Tower X translation velocity, node 3, m/s
         74   -1.718E-02                                 F               0         Tower Y translation velocity, node 3, m/s
         75    3.147E-03                                 F               0         Tower Z translation velocity, node 3, m/s
         76    2.248E-03                                 F               0         Tower X translation velocity, node 4, m/s
         77   -2.263E-02                                 F               0         Tower Y translation velocity, node 4, m/s
         78    2.876E-03                                 F               0         Tower Z translation velocity, node 4, m/s
         79    2.643E-03                                 F               0         Tower X translation velocity, node 5, m/s
         80   -2.817E-02                                 F               0         Tower Y translation velocity, node 5, m/s
         81    2.605E-03                                 F               0         Tower Z translation velocity, node 5, m/s
         82    3.018E-03                                 F               0         Tower X translation velocity, node 6, m/s
         83   -3.379E-02                                 F               0         Tower Y translation velocity, node 6, m/s
         84    2.332E-03                                 F               0         Tower Z translation velocity, node 6, m/s
         85    3.383E-03                                 F               0         Tower X translation velocity, node 7, m/s
         86   -3.947E-02                                 F               0         Tower Y translation velocity, node 7, m/s
         87    2.057E-03                                 F               0         Tower Z translation velocity, node 7, m/s
         88    3.742E-03                                 F               0         Tower X translation velocity, node 8, m/s
         89   -4.521E-02                                 F               0         Tower Y translation velocity, node 8, m/s
         90    1.781E-03                                 F               0         Tower Z translation velocity, node 8, m/s
         91    4.100E-03                                 F               0         Tower X translation velocity, node 9, m/s
         92   -5.100E-02                                 F               0         Tower Y translation velocity, node 9, m/s
         93    1.501E-03                                 F               0         Tower Z translation velocity, node 9, m/s
         94    4.459E-03                                 F               0         Tower X translation velocity, node 10, m/s
         95   -5.681E-02                                 F               0         Tower Y translation velocity, node 10, m/s
         96    1.220E-03                                 F               0         Tower Z translation velocity, node 10, m/s
         97    4.820E-03                                 F               0         Tower X translation velocity, node 11, m/s
         98   -6.265E-02                                 F               0         Tower Y translation velocity, node 11, m/s
         99    9.380E-04                                 F               0         Tower Z translation velocity, node 11, m/s
        100    3.656E+01                                 F               0         Hub X translation displacement, node 1, m
        101   -5.906E+00                                 F               0         Hub Y translation displacement, node 1, m
        102   -4.787E-01                                 F               0         Hub Z translation displacement, node 1, m
        103    9.634E-01,  2.046E-02, -2.674E-01         F               0         Hub X orientation angle, node 1, rad
        104    2.446E-01,  3.415E-01,  9.075E-01         F               0         Hub Y orientation angle, node 1, rad
        105    1.099E-01, -9.396E-01,  3.240E-01         F               0         Hub Z orientation angle, node 1, rad
        106    1.004E+00                                 F               0         Hub X rotation velocity, node 1, rad/s
        107    2.135E-02                                 F               0         Hub Y rotation velocity, node 1, rad/s
        108   -2.787E-01                                 F               0         Hub Z rotation velocity, node 1, rad/s
        109    9.557E-01,  1.032E-02, -2.942E-01         F               0         Blade root 1 X orientation angle, node 1, rad
        110    2.731E-01,  3.420E-01,  8.991E-01         F               0         Blade root 1 Y orientation angle, node 1, rad
        111    1.099E-01, -9.396E-01,  3.240E-01         F               0         Blade root 1 Z orientation angle, node 1, rad
        112    9.637E-01,  4.966E-02, -2.622E-01         F               0         Blade root 2 X orientation angle, node 1, rad
        113    1.448E-03, -9.835E-01, -1.810E-01         F               0         Blade root 2 Y orientation angle, node 1, rad
        114   -2.668E-01,  1.740E-01, -9.479E-01         F               0         Blade root 2 Z orientation angle, node 1, rad
        115    9.694E-01,  1.381E-03, -2.455E-01         F               0         Blade root 3 X orientation angle, node 1, rad
        116   -1.888E-01,  6.433E-01, -7.420E-01         F               0         Blade root 3 Y orientation angle, node 1, rad
        117    1.569E-01,  7.656E-01,  6.239E-01         F               0         Blade root 3 Z orientation angle, node 1, rad
        118    3.659E+01                                 F               0         Blade 1 X translation displacement, node 1, m
        119   -1.111E+01                                 F               0         Blade 1 Y translation displacement, node 1, m
        120   -4.193E+00                                 F               0         Blade 1 Z translation displacement, node 1, m
        121    3.660E+01                                 F               0         Blade 1 X translation displacement, node 2, m
        122   -1.237E+01                                 F               0         Blade 1 Y translation displacement, node 2, m
        123   -5.088E+00                                 F               0         Blade 1 Z translation displacement, node 2, m
        124    3.669E+01                                 F               0         Blade 1 X translation displacement, node 3, m
        125   -2.942E+01                                 F               0         Blade 1 Y translation displacement, node 3, m
        126   -1.726E+01                                 F               0         Blade 1 Z translation displacement, node 3, m
        127    3.671E+01                                 F               0         Blade 1 X translation displacement, node 4, m
        128   -3.306E+01                                 F               0         Blade 1 Y translation displacement, node 4, m
        129   -1.985E+01                                 F               0         Blade 1 Z translation displacement, node 4, m
        130    3.673E+01                                 F               0         Blade 1 X translation displacement, node 5, m
        131   -3.669E+01                                 F               0         Blade 1 Y translation displacement, node 5, m
        132   -2.245E+01                                 F               0         Blade 1 Z translation displacement, node 5, m
        133    3.676E+01                                 F               0         Blade 1 X translation displacement, node 6, m
        134   -4.033E+01                                 F               0         Blade 1 Y translation displacement, node 6, m
        135   -2.504E+01                                 F               0         Blade 1 Z translation displacement, node 6, m
        136    3.678E+01                                 F               0         Blade 1 X translation displacement, node 7, m
        137   -4.396E+01                                 F               0         Blade 1 Y translation displacement, node 7, m
        138   -2.763E+01                                 F               0         Blade 1 Z translation displacement, node 7, m
        139    3.680E+01                                 F               0         Blade 1 X translation displacement, node 8, m
        140   -4.759E+01                                 F               0         Blade 1 Y translation displacement, node 8, m
        141   -3.023E+01                                 F               0         Blade 1 Z translation displacement, node 8, m
        142    3.682E+01                                 F               0         Blade 1 X translation displacement, node 9, m
        143   -5.123E+01                                 F               0         Blade 1 Y translation displacement, node 9, m
        144   -3.282E+01                                 F               0         Blade 1 Z translation displacement, node 9, m
        145    3.684E+01                                 F               0         Blade 1 X translation displacement, node 10, m
        146   -5.486E+01                                 F               0         Blade 1 Y translation displacement, node 10, m
        147   -3.541E+01                                 F               0         Blade 1 Z translation displacement, node 10, m
        148    3.686E+01                                 F               0         Blade 1 X translation displacement, node 11, m
        149   -5.850E+01                                 F               0         Blade 1 Y translation displacement, node 11, m
        150   -3.801E+01                                 F               0         Blade 1 Z translation displacement, node 11, m
        151    3.688E+01                                 F               0         Blade 1 X translation displacement, node 12, m
        152   -6.213E+01                                 F               0         Blade 1 Y translation displacement, node 12, m
        153   -4.060E+01                                 F               0         Blade 1 Z translation displacement, node 12, m
        154    3.690E+01                                 F               0         Blade 1 X translation displacement, node 13, m
        155   -6.577E+01                                 F               0         Blade 1 Y translation displacement, node 13, m
        156   -4.319E+01                                 F               0         Blade 1 Z translation displacement, node 13, m
        157    3.692E+01                                 F               0         Blade 1 X translation displacement, node 14, m
        158   -6.940E+01                                 F               0         Blade 1 Y translation displacement, node 14, m
        159   -4.579E+01                                 F               0         Blade 1 Z translation displacement, node 14, m
        160    3.694E+01                                 F               0         Blade 1 X translation displacement, node 15, m
        161   -7.303E+01                                 F               0         Blade 1 Y translation displacement, node 15, m
        162   -4.838E+01                                 F               0         Blade 1 Z translation displacement, node 15, m
        163    3.696E+01                                 F               0         Blade 1 X translation displacement, node 16, m
        164   -7.667E+01                                 F               0         Blade 1 Y translation displacement, node 16, m
        165   -5.097E+01                                 F               0         Blade 1 Z translation displacement, node 16, m
        166    3.698E+01                                 F               0         Blade 1 X translation displacement, node 17, m
        167   -8.030E+01                                 F               0         Blade 1 Y translation displacement, node 17, m
        168   -5.357E+01                                 F               0         Blade 1 Z translation displacement, node 17, m
        169    3.700E+01                                 F               0         Blade 1 X translation displacement, node 18, m
        170   -8.394E+01                                 F               0         Blade 1 Y translation displacement, node 18, m
        171   -5.616E+01                                 F               0         Blade 1 Z translation displacement, node 18, m
        172    3.703E+01                                 F               0         Blade 1 X translation displacement, node 19, m
        173   -8.757E+01                                 F               0         Blade 1 Y translation displacement, node 19, m
        174   -5.875E+01                                 F               0         Blade 1 Z translation displacement, node 19, m
        175    3.705E+01                                 F               0         Blade 1 X translation displacement, node 20, m
        176   -9.121E+01                                 F               0         Blade 1 Y translation displacement, node 20, m
        177   -6.135E+01                                 F               0         Blade 1 Z translation displacement, node 20, m
        178    3.707E+01                                 F               0         Blade 1 X translation displacement, node 21, m
        179   -9.484E+01                                 F               0         Blade 1 Y translation displacement, node 21, m
        180   -6.394E+01                                 F               0         Blade 1 Z translation displacement, node 21, m
        181    3.709E+01                                 F               0         Blade 1 X translation displacement, node 22, m
        182   -9.847E+01                                 F               0         Blade 1 Y translation displacement, node 22, m
        183   -6.653E+01                                 F               0         Blade 1 Z translation displacement, node 22, m
        184    3.711E+01                                 F               0         Blade 1 X translation displacement, node 23, m
        185   -1.021E+02                                 F               0         Blade 1 Y translation displacement, node 23, m
        186   -6.913E+01                                 F               0         Blade 1 Z translation displacement, node 23, m
        187    3.713E+01                                 F               0         Blade 1 X translation displacement, node 24, m
        188   -1.057E+02                                 F               0         Blade 1 Y translation displacement, node 24, m
        189   -7.172E+01                                 F               0         Blade 1 Z translation displacement, node 24, m
        190    3.715E+01                                 F               0         Blade 1 X translation displacement, node 25, m
        191   -1.094E+02                                 F               0         Blade 1 Y translation displacement, node 25, m
        192   -7.431E+01                                 F               0         Blade 1 Z translation displacement, node 25, m
        193    3.717E+01                                 F               0         Blade 1 X translation displacement, node 26, m
        194   -1.130E+02                                 F               0         Blade 1 Y translation displacement, node 26, m
        195   -7.691E+01                                 F               0         Blade 1 Z translation displacement, node 26, m
        196    3.719E+01                                 F               0         Blade 1 X translation displacement, node 27, m
        197   -1.166E+02                                 F               0         Blade 1 Y translation displacement, node 27, m
        198   -7.950E+01                                 F               0         Blade 1 Z translation displacement, node 27, m
        199    3.721E+01                                 F               0         Blade 1 X translation displacement, node 28, m
        200   -1.197E+02                                 F               0         Blade 1 Y translation displacement, node 28, m
        201   -8.170E+01                                 F               0         Blade 1 Z translation displacement, node 28, m
        202    7.260E-01, -1.468E-01, -6.719E-01         F               0         Blade 1 X orientation angle, node 1, rad
        203    6.789E-01,  3.091E-01,  6.660E-01         F               0         Blade 1 Y orientation angle, node 1, rad
        204    1.099E-01, -9.396E-01,  3.240E-01         F               0         Blade 1 Z orientation angle, node 1, rad
        205    7.260E-01, -1.468E-01, -6.719E-01         F               0         Blade 1 X orientation angle, node 2, rad
        206    6.789E-01,  3.091E-01,  6.660E-01         F               0         Blade 1 Y orientation angle, node 2, rad
        207    1.099E-01, -9.396E-01,  3.240E-01         F               0         Blade 1 Z orientation angle, node 2, rad
        208    8.662E-01, -6.933E-02, -4.949E-01         F               0         Blade 1 X orientation angle, node 3, rad
        209    4.875E-01,  3.351E-01,  8.063E-01         F               0         Blade 1 Y orientation angle, node 3, rad
        210    1.099E-01, -9.396E-01,  3.240E-01         F               0         Blade 1 Z orientation angle, node 3, rad
        211    8.860E-01, -5.512E-02, -4.604E-01         F               0         Blade 1 X orientation angle, node 4, rad
        212    4.505E-01,  3.377E-01,  8.265E-01         F               0         Blade 1 Y orientation angle, node 4, rad
        213    1.099E-01, -9.396E-01,  3.240E-01         F               0         Blade 1 Z orientation angle, node 4, rad
        214    9.005E-01, -4.390E-02, -4.327E-01         F               0         Blade 1 X orientation angle, node 5, rad
        215    4.208E-01,  3.393E-01,  8.413E-01         F               0         Blade 1 Y orientation angle, node 5, rad
        216    1.099E-01, -9.396E-01,  3.240E-01         F               0         Blade 1 Z orientation angle, node 5, rad
        217    9.113E-01, -3.488E-02, -4.103E-01         F               0         Blade 1 X orientation angle, node 6, rad
        218    3.968E-01,  3.404E-01,  8.525E-01         F               0         Blade 1 Y orientation angle, node 6, rad
        219    1.099E-01, -9.396E-01,  3.240E-01         F               0         Blade 1 Z orientation angle, node 6, rad
        220    9.197E-01, -2.745E-02, -3.916E-01         F               0         Blade 1 X orientation angle, node 7, rad
        221    3.768E-01,  3.411E-01,  8.612E-01         F               0         Blade 1 Y orientation angle, node 7, rad
        222    1.099E-01, -9.396E-01,  3.240E-01         F               0         Blade 1 Z orientation angle, node 7, rad
        223    9.264E-01, -2.125E-02, -3.759E-01         F               0         Blade 1 X orientation angle, node 8, rad
        224    3.601E-01,  3.415E-01,  8.682E-01         F               0         Blade 1 Y orientation angle, node 8, rad
        225    1.099E-01, -9.396E-01,  3.240E-01         F               0         Blade 1 Z orientation angle, node 8, rad
        226    9.319E-01, -1.600E-02, -3.625E-01         F               0         Blade 1 X orientation angle, node 9, rad
        227    3.458E-01,  3.418E-01,  8.738E-01         F               0         Blade 1 Y orientation angle, node 9, rad
        228    1.099E-01, -9.396E-01,  3.240E-01         F               0         Blade 1 Z orientation angle, node 9, rad
        229    9.364E-01, -1.147E-02, -3.509E-01         F               0         Blade 1 X orientation angle, node 10, rad
        230    3.334E-01,  3.420E-01,  8.786E-01         F               0         Blade 1 Y orientation angle, node 10, rad
        231    1.099E-01, -9.396E-01,  3.240E-01         F               0         Blade 1 Z orientation angle, node 10, rad
        232    9.401E-01, -7.589E-03, -3.409E-01         F               0         Blade 1 X orientation angle, node 11, rad
        233    3.228E-01,  3.421E-01,  8.825E-01         F               0         Blade 1 Y orientation angle, node 11, rad
        234    1.099E-01, -9.396E-01,  3.240E-01         F               0         Blade 1 Z orientation angle, node 11, rad
        235    9.432E-01, -4.186E-03, -3.321E-01         F               0         Blade 1 X orientation angle, node 12, rad
        236    3.134E-01,  3.421E-01,  8.859E-01         F               0         Blade 1 Y orientation angle, node 12, rad
        237    1.099E-01, -9.396E-01,  3.240E-01         F               0         Blade 1 Z orientation angle, node 12, rad
        238    9.459E-01, -1.200E-03, -3.243E-01         F               0         Blade 1 X orientation angle, node 13, rad
        239    3.052E-01,  3.422E-01,  8.887E-01         F               0         Blade 1 Y orientation angle, node 13, rad
        240    1.099E-01, -9.396E-01,  3.240E-01         F               0         Blade 1 Z orientation angle, node 13, rad
        241    9.483E-01,  1.487E-03, -3.173E-01         F               0         Blade 1 X orientation angle, node 14, rad
        242    2.977E-01,  3.422E-01,  8.912E-01         F               0         Blade 1 Y orientation angle, node 14, rad
        243    1.099E-01, -9.396E-01,  3.240E-01         F               0         Blade 1 Z orientation angle, node 14, rad
        244    9.504E-01,  3.876E-03, -3.111E-01         F               0         Blade 1 X orientation angle, node 15, rad
        245    2.911E-01,  3.421E-01,  8.934E-01         F               0         Blade 1 Y orientation angle, node 15, rad
        246    1.099E-01, -9.396E-01,  3.240E-01         F               0         Blade 1 Z orientation angle, node 15, rad
        247    9.522E-01,  6.025E-03, -3.055E-01         F               0         Blade 1 X orientation angle, node 16, rad
        248    2.851E-01,  3.421E-01,  8.954E-01         F               0         Blade 1 Y orientation angle, node 16, rad
        249    1.099E-01, -9.396E-01,  3.240E-01         F               0         Blade 1 Z orientation angle, node 16, rad
        250    9.538E-01,  7.936E-03, -3.005E-01         F               0         Blade 1 X orientation angle, node 17, rad
        251    2.798E-01,  3.421E-01,  8.971E-01         F               0         Blade 1 Y orientation angle, node 17, rad
        252    1.099E-01, -9.396E-01,  3.240E-01         F               0         Blade 1 Z orientation angle, node 17, rad
        253    9.552E-01,  9.727E-03, -2.958E-01         F               0         Blade 1 X orientation angle, node 18, rad
        254    2.748E-01,  3.420E-01,  8.986E-01         F               0         Blade 1 Y orientation angle, node 18, rad
        255    1.099E-01, -9.396E-01,  3.240E-01         F               0         Blade 1 Z orientation angle, node 18, rad
        256    9.565E-01,  1.134E-02, -2.916E-01         F               0         Blade 1 X orientation angle, node 19, rad
        257    2.703E-01,  3.420E-01,  9.000E-01         F               0         Blade 1 Y orientation angle, node 19, rad
        258    1.099E-01, -9.396E-01,  3.240E-01         F               0         Blade 1 Z orientation angle, node 19, rad
        259    9.576E-01,  1.277E-02, -2.878E-01         F               0         Blade 1 X orientation angle, node 20, rad
        260    2.663E-01,  3.419E-01,  9.012E-01         F               0         Blade 1 Y orientation angle, node 20, rad
        261    1.099E-01, -9.396E-01,  3.240E-01         F               0         Blade 1 Z orientation angle, node 20, rad
        262    9.587E-01,  1.414E-02, -2.842E-01         F               0         Blade 1 X orientation angle, node 21, rad
        263    2.624E-01,  3.419E-01,  9.024E-01         F               0         Blade 1 Y orientation angle, node 21, rad
        264    1.099E-01, -9.396E-01,  3.240E-01         F               0         Blade 1 Z orientation angle, node 21, rad
        265    9.596E-01,  1.540E-02, -2.809E-01         F               0         Blade 1 X orientation angle, node 22, rad
        266    2.589E-01,  3.418E-01,  9.034E-01         F               0         Blade 1 Y orientation angle, node 22, rad
        267    1.099E-01, -9.396E-01,  3.240E-01         F               0         Blade 1 Z orientation angle, node 22, rad
        268    9.605E-01,  1.653E-02, -2.779E-01         F               0         Blade 1 X orientation angle, node 23, rad
        269    2.557E-01,  3.418E-01,  9.043E-01         F               0         Blade 1 Y orientation angle, node 23, rad
        270    1.099E-01, -9.396E-01,  3.240E-01         F               0         Blade 1 Z orientation angle, node 23, rad
        271    9.613E-01,  1.760E-02, -2.750E-01         F               0         Blade 1 X orientation angle, node 24, rad
        272    2.527E-01,  3.417E-01,  9.052E-01         F               0         Blade 1 Y orientation angle, node 24, rad
        273    1.099E-01, -9.396E-01,  3.240E-01         F               0         Blade 1 Z orientation angle, node 24, rad
        274    9.620E-01,  1.862E-02, -2.723E-01         F               0         Blade 1 X orientation angle, node 25, rad
        275    2.499E-01,  3.416E-01,  9.060E-01         F               0         Blade 1 Y orientation angle, node 25, rad
        276    1.099E-01, -9.396E-01,  3.240E-01         F               0         Blade 1 Z orientation angle, node 25, rad
        277    9.627E-01,  1.951E-02, -2.700E-01         F               0         Blade 1 X orientation angle, node 26, rad
        278    2.473E-01,  3.416E-01,  9.067E-01         F               0         Blade 1 Y orientation angle, node 26, rad
        279    1.099E-01, -9.396E-01,  3.240E-01         F               0         Blade 1 Z orientation angle, node 26, rad
        280    9.633E-01,  2.041E-02, -2.676E-01         F               0         Blade 1 X orientation angle, node 27, rad
        281    2.448E-01,  3.415E-01,  9.074E-01         F               0         Blade 1 Y orientation angle, node 27, rad
        282    1.099E-01, -9.396E-01,  3.240E-01         F               0         Blade 1 Z orientation angle, node 27, rad
        283    9.637E-01,  2.088E-02, -2.663E-01         F               0         Blade 1 X orientation angle, node 28, rad
        284    2.435E-01,  3.415E-01,  9.078E-01         F               0         Blade 1 Y orientation angle, node 28, rad
        285    1.099E-01, -9.396E-01,  3.240E-01         F               0         Blade 1 Z orientation angle, node 28, rad
        286   -1.407E+00                                 F               0         Blade 1 X translation velocity, node 1, m/s
        287   -2.036E+00                                 F               0         Blade 1 Y translation velocity, node 1, m/s
        288   -5.236E+00                                 F               0         Blade 1 Z translation velocity, node 1, m/s
        289   -1.748E+00                                 F               0         Blade 1 X translation velocity, node 2, m/s
        290   -2.511E+00                                 F               0         Blade 1 Y translation velocity, node 2, m/s
        291   -6.498E+00                                 F               0         Blade 1 Z translation velocity, node 2, m/s
        292   -6.376E+00                                 F               0         Blade 1 X translation velocity, node 3, m/s
        293   -8.969E+00                                 F               0         Blade 1 Y translation velocity, node 3, m/s
        294   -2.366E+01                                 F               0         Blade 1 Z translation velocity, node 3, m/s
        295   -7.362E+00                                 F               0         Blade 1 X translation velocity, node 4, m/s
        296   -1.035E+01                                 F               0         Blade 1 Y translation velocity, node 4, m/s
        297   -2.731E+01                                 F               0         Blade 1 Z translation velocity, node 4, m/s
        298   -8.348E+00                                 F               0         Blade 1 X translation velocity, node 5, m/s
        299   -1.172E+01                                 F               0         Blade 1 Y translation velocity, node 5, m/s
        300   -3.097E+01                                 F               0         Blade 1 Z translation velocity, node 5, m/s
        301   -9.335E+00                                 F               0         Blade 1 X translation velocity, node 6, m/s
        302   -1.310E+01                                 F               0         Blade 1 Y translation velocity, node 6, m/s
        303   -3.463E+01                                 F               0         Blade 1 Z translation velocity, node 6, m/s
        304   -1.032E+01                                 F               0         Blade 1 X translation velocity, node 7, m/s
        305   -1.447E+01                                 F               0         Blade 1 Y translation velocity, node 7, m/s
        306   -3.828E+01                                 F               0         Blade 1 Z translation velocity, node 7, m/s
        307   -1.131E+01                                 F               0         Blade 1 X translation velocity, node 8, m/s
