
Linearized model: Predictions were generated on 06-Feb-2024 at 08:44:08 using OpenFAST, compiled as a 64-bit application using single precision at commit v3.5.1
 linked with  NWTC Subroutine Library; ElastoDyn; InflowWind; AeroDyn; ServoDyn; HydroDyn; MAP++ (<1.20.10>, <Oct-20-2023>)

Description from the FAST input file: CCT-9 Campign 4 model. Input files to be run with OpenFAST 3.5.0. GitHub branch from Lu Wang (https://github.com/luwang00/openfast/tree/dev) compiled on March 7, 2023.

Simulation information:
   Simulation time:                  2505.1750 s
   Rotor Speed:                         0.8852 rad/s
   Azimuth:                             1.4504 rad
   Wind Speed:                         10.0000 m/s
   Number of continuous states:         0
   Number of discrete states:           0
   Number of constraint states:         0
   Number of inputs:                 1746
   Number of outputs:                   4
   Jacobians included in this file?    No

Order of inputs:
     Column   Operating Point                     Rotating Frame? Derivative Order Description
   ---------- ---------------                     --------------- ---------------- -----------
          1    1.391E+01                                 F               0         Tower X translation displacement, node 1, m
          2    8.149E-02                                 F               0         Tower Y translation displacement, node 1, m
          3   -1.832E-01                                 F               0         Tower Z translation displacement, node 1, m
          4    1.488E+01                                 F               0         Tower X translation displacement, node 2, m
          5    1.192E-01                                 F               0         Tower Y translation displacement, node 2, m
          6   -2.218E-01                                 F               0         Tower Z translation displacement, node 2, m
          7    1.588E+01                                 F               0         Tower X translation displacement, node 3, m
          8    1.575E-01                                 F               0         Tower Y translation displacement, node 3, m
          9   -2.620E-01                                 F               0         Tower Z translation displacement, node 3, m
         10    1.689E+01                                 F               0         Tower X translation displacement, node 4, m
         11    1.963E-01                                 F               0         Tower Y translation displacement, node 4, m
         12   -3.035E-01                                 F               0         Tower Z translation displacement, node 4, m
         13    1.791E+01                                 F               0         Tower X translation displacement, node 5, m
         14    2.356E-01                                 F               0         Tower Y translation displacement, node 5, m
         15   -3.460E-01                                 F               0         Tower Z translation displacement, node 5, m
         16    1.894E+01                                 F               0         Tower X translation displacement, node 6, m
         17    2.752E-01                                 F               0         Tower Y translation displacement, node 6, m
         18   -3.893E-01                                 F               0         Tower Z translation displacement, node 6, m
         19    1.998E+01                                 F               0         Tower X translation displacement, node 7, m
         20    3.151E-01                                 F               0         Tower Y translation displacement, node 7, m
         21   -4.332E-01                                 F               0         Tower Z translation displacement, node 7, m
         22    2.103E+01                                 F               0         Tower X translation displacement, node 8, m
         23    3.552E-01                                 F               0         Tower Y translation displacement, node 8, m
         24   -4.776E-01                                 F               0         Tower Z translation displacement, node 8, m
         25    2.208E+01                                 F               0         Tower X translation displacement, node 9, m
         26    3.955E-01                                 F               0         Tower Y translation displacement, node 9, m
         27   -5.224E-01                                 F               0         Tower Z translation displacement, node 9, m
         28    2.313E+01                                 F               0         Tower X translation displacement, node 10, m
         29    4.359E-01                                 F               0         Tower Y translation displacement, node 10, m
         30   -5.674E-01                                 F               0         Tower Z translation displacement, node 10, m
         31    2.419E+01                                 F               0         Tower X translation displacement, node 11, m
         32    4.764E-01                                 F               0         Tower Y translation displacement, node 11, m
         33   -6.125E-01                                 F               0         Tower Z translation displacement, node 11, m
         34    9.969E-01,  1.287E-03, -7.829E-02         F               0         Tower X orientation angle, node 1, rad
         35   -1.520E-03,  1.000E+00, -2.922E-03         F               0         Tower Y orientation angle, node 1, rad
         36    7.829E-02,  3.032E-03,  9.969E-01         F               0         Tower Z orientation angle, node 1, rad
         37    9.968E-01,  1.282E-03, -7.982E-02         F               0         Tower X orientation angle, node 2, rad
         38   -1.524E-03,  1.000E+00, -2.967E-03         F               0         Tower Y orientation angle, node 2, rad
         39    7.982E-02,  3.079E-03,  9.968E-01         F               0         Tower Z orientation angle, node 2, rad
         40    9.967E-01,  1.278E-03, -8.116E-02         F               0         Tower X orientation angle, node 3, rad
         41   -1.527E-03,  1.000E+00, -3.008E-03         F               0         Tower Y orientation angle, node 3, rad
         42    8.116E-02,  3.122E-03,  9.967E-01         F               0         Tower Z orientation angle, node 3, rad
         43    9.966E-01,  1.275E-03, -8.228E-02         F               0         Tower X orientation angle, node 4, rad
         44   -1.530E-03,  1.000E+00, -3.043E-03         F               0         Tower Y orientation angle, node 4, rad
         45    8.228E-02,  3.159E-03,  9.966E-01         F               0         Tower Z orientation angle, node 4, rad
         46    9.965E-01,  1.272E-03, -8.320E-02         F               0         Tower X orientation angle, node 5, rad
         47   -1.533E-03,  1.000E+00, -3.074E-03         F               0         Tower Y orientation angle, node 5, rad
         48    8.319E-02,  3.190E-03,  9.965E-01         F               0         Tower Z orientation angle, node 5, rad
         49    9.965E-01,  1.269E-03, -8.392E-02         F               0         Tower X orientation angle, node 6, rad
         50   -1.535E-03,  1.000E+00, -3.099E-03         F               0         Tower Y orientation angle, node 6, rad
         51    8.391E-02,  3.217E-03,  9.965E-01         F               0         Tower Z orientation angle, node 6, rad
         52    9.964E-01,  1.268E-03, -8.445E-02         F               0         Tower X orientation angle, node 7, rad
         53   -1.537E-03,  1.000E+00, -3.120E-03         F               0         Tower Y orientation angle, node 7, rad
         54    8.445E-02,  3.238E-03,  9.964E-01         F               0         Tower Z orientation angle, node 7, rad
         55    9.964E-01,  1.266E-03, -8.483E-02         F               0         Tower X orientation angle, node 8, rad
         56   -1.538E-03,  1.000E+00, -3.136E-03         F               0         Tower Y orientation angle, node 8, rad
         57    8.483E-02,  3.255E-03,  9.964E-01         F               0         Tower Z orientation angle, node 8, rad
         58    9.964E-01,  1.266E-03, -8.509E-02         F               0         Tower X orientation angle, node 9, rad
         59   -1.539E-03,  1.000E+00, -3.148E-03         F               0         Tower Y orientation angle, node 9, rad
         60    8.509E-02,  3.267E-03,  9.964E-01         F               0         Tower Z orientation angle, node 9, rad
         61    9.964E-01,  1.265E-03, -8.525E-02         F               0         Tower X orientation angle, node 10, rad
         62   -1.540E-03,  1.000E+00, -3.156E-03         F               0         Tower Y orientation angle, node 10, rad
         63    8.524E-02,  3.275E-03,  9.964E-01         F               0         Tower Z orientation angle, node 10, rad
         64    9.964E-01,  1.265E-03, -8.532E-02         F               0         Tower X orientation angle, node 11, rad
         65   -1.540E-03,  1.000E+00, -3.160E-03         F               0         Tower Y orientation angle, node 11, rad
         66    8.532E-02,  3.280E-03,  9.963E-01         F               0         Tower Z orientation angle, node 11, rad
         67    3.981E-04                                 F               0         Tower X translation velocity, node 1, m/s
         68    4.631E-03                                 F               0         Tower Y translation velocity, node 1, m/s
         69   -2.815E-04                                 F               0         Tower Z translation velocity, node 1, m/s
         70    5.332E-04                                 F               0         Tower X translation velocity, node 2, m/s
         71    7.342E-03                                 F               0         Tower Y translation velocity, node 2, m/s
         72   -3.005E-04                                 F               0         Tower Z translation velocity, node 2, m/s
         73    6.591E-04                                 F               0         Tower X translation velocity, node 3, m/s
         74    1.012E-02                                 F               0         Tower Y translation velocity, node 3, m/s
         75   -3.193E-04                                 F               0         Tower Z translation velocity, node 3, m/s
         76    7.781E-04                                 F               0         Tower X translation velocity, node 4, m/s
         77    1.294E-02                                 F               0         Tower Y translation velocity, node 4, m/s
         78   -3.380E-04                                 F               0         Tower Z translation velocity, node 4, m/s
         79    8.913E-04                                 F               0         Tower X translation velocity, node 5, m/s
         80    1.581E-02                                 F               0         Tower Y translation velocity, node 5, m/s
         81   -3.565E-04                                 F               0         Tower Z translation velocity, node 5, m/s
         82    9.998E-04                                 F               0         Tower X translation velocity, node 6, m/s
         83    1.871E-02                                 F               0         Tower Y translation velocity, node 6, m/s
         84   -3.749E-04                                 F               0         Tower Z translation velocity, node 6, m/s
         85    1.105E-03                                 F               0         Tower X translation velocity, node 7, m/s
         86    2.164E-02                                 F               0         Tower Y translation velocity, node 7, m/s
         87   -3.933E-04                                 F               0         Tower Z translation velocity, node 7, m/s
         88    1.207E-03                                 F               0         Tower X translation velocity, node 8, m/s
         89    2.459E-02                                 F               0         Tower Y translation velocity, node 8, m/s
         90   -4.116E-04                                 F               0         Tower Z translation velocity, node 8, m/s
         91    1.307E-03                                 F               0         Tower X translation velocity, node 9, m/s
         92    2.755E-02                                 F               0         Tower Y translation velocity, node 9, m/s
         93   -4.298E-04                                 F               0         Tower Z translation velocity, node 9, m/s
         94    1.406E-03                                 F               0         Tower X translation velocity, node 10, m/s
         95    3.053E-02                                 F               0         Tower Y translation velocity, node 10, m/s
         96   -4.481E-04                                 F               0         Tower Z translation velocity, node 10, m/s
         97    1.504E-03                                 F               0         Tower X translation velocity, node 11, m/s
         98    3.352E-02                                 F               0         Tower Y translation velocity, node 11, m/s
         99   -4.663E-04                                 F               0         Tower Z translation velocity, node 11, m/s
        100    2.490E+01                                 F               0         Hub X translation displacement, node 1, m
        101    4.885E-01                                 F               0         Hub Y translation displacement, node 1, m
        102    2.804E-01                                 F               0         Hub Z translation displacement, node 1, m
        103    9.820E-01,  9.150E-04, -1.890E-01         F               0         Hub X orientation angle, node 1, rad
        104    1.874E-01,  1.235E-01,  9.745E-01         F               0         Hub Y orientation angle, node 1, rad
        105    2.422E-02, -9.923E-01,  1.211E-01         F               0         Hub Z orientation angle, node 1, rad
        106    8.690E-01                                 F               0         Hub X rotation velocity, node 1, rad/s
        107    8.177E-04                                 F               0         Hub Y rotation velocity, node 1, rad/s
        108   -1.674E-01                                 F               0         Hub Z rotation velocity, node 1, rad/s
        109    9.760E-01, -2.748E-03, -2.178E-01         F               0         Blade root 1 X orientation angle, node 1, rad
        110    2.165E-01,  1.234E-01,  9.685E-01         F               0         Blade root 1 Y orientation angle, node 1, rad
        111    2.422E-02, -9.923E-01,  1.211E-01         F               0         Blade root 1 Z orientation angle, node 1, rad
        112    9.837E-01,  2.824E-02, -1.776E-01         F               0         Blade root 2 X orientation angle, node 1, rad
        113   -4.358E-02, -9.207E-01, -3.878E-01         F               0         Blade root 2 Y orientation angle, node 1, rad
        114   -1.744E-01,  3.893E-01, -9.045E-01         F               0         Blade root 2 Z orientation angle, node 1, rad
        115    9.849E-01, -2.275E-02, -1.714E-01         F               0         Blade root 3 X orientation angle, node 1, rad
        116   -8.552E-02,  7.973E-01, -5.974E-01         F               0         Blade root 3 Y orientation angle, node 1, rad
        117    1.502E-01,  6.031E-01,  7.834E-01         F               0         Blade root 3 Z orientation angle, node 1, rad
        118    2.445E+01                                 F               0         Blade 1 X translation displacement, node 1, m
        119   -5.009E+00                                 F               0         Blade 1 Y translation displacement, node 1, m
        120   -4.559E+00                                 F               0         Blade 1 Z translation displacement, node 1, m
        121    2.434E+01                                 F               0         Blade 1 X translation displacement, node 2, m
        122   -6.334E+00                                 F               0         Blade 1 Y translation displacement, node 2, m
        123   -5.725E+00                                 F               0         Blade 1 Z translation displacement, node 2, m
        124    2.289E+01                                 F               0         Blade 1 X translation displacement, node 3, m
        125   -2.435E+01                                 F               0         Blade 1 Y translation displacement, node 3, m
        126   -2.158E+01                                 F               0         Blade 1 Z translation displacement, node 3, m
        127    2.257E+01                                 F               0         Blade 1 X translation displacement, node 4, m
        128   -2.819E+01                                 F               0         Blade 1 Y translation displacement, node 4, m
        129   -2.496E+01                                 F               0         Blade 1 Z translation displacement, node 4, m
        130    2.226E+01                                 F               0         Blade 1 X translation displacement, node 5, m
        131   -3.202E+01                                 F               0         Blade 1 Y translation displacement, node 5, m
        132   -2.834E+01                                 F               0         Blade 1 Z translation displacement, node 5, m
        133    2.195E+01                                 F               0         Blade 1 X translation displacement, node 6, m
        134   -3.586E+01                                 F               0         Blade 1 Y translation displacement, node 6, m
        135   -3.172E+01                                 F               0         Blade 1 Z translation displacement, node 6, m
        136    2.164E+01                                 F               0         Blade 1 X translation displacement, node 7, m
        137   -3.970E+01                                 F               0         Blade 1 Y translation displacement, node 7, m
        138   -3.509E+01                                 F               0         Blade 1 Z translation displacement, node 7, m
        139    2.133E+01                                 F               0         Blade 1 X translation displacement, node 8, m
        140   -4.354E+01                                 F               0         Blade 1 Y translation displacement, node 8, m
        141   -3.847E+01                                 F               0         Blade 1 Z translation displacement, node 8, m
        142    2.102E+01                                 F               0         Blade 1 X translation displacement, node 9, m
        143   -4.738E+01                                 F               0         Blade 1 Y translation displacement, node 9, m
        144   -4.185E+01                                 F               0         Blade 1 Z translation displacement, node 9, m
        145    2.071E+01                                 F               0         Blade 1 X translation displacement, node 10, m
        146   -5.121E+01                                 F               0         Blade 1 Y translation displacement, node 10, m
        147   -4.523E+01                                 F               0         Blade 1 Z translation displacement, node 10, m
        148    2.040E+01                                 F               0         Blade 1 X translation displacement, node 11, m
        149   -5.505E+01                                 F               0         Blade 1 Y translation displacement, node 11, m
        150   -4.861E+01                                 F               0         Blade 1 Z translation displacement, node 11, m
        151    2.009E+01                                 F               0         Blade 1 X translation displacement, node 12, m
        152   -5.889E+01                                 F               0         Blade 1 Y translation displacement, node 12, m
        153   -5.199E+01                                 F               0         Blade 1 Z translation displacement, node 12, m
        154    1.978E+01                                 F               0         Blade 1 X translation displacement, node 13, m
        155   -6.273E+01                                 F               0         Blade 1 Y translation displacement, node 13, m
        156   -5.536E+01                                 F               0         Blade 1 Z translation displacement, node 13, m
        157    1.947E+01                                 F               0         Blade 1 X translation displacement, node 14, m
        158   -6.657E+01                                 F               0         Blade 1 Y translation displacement, node 14, m
        159   -5.874E+01                                 F               0         Blade 1 Z translation displacement, node 14, m
        160    1.916E+01                                 F               0         Blade 1 X translation displacement, node 15, m
        161   -7.041E+01                                 F               0         Blade 1 Y translation displacement, node 15, m
        162   -6.212E+01                                 F               0         Blade 1 Z translation displacement, node 15, m
        163    1.885E+01                                 F               0         Blade 1 X translation displacement, node 16, m
        164   -7.424E+01                                 F               0         Blade 1 Y translation displacement, node 16, m
        165   -6.550E+01                                 F               0         Blade 1 Z translation displacement, node 16, m
        166    1.854E+01                                 F               0         Blade 1 X translation displacement, node 17, m
        167   -7.808E+01                                 F               0         Blade 1 Y translation displacement, node 17, m
        168   -6.888E+01                                 F               0         Blade 1 Z translation displacement, node 17, m
        169    1.823E+01                                 F               0         Blade 1 X translation displacement, node 18, m
        170   -8.192E+01                                 F               0         Blade 1 Y translation displacement, node 18, m
        171   -7.225E+01                                 F               0         Blade 1 Z translation displacement, node 18, m
        172    1.792E+01                                 F               0         Blade 1 X translation displacement, node 19, m
        173   -8.576E+01                                 F               0         Blade 1 Y translation displacement, node 19, m
        174   -7.563E+01                                 F               0         Blade 1 Z translation displacement, node 19, m
        175    1.761E+01                                 F               0         Blade 1 X translation displacement, node 20, m
        176   -8.960E+01                                 F               0         Blade 1 Y translation displacement, node 20, m
        177   -7.901E+01                                 F               0         Blade 1 Z translation displacement, node 20, m
        178    1.729E+01                                 F               0         Blade 1 X translation displacement, node 21, m
        179   -9.343E+01                                 F               0         Blade 1 Y translation displacement, node 21, m
        180   -8.239E+01                                 F               0         Blade 1 Z translation displacement, node 21, m
        181    1.698E+01                                 F               0         Blade 1 X translation displacement, node 22, m
        182   -9.727E+01                                 F               0         Blade 1 Y translation displacement, node 22, m
        183   -8.577E+01                                 F               0         Blade 1 Z translation displacement, node 22, m
        184    1.667E+01                                 F               0         Blade 1 X translation displacement, node 23, m
        185   -1.011E+02                                 F               0         Blade 1 Y translation displacement, node 23, m
        186   -8.915E+01                                 F               0         Blade 1 Z translation displacement, node 23, m
        187    1.636E+01                                 F               0         Blade 1 X translation displacement, node 24, m
        188   -1.049E+02                                 F               0         Blade 1 Y translation displacement, node 24, m
        189   -9.252E+01                                 F               0         Blade 1 Z translation displacement, node 24, m
        190    1.605E+01                                 F               0         Blade 1 X translation displacement, node 25, m
        191   -1.088E+02                                 F               0         Blade 1 Y translation displacement, node 25, m
        192   -9.590E+01                                 F               0         Blade 1 Z translation displacement, node 25, m
        193    1.574E+01                                 F               0         Blade 1 X translation displacement, node 26, m
        194   -1.126E+02                                 F               0         Blade 1 Y translation displacement, node 26, m
        195   -9.928E+01                                 F               0         Blade 1 Z translation displacement, node 26, m
        196    1.543E+01                                 F               0         Blade 1 X translation displacement, node 27, m
        197   -1.165E+02                                 F               0         Blade 1 Y translation displacement, node 27, m
        198   -1.027E+02                                 F               0         Blade 1 Z translation displacement, node 27, m
        199    1.517E+01                                 F               0         Blade 1 X translation displacement, node 28, m
        200   -1.197E+02                                 F               0         Blade 1 Y translation displacement, node 28, m
        201   -1.055E+02                                 F               0         Blade 1 Z translation displacement, node 28, m
        202    7.699E-01, -5.873E-02, -6.355E-01         F               0         Blade 1 X orientation angle, node 1, rad
        203    6.377E-01,  1.086E-01,  7.626E-01         F               0         Blade 1 Y orientation angle, node 1, rad
        204    2.422E-02, -9.923E-01,  1.211E-01         F               0         Blade 1 Z orientation angle, node 1, rad
        205    7.699E-01, -5.873E-02, -6.355E-01         F               0         Blade 1 X orientation angle, node 2, rad
        206    6.377E-01,  1.086E-01,  7.626E-01         F               0         Blade 1 Y orientation angle, node 2, rad
        207    2.422E-02, -9.923E-01,  1.211E-01         F               0         Blade 1 Z orientation angle, node 2, rad
        208    8.991E-01, -3.132E-02, -4.366E-01         F               0         Blade 1 X orientation angle, node 3, rad
        209    4.371E-01,  1.194E-01,  8.915E-01         F               0         Blade 1 Y orientation angle, node 3, rad
        210    2.422E-02, -9.923E-01,  1.211E-01         F               0         Blade 1 Z orientation angle, node 3, rad
        211    9.167E-01, -2.625E-02, -3.986E-01         F               0         Blade 1 X orientation angle, node 4, rad
        212    3.987E-01,  1.206E-01,  9.091E-01         F               0         Blade 1 Y orientation angle, node 4, rad
        213    2.422E-02, -9.923E-01,  1.211E-01         F               0         Blade 1 Z orientation angle, node 4, rad
        214    9.295E-01, -2.223E-02, -3.683E-01         F               0         Blade 1 X orientation angle, node 5, rad
        215    3.681E-01,  1.214E-01,  9.218E-01         F               0         Blade 1 Y orientation angle, node 5, rad
        216    2.422E-02, -9.923E-01,  1.211E-01         F               0         Blade 1 Z orientation angle, node 5, rad
        217    9.389E-01, -1.901E-02, -3.437E-01         F               0         Blade 1 X orientation angle, node 6, rad
        218    3.433E-01,  1.220E-01,  9.313E-01         F               0         Blade 1 Y orientation angle, node 6, rad
        219    2.422E-02, -9.923E-01,  1.211E-01         F               0         Blade 1 Z orientation angle, node 6, rad
        220    9.462E-01, -1.634E-02, -3.233E-01         F               0         Blade 1 X orientation angle, node 7, rad
        221    3.228E-01,  1.224E-01,  9.385E-01         F               0         Blade 1 Y orientation angle, node 7, rad
        222    2.422E-02, -9.923E-01,  1.211E-01         F               0         Blade 1 Z orientation angle, node 7, rad
        223    9.519E-01, -1.412E-02, -3.062E-01         F               0         Blade 1 X orientation angle, node 8, rad
        224    3.056E-01,  1.226E-01,  9.442E-01         F               0         Blade 1 Y orientation angle, node 8, rad
        225    2.422E-02, -9.923E-01,  1.211E-01         F               0         Blade 1 Z orientation angle, node 8, rad
        226    9.564E-01, -1.223E-02, -2.916E-01         F               0         Blade 1 X orientation angle, node 9, rad
        227    2.909E-01,  1.228E-01,  9.488E-01         F               0         Blade 1 Y orientation angle, node 9, rad
        228    2.422E-02, -9.923E-01,  1.211E-01         F               0         Blade 1 Z orientation angle, node 9, rad
        229    9.602E-01, -1.060E-02, -2.790E-01         F               0         Blade 1 X orientation angle, node 10, rad
        230    2.782E-01,  1.230E-01,  9.526E-01         F               0         Blade 1 Y orientation angle, node 10, rad
        231    2.422E-02, -9.923E-01,  1.211E-01         F               0         Blade 1 Z orientation angle, node 10, rad
        232    9.633E-01, -9.204E-03, -2.682E-01         F               0         Blade 1 X orientation angle, node 11, rad
        233    2.673E-01,  1.231E-01,  9.557E-01         F               0         Blade 1 Y orientation angle, node 11, rad
        234    2.422E-02, -9.923E-01,  1.211E-01         F               0         Blade 1 Z orientation angle, node 11, rad
        235    9.659E-01, -7.978E-03, -2.587E-01         F               0         Blade 1 X orientation angle, node 12, rad
        236    2.577E-01,  1.232E-01,  9.583E-01         F               0         Blade 1 Y orientation angle, node 12, rad
        237    2.422E-02, -9.923E-01,  1.211E-01         F               0         Blade 1 Z orientation angle, node 12, rad
        238    9.681E-01, -6.903E-03, -2.503E-01         F               0         Blade 1 X orientation angle, node 13, rad
        239    2.492E-01,  1.233E-01,  9.606E-01         F               0         Blade 1 Y orientation angle, node 13, rad
        240    2.422E-02, -9.923E-01,  1.211E-01         F               0         Blade 1 Z orientation angle, node 13, rad
        241    9.701E-01, -5.935E-03, -2.428E-01         F               0         Blade 1 X orientation angle, node 14, rad
        242    2.416E-01,  1.233E-01,  9.625E-01         F               0         Blade 1 Y orientation angle, node 14, rad
        243    2.422E-02, -9.923E-01,  1.211E-01         F               0         Blade 1 Z orientation angle, node 14, rad
        244    9.717E-01, -5.074E-03, -2.360E-01         F               0         Blade 1 X orientation angle, node 15, rad
        245    2.349E-01,  1.234E-01,  9.642E-01         F               0         Blade 1 Y orientation angle, node 15, rad
        246    2.422E-02, -9.923E-01,  1.211E-01         F               0         Blade 1 Z orientation angle, node 15, rad
        247    9.732E-01, -4.299E-03, -2.300E-01         F               0         Blade 1 X orientation angle, node 16, rad
        248    2.287E-01,  1.234E-01,  9.656E-01         F               0         Blade 1 Y orientation angle, node 16, rad
        249    2.422E-02, -9.923E-01,  1.211E-01         F               0         Blade 1 Z orientation angle, node 16, rad
        250    9.744E-01, -3.609E-03, -2.246E-01         F               0         Blade 1 X orientation angle, node 17, rad
        251    2.233E-01,  1.234E-01,  9.669E-01         F               0         Blade 1 Y orientation angle, node 17, rad
        252    2.422E-02, -9.923E-01,  1.211E-01         F               0         Blade 1 Z orientation angle, node 17, rad
        253    9.756E-01, -2.963E-03, -2.195E-01         F               0         Blade 1 X orientation angle, node 18, rad
        254    2.182E-01,  1.234E-01,  9.681E-01         F               0         Blade 1 Y orientation angle, node 18, rad
        255    2.422E-02, -9.923E-01,  1.211E-01         F               0         Blade 1 Z orientation angle, node 18, rad
        256    9.766E-01, -2.382E-03, -2.150E-01         F               0         Blade 1 X orientation angle, node 19, rad
        257    2.136E-01,  1.234E-01,  9.691E-01         F               0         Blade 1 Y orientation angle, node 19, rad
        258    2.422E-02, -9.923E-01,  1.211E-01         F               0         Blade 1 Z orientation angle, node 19, rad
        259    9.775E-01, -1.865E-03, -2.109E-01         F               0         Blade 1 X orientation angle, node 20, rad
        260    2.095E-01,  1.234E-01,  9.700E-01         F               0         Blade 1 Y orientation angle, node 20, rad
        261    2.422E-02, -9.923E-01,  1.211E-01         F               0         Blade 1 Z orientation angle, node 20, rad
        262    9.783E-01, -1.369E-03, -2.070E-01         F               0         Blade 1 X orientation angle, node 21, rad
        263    2.056E-01,  1.234E-01,  9.708E-01         F               0         Blade 1 Y orientation angle, node 21, rad
        264    2.422E-02, -9.923E-01,  1.211E-01         F               0         Blade 1 Z orientation angle, node 21, rad
        265    9.791E-01, -9.165E-04, -2.034E-01         F               0         Blade 1 X orientation angle, node 22, rad
        266    2.020E-01,  1.235E-01,  9.716E-01         F               0         Blade 1 Y orientation angle, node 22, rad
        267    2.422E-02, -9.923E-01,  1.211E-01         F               0         Blade 1 Z orientation angle, node 22, rad
        268    9.798E-01, -5.071E-04, -2.002E-01         F               0         Blade 1 X orientation angle, node 23, rad
        269    1.987E-01,  1.235E-01,  9.722E-01         F               0         Blade 1 Y orientation angle, node 23, rad
        270    2.422E-02, -9.923E-01,  1.211E-01         F               0         Blade 1 Z orientation angle, node 23, rad
        271    9.804E-01, -1.193E-04, -1.972E-01         F               0         Blade 1 X orientation angle, node 24, rad
        272    1.957E-01,  1.235E-01,  9.729E-01         F               0         Blade 1 Y orientation angle, node 24, rad
        273    2.422E-02, -9.923E-01,  1.211E-01         F               0         Blade 1 Z orientation angle, node 24, rad
        274    9.809E-01,  2.470E-04, -1.943E-01         F               0         Blade 1 X orientation angle, node 25, rad
        275    1.928E-01,  1.235E-01,  9.734E-01         F               0         Blade 1 Y orientation angle, node 25, rad
        276    2.422E-02, -9.923E-01,  1.211E-01         F               0         Blade 1 Z orientation angle, node 25, rad
        277    9.814E-01,  5.703E-04, -1.917E-01         F               0         Blade 1 X orientation angle, node 26, rad
        278    1.902E-01,  1.235E-01,  9.740E-01         F               0         Blade 1 Y orientation angle, node 26, rad
        279    2.422E-02, -9.923E-01,  1.211E-01         F               0         Blade 1 Z orientation angle, node 26, rad
        280    9.819E-01,  8.935E-04, -1.892E-01         F               0         Blade 1 X orientation angle, node 27, rad
        281    1.876E-01,  1.235E-01,  9.745E-01         F               0         Blade 1 Y orientation angle, node 27, rad
        282    2.422E-02, -9.923E-01,  1.211E-01         F               0         Blade 1 Z orientation angle, node 27, rad
        283    9.822E-01,  1.066E-03, -1.878E-01         F               0         Blade 1 X orientation angle, node 28, rad
        284    1.862E-01,  1.235E-01,  9.747E-01         F               0         Blade 1 Y orientation angle, node 28, rad
        285    2.422E-02, -9.923E-01,  1.211E-01         F               0         Blade 1 Z orientation angle, node 28, rad
        286   -9.179E-01                                 F               0         Blade 1 X translation velocity, node 1, m/s
        287   -5.690E-01                                 F               0         Blade 1 Y translation velocity, node 1, m/s
        288   -4.778E+00                                 F               0         Blade 1 Z translation velocity, node 1, m/s
        289   -1.139E+00                                 F               0         Blade 1 X translation velocity, node 2, m/s
        290   -7.148E-01                                 F               0         Blade 1 Y translation velocity, node 2, m/s
        291   -5.929E+00                                 F               0         Blade 1 Z translation velocity, node 2, m/s
        292   -4.152E+00                                 F               0         Blade 1 X translation velocity, node 3, m/s
        293   -2.698E+00                                 F               0         Blade 1 Y translation velocity, node 3, m/s
        294   -2.158E+01                                 F               0         Blade 1 Z translation velocity, node 3, m/s
        295   -4.794E+00                                 F               0         Blade 1 X translation velocity, node 4, m/s
        296   -3.120E+00                                 F               0         Blade 1 Y translation velocity, node 4, m/s
        297   -2.492E+01                                 F               0         Blade 1 Z translation velocity, node 4, m/s
        298   -5.436E+00                                 F               0         Blade 1 X translation velocity, node 5, m/s
        299   -3.543E+00                                 F               0         Blade 1 Y translation velocity, node 5, m/s
        300   -2.825E+01                                 F               0         Blade 1 Z translation velocity, node 5, m/s
        301   -6.078E+00                                 F               0         Blade 1 X translation velocity, node 6, m/s
        302   -3.966E+00                                 F               0         Blade 1 Y translation velocity, node 6, m/s
        303   -3.159E+01                                 F               0         Blade 1 Z translation velocity, node 6, m/s
        304   -6.720E+00                                 F               0         Blade 1 X translation velocity, node 7, m/s
        305   -4.388E+00                                 F               0         Blade 1 Y translation velocity, node 7, m/s
        306   -3.492E+01                                 F               0         Blade 1 Z translation velocity, node 7, m/s
        307   -7.362E+00                                 F               0         Blade 1 X translation velocity, node 8, m/s
