
Linearized model: Predictions were generated on 06-Feb-2024 at 08:44:08 using OpenFAST, compiled as a 64-bit application using single precision at commit v3.5.1
 linked with  NWTC Subroutine Library; ElastoDyn; InflowWind; AeroDyn; ServoDyn; HydroDyn; MAP++ (<1.20.10>, <Oct-20-2023>)

Description from the FAST input file: CCT-9 Campign 4 model. Input files to be run with OpenFAST 3.5.0. GitHub branch from Lu Wang (https://github.com/luwang00/openfast/tree/dev) compiled on March 7, 2023.

Simulation information:
   Simulation time:                  2501.8000 s
   Rotor Speed:                         0.8858 rad/s
   Azimuth:                             4.7452 rad
   Wind Speed:                         10.0000 m/s
   Number of continuous states:         0
   Number of discrete states:           0
   Number of constraint states:         0
   Number of inputs:                 1746
   Number of outputs:                   4
   Jacobians included in this file?    No

Order of inputs:
     Column   Operating Point                     Rotating Frame? Derivative Order Description
   ---------- ---------------                     --------------- ---------------- -----------
          1    1.391E+01                                 F               0         Tower X translation displacement, node 1, m
          2    5.779E-02                                 F               0         Tower Y translation displacement, node 1, m
          3   -1.854E-01                                 F               0         Tower Z translation displacement, node 1, m
          4    1.488E+01                                 F               0         Tower X translation displacement, node 2, m
          5    8.032E-02                                 F               0         Tower Y translation displacement, node 2, m
          6   -2.240E-01                                 F               0         Tower Z translation displacement, node 2, m
          7    1.588E+01                                 F               0         Tower X translation displacement, node 3, m
          8    1.033E-01                                 F               0         Tower Y translation displacement, node 3, m
          9   -2.642E-01                                 F               0         Tower Z translation displacement, node 3, m
         10    1.689E+01                                 F               0         Tower X translation displacement, node 4, m
         11    1.265E-01                                 F               0         Tower Y translation displacement, node 4, m
         12   -3.056E-01                                 F               0         Tower Z translation displacement, node 4, m
         13    1.791E+01                                 F               0         Tower X translation displacement, node 5, m
         14    1.501E-01                                 F               0         Tower Y translation displacement, node 5, m
         15   -3.480E-01                                 F               0         Tower Z translation displacement, node 5, m
         16    1.894E+01                                 F               0         Tower X translation displacement, node 6, m
         17    1.739E-01                                 F               0         Tower Y translation displacement, node 6, m
         18   -3.913E-01                                 F               0         Tower Z translation displacement, node 6, m
         19    1.998E+01                                 F               0         Tower X translation displacement, node 7, m
         20    1.979E-01                                 F               0         Tower Y translation displacement, node 7, m
         21   -4.352E-01                                 F               0         Tower Z translation displacement, node 7, m
         22    2.103E+01                                 F               0         Tower X translation displacement, node 8, m
         23    2.220E-01                                 F               0         Tower Y translation displacement, node 8, m
         24   -4.795E-01                                 F               0         Tower Z translation displacement, node 8, m
         25    2.208E+01                                 F               0         Tower X translation displacement, node 9, m
         26    2.463E-01                                 F               0         Tower Y translation displacement, node 9, m
         27   -5.243E-01                                 F               0         Tower Z translation displacement, node 9, m
         28    2.313E+01                                 F               0         Tower X translation displacement, node 10, m
         29    2.706E-01                                 F               0         Tower Y translation displacement, node 10, m
         30   -5.692E-01                                 F               0         Tower Z translation displacement, node 10, m
         31    2.419E+01                                 F               0         Tower X translation displacement, node 11, m
         32    2.950E-01                                 F               0         Tower Y translation displacement, node 11, m
         33   -6.142E-01                                 F               0         Tower Z translation displacement, node 11, m
         34    9.969E-01,  1.219E-03, -7.828E-02         F               0         Tower X orientation angle, node 1, rad
         35   -1.357E-03,  1.000E+00, -1.710E-03         F               0         Tower Y orientation angle, node 1, rad
         36    7.828E-02,  1.811E-03,  9.969E-01         F               0         Tower Z orientation angle, node 1, rad
         37    9.968E-01,  1.216E-03, -7.982E-02         F               0         Tower X orientation angle, node 2, rad
         38   -1.359E-03,  1.000E+00, -1.739E-03         F               0         Tower Y orientation angle, node 2, rad
         39    7.982E-02,  1.842E-03,  9.968E-01         F               0         Tower Z orientation angle, node 2, rad
         40    9.967E-01,  1.214E-03, -8.116E-02         F               0         Tower X orientation angle, node 3, rad
         41   -1.361E-03,  1.000E+00, -1.765E-03         F               0         Tower Y orientation angle, node 3, rad
         42    8.116E-02,  1.870E-03,  9.967E-01         F               0         Tower Z orientation angle, node 3, rad
         43    9.966E-01,  1.211E-03, -8.228E-02         F               0         Tower X orientation angle, node 4, rad
         44   -1.363E-03,  1.000E+00, -1.788E-03         F               0         Tower Y orientation angle, node 4, rad
         45    8.228E-02,  1.895E-03,  9.966E-01         F               0         Tower Z orientation angle, node 4, rad
         46    9.965E-01,  1.210E-03, -8.319E-02         F               0         Tower X orientation angle, node 5, rad
         47   -1.365E-03,  1.000E+00, -1.808E-03         F               0         Tower Y orientation angle, node 5, rad
         48    8.319E-02,  1.916E-03,  9.965E-01         F               0         Tower Z orientation angle, node 5, rad
         49    9.965E-01,  1.208E-03, -8.392E-02         F               0         Tower X orientation angle, node 6, rad
         50   -1.366E-03,  1.000E+00, -1.825E-03         F               0         Tower Y orientation angle, node 6, rad
         51    8.391E-02,  1.934E-03,  9.965E-01         F               0         Tower Z orientation angle, node 6, rad
         52    9.964E-01,  1.207E-03, -8.445E-02         F               0         Tower X orientation angle, node 7, rad
         53   -1.367E-03,  1.000E+00, -1.839E-03         F               0         Tower Y orientation angle, node 7, rad
         54    8.445E-02,  1.948E-03,  9.964E-01         F               0         Tower Z orientation angle, node 7, rad
         55    9.964E-01,  1.206E-03, -8.483E-02         F               0         Tower X orientation angle, node 8, rad
         56   -1.368E-03,  1.000E+00, -1.850E-03         F               0         Tower Y orientation angle, node 8, rad
         57    8.483E-02,  1.959E-03,  9.964E-01         F               0         Tower Z orientation angle, node 8, rad
         58    9.964E-01,  1.206E-03, -8.509E-02         F               0         Tower X orientation angle, node 9, rad
         59   -1.369E-03,  1.000E+00, -1.858E-03         F               0         Tower Y orientation angle, node 9, rad
         60    8.509E-02,  1.967E-03,  9.964E-01         F               0         Tower Z orientation angle, node 9, rad
         61    9.964E-01,  1.206E-03, -8.524E-02         F               0         Tower X orientation angle, node 10, rad
         62   -1.369E-03,  1.000E+00, -1.863E-03         F               0         Tower Y orientation angle, node 10, rad
         63    8.524E-02,  1.973E-03,  9.964E-01         F               0         Tower Z orientation angle, node 10, rad
         64    9.964E-01,  1.206E-03, -8.532E-02         F               0         Tower X orientation angle, node 11, rad
         65   -1.370E-03,  1.000E+00, -1.866E-03         F               0         Tower Y orientation angle, node 11, rad
         66    8.532E-02,  1.976E-03,  9.964E-01         F               0         Tower Z orientation angle, node 11, rad
         67    1.151E-04                                 F               0         Tower X translation velocity, node 1, m/s
         68    8.352E-03                                 F               0         Tower Y translation velocity, node 1, m/s
         69    1.708E-03                                 F               0         Tower Z translation velocity, node 1, m/s
         70    1.068E-04                                 F               0         Tower X translation velocity, node 2, m/s
         71    1.411E-02                                 F               0         Tower Y translation velocity, node 2, m/s
         72    1.698E-03                                 F               0         Tower Z translation velocity, node 2, m/s
         73    8.134E-05                                 F               0         Tower X translation velocity, node 3, m/s
         74    1.993E-02                                 F               0         Tower Y translation velocity, node 3, m/s
         75    1.689E-03                                 F               0         Tower Z translation velocity, node 3, m/s
         76    4.292E-05                                 F               0         Tower X translation velocity, node 4, m/s
         77    2.580E-02                                 F               0         Tower Y translation velocity, node 4, m/s
         78    1.681E-03                                 F               0         Tower Z translation velocity, node 4, m/s
         79   -6.169E-06                                 F               0         Tower X translation velocity, node 5, m/s
         80    3.172E-02                                 F               0         Tower Y translation velocity, node 5, m/s
         81    1.674E-03                                 F               0         Tower Z translation velocity, node 5, m/s
         82   -6.377E-05                                 F               0         Tower X translation velocity, node 6, m/s
         83    3.767E-02                                 F               0         Tower Y translation velocity, node 6, m/s
         84    1.667E-03                                 F               0         Tower Z translation velocity, node 6, m/s
         85   -1.275E-04                                 F               0         Tower X translation velocity, node 7, m/s
         86    4.366E-02                                 F               0         Tower Y translation velocity, node 7, m/s
         87    1.661E-03                                 F               0         Tower Z translation velocity, node 7, m/s
         88   -1.962E-04                                 F               0         Tower X translation velocity, node 8, m/s
         89    4.967E-02                                 F               0         Tower Y translation velocity, node 8, m/s
         90    1.655E-03                                 F               0         Tower Z translation velocity, node 8, m/s
         91   -2.685E-04                                 F               0         Tower X translation velocity, node 9, m/s
         92    5.570E-02                                 F               0         Tower Y translation velocity, node 9, m/s
         93    1.649E-03                                 F               0         Tower Z translation velocity, node 9, m/s
         94   -3.430E-04                                 F               0         Tower X translation velocity, node 10, m/s
         95    6.175E-02                                 F               0         Tower Y translation velocity, node 10, m/s
         96    1.644E-03                                 F               0         Tower Z translation velocity, node 10, m/s
         97   -4.186E-04                                 F               0         Tower X translation velocity, node 11, m/s
         98    6.781E-02                                 F               0         Tower Y translation velocity, node 11, m/s
         99    1.638E-03                                 F               0         Tower Z translation velocity, node 11, m/s
        100    2.489E+01                                 F               0         Hub X translation displacement, node 1, m
        101    2.975E-01                                 F               0         Hub Y translation displacement, node 1, m
        102    2.786E-01                                 F               0         Hub Z translation displacement, node 1, m
        103    9.820E-01,  9.924E-04, -1.890E-01         F               0         Hub X orientation angle, node 1, rad
        104   -1.889E-01,  3.069E-02, -9.815E-01         F               0         Hub Y orientation angle, node 1, rad
        105    4.826E-03,  9.995E-01,  3.032E-02         F               0         Hub Z orientation angle, node 1, rad
        106    8.694E-01                                 F               0         Hub X rotation velocity, node 1, rad/s
        107    8.731E-04                                 F               0         Hub Y rotation velocity, node 1, rad/s
        108   -1.673E-01                                 F               0         Hub Z rotation velocity, node 1, rad/s
        109    9.871E-01,  8.147E-05, -1.598E-01         F               0         Blade root 1 X orientation angle, node 1, rad
        110   -1.597E-01,  3.071E-02, -9.867E-01         F               0         Blade root 1 Y orientation angle, node 1, rad
        111    4.826E-03,  9.995E-01,  3.032E-02         F               0         Blade root 1 Z orientation angle, node 1, rad
        112    9.786E-01, -2.423E-02, -2.043E-01         F               0         Blade root 2 X orientation angle, node 1, rad
        113    1.277E-01,  8.499E-01,  5.112E-01         F               0         Blade root 2 Y orientation angle, node 1, rad
        114    1.612E-01, -5.263E-01,  8.348E-01         F               0         Blade root 2 Z orientation angle, node 1, rad
        115    9.789E-01,  2.713E-02, -2.027E-01         F               0         Blade root 3 X orientation angle, node 1, rad
        116    1.194E-01, -8.805E-01,  4.587E-01         F               0         Blade root 3 Y orientation angle, node 1, rad
        117   -1.660E-01, -4.732E-01, -8.652E-01         F               0         Blade root 3 Z orientation angle, node 1, rad
        118    2.434E+01                                 F               0         Blade 1 X translation displacement, node 1, m
        119    5.835E+00                                 F               0         Blade 1 Y translation displacement, node 1, m
        120   -5.063E+00                                 F               0         Blade 1 Z translation displacement, node 1, m
        121    2.421E+01                                 F               0         Blade 1 X translation displacement, node 2, m
        122    7.169E+00                                 F               0         Blade 1 Y translation displacement, node 2, m
        123   -6.350E+00                                 F               0         Blade 1 Z translation displacement, node 2, m
        124    2.240E+01                                 F               0         Blade 1 X translation displacement, node 3, m
        125    2.531E+01                                 F               0         Blade 1 Y translation displacement, node 3, m
        126   -2.385E+01                                 F               0         Blade 1 Z translation displacement, node 3, m
        127    2.201E+01                                 F               0         Blade 1 X translation displacement, node 4, m
        128    2.918E+01                                 F               0         Blade 1 Y translation displacement, node 4, m
        129   -2.758E+01                                 F               0         Blade 1 Z translation displacement, node 4, m
        130    2.163E+01                                 F               0         Blade 1 X translation displacement, node 5, m
        131    3.305E+01                                 F               0         Blade 1 Y translation displacement, node 5, m
        132   -3.131E+01                                 F               0         Blade 1 Z translation displacement, node 5, m
        133    2.124E+01                                 F               0         Blade 1 X translation displacement, node 6, m
        134    3.691E+01                                 F               0         Blade 1 Y translation displacement, node 6, m
        135   -3.504E+01                                 F               0         Blade 1 Z translation displacement, node 6, m
        136    2.086E+01                                 F               0         Blade 1 X translation displacement, node 7, m
        137    4.078E+01                                 F               0         Blade 1 Y translation displacement, node 7, m
        138   -3.877E+01                                 F               0         Blade 1 Z translation displacement, node 7, m
        139    2.047E+01                                 F               0         Blade 1 X translation displacement, node 8, m
        140    4.464E+01                                 F               0         Blade 1 Y translation displacement, node 8, m
        141   -4.250E+01                                 F               0         Blade 1 Z translation displacement, node 8, m
        142    2.009E+01                                 F               0         Blade 1 X translation displacement, node 9, m
        143    4.851E+01                                 F               0         Blade 1 Y translation displacement, node 9, m
        144   -4.623E+01                                 F               0         Blade 1 Z translation displacement, node 9, m
        145    1.970E+01                                 F               0         Blade 1 X translation displacement, node 10, m
        146    5.237E+01                                 F               0         Blade 1 Y translation displacement, node 10, m
        147   -4.996E+01                                 F               0         Blade 1 Z translation displacement, node 10, m
        148    1.931E+01                                 F               0         Blade 1 X translation displacement, node 11, m
        149    5.624E+01                                 F               0         Blade 1 Y translation displacement, node 11, m
        150   -5.369E+01                                 F               0         Blade 1 Z translation displacement, node 11, m
        151    1.893E+01                                 F               0         Blade 1 X translation displacement, node 12, m
        152    6.011E+01                                 F               0         Blade 1 Y translation displacement, node 12, m
        153   -5.742E+01                                 F               0         Blade 1 Z translation displacement, node 12, m
        154    1.854E+01                                 F               0         Blade 1 X translation displacement, node 13, m
        155    6.397E+01                                 F               0         Blade 1 Y translation displacement, node 13, m
        156   -6.114E+01                                 F               0         Blade 1 Z translation displacement, node 13, m
        157    1.816E+01                                 F               0         Blade 1 X translation displacement, node 14, m
        158    6.784E+01                                 F               0         Blade 1 Y translation displacement, node 14, m
        159   -6.487E+01                                 F               0         Blade 1 Z translation displacement, node 14, m
        160    1.777E+01                                 F               0         Blade 1 X translation displacement, node 15, m
        161    7.170E+01                                 F               0         Blade 1 Y translation displacement, node 15, m
        162   -6.860E+01                                 F               0         Blade 1 Z translation displacement, node 15, m
        163    1.739E+01                                 F               0         Blade 1 X translation displacement, node 16, m
        164    7.557E+01                                 F               0         Blade 1 Y translation displacement, node 16, m
        165   -7.233E+01                                 F               0         Blade 1 Z translation displacement, node 16, m
        166    1.700E+01                                 F               0         Blade 1 X translation displacement, node 17, m
        167    7.944E+01                                 F               0         Blade 1 Y translation displacement, node 17, m
        168   -7.606E+01                                 F               0         Blade 1 Z translation displacement, node 17, m
        169    1.662E+01                                 F               0         Blade 1 X translation displacement, node 18, m
        170    8.330E+01                                 F               0         Blade 1 Y translation displacement, node 18, m
        171   -7.979E+01                                 F               0         Blade 1 Z translation displacement, node 18, m
        172    1.623E+01                                 F               0         Blade 1 X translation displacement, node 19, m
        173    8.717E+01                                 F               0         Blade 1 Y translation displacement, node 19, m
        174   -8.352E+01                                 F               0         Blade 1 Z translation displacement, node 19, m
        175    1.584E+01                                 F               0         Blade 1 X translation displacement, node 20, m
        176    9.103E+01                                 F               0         Blade 1 Y translation displacement, node 20, m
        177   -8.725E+01                                 F               0         Blade 1 Z translation displacement, node 20, m
        178    1.546E+01                                 F               0         Blade 1 X translation displacement, node 21, m
        179    9.490E+01                                 F               0         Blade 1 Y translation displacement, node 21, m
        180   -9.098E+01                                 F               0         Blade 1 Z translation displacement, node 21, m
        181    1.507E+01                                 F               0         Blade 1 X translation displacement, node 22, m
        182    9.877E+01                                 F               0         Blade 1 Y translation displacement, node 22, m
        183   -9.471E+01                                 F               0         Blade 1 Z translation displacement, node 22, m
        184    1.469E+01                                 F               0         Blade 1 X translation displacement, node 23, m
        185    1.026E+02                                 F               0         Blade 1 Y translation displacement, node 23, m
        186   -9.844E+01                                 F               0         Blade 1 Z translation displacement, node 23, m
        187    1.430E+01                                 F               0         Blade 1 X translation displacement, node 24, m
        188    1.065E+02                                 F               0         Blade 1 Y translation displacement, node 24, m
        189   -1.022E+02                                 F               0         Blade 1 Z translation displacement, node 24, m
        190    1.392E+01                                 F               0         Blade 1 X translation displacement, node 25, m
        191    1.104E+02                                 F               0         Blade 1 Y translation displacement, node 25, m
        192   -1.059E+02                                 F               0         Blade 1 Z translation displacement, node 25, m
        193    1.353E+01                                 F               0         Blade 1 X translation displacement, node 26, m
        194    1.142E+02                                 F               0         Blade 1 Y translation displacement, node 26, m
        195   -1.096E+02                                 F               0         Blade 1 Z translation displacement, node 26, m
        196    1.314E+01                                 F               0         Blade 1 X translation displacement, node 27, m
        197    1.181E+02                                 F               0         Blade 1 Y translation displacement, node 27, m
        198   -1.134E+02                                 F               0         Blade 1 Z translation displacement, node 27, m
        199    1.282E+01                                 F               0         Blade 1 X translation displacement, node 28, m
        200    1.214E+02                                 F               0         Blade 1 Y translation displacement, node 28, m
        201   -1.165E+02                                 F               0         Blade 1 Z translation displacement, node 28, m
        202    9.514E-01, -1.393E-02,  3.077E-01         F               0         Blade 1 X orientation angle, node 1, rad
        203    3.080E-01,  2.736E-02, -9.510E-01         F               0         Blade 1 Y orientation angle, node 1, rad
        204    4.826E-03,  9.995E-01,  3.032E-02         F               0         Blade 1 Z orientation angle, node 1, rad
        205    9.514E-01, -1.393E-02,  3.077E-01         F               0         Blade 1 X orientation angle, node 2, rad
        206    3.080E-01,  2.736E-02, -9.510E-01         F               0         Blade 1 Y orientation angle, node 2, rad
        207    4.826E-03,  9.995E-01,  3.032E-02         F               0         Blade 1 Z orientation angle, node 2, rad
        208    9.973E-01, -7.047E-03,  7.356E-02         F               0         Blade 1 X orientation angle, node 3, rad
        209    7.374E-02,  2.989E-02, -9.968E-01         F               0         Blade 1 Y orientation angle, node 3, rad
        210    4.826E-03,  9.995E-01,  3.032E-02         F               0         Blade 1 Z orientation angle, node 3, rad
        211    9.995E-01, -5.779E-03,  3.141E-02         F               0         Blade 1 X orientation angle, node 4, rad
        212    3.157E-02,  3.016E-02, -9.990E-01         F               0         Blade 1 Y orientation angle, node 4, rad
        213    4.826E-03,  9.995E-01,  3.032E-02         F               0         Blade 1 Z orientation angle, node 4, rad
        214    1.000E+00, -4.776E-03, -1.735E-03         F               0         Blade 1 X orientation angle, node 5, rad
        215   -1.589E-03,  3.033E-02, -9.995E-01         F               0         Blade 1 Y orientation angle, node 5, rad
        216    4.826E-03,  9.995E-01,  3.032E-02         F               0         Blade 1 Z orientation angle, node 5, rad
        217    9.996E-01, -3.970E-03, -2.825E-02         F               0         Blade 1 X orientation angle, node 6, rad
        218   -2.811E-02,  3.045E-02, -9.991E-01         F               0         Blade 1 Y orientation angle, node 6, rad
        219    4.826E-03,  9.995E-01,  3.032E-02         F               0         Blade 1 Z orientation angle, node 6, rad
        220    9.987E-01, -3.305E-03, -5.004E-02         F               0         Blade 1 X orientation angle, node 7, rad
        221   -4.991E-02,  3.053E-02, -9.983E-01         F               0         Blade 1 Y orientation angle, node 7, rad
        222    4.826E-03,  9.995E-01,  3.032E-02         F               0         Blade 1 Z orientation angle, node 7, rad
        223    9.977E-01, -2.750E-03, -6.815E-02         F               0         Blade 1 X orientation angle, node 8, rad
        224   -6.803E-02,  3.058E-02, -9.972E-01         F               0         Blade 1 Y orientation angle, node 8, rad
        225    4.826E-03,  9.995E-01,  3.032E-02         F               0         Blade 1 Z orientation angle, node 8, rad
        226    9.965E-01, -2.280E-03, -8.346E-02         F               0         Blade 1 X orientation angle, node 9, rad
        227   -8.335E-02,  3.062E-02, -9.960E-01         F               0         Blade 1 Y orientation angle, node 9, rad
        228    4.826E-03,  9.995E-01,  3.032E-02         F               0         Blade 1 Z orientation angle, node 9, rad
        229    9.953E-01, -1.873E-03, -9.666E-02         F               0         Blade 1 X orientation angle, node 10, rad
        230   -9.656E-02,  3.065E-02, -9.949E-01         F               0         Blade 1 Y orientation angle, node 10, rad
        231    4.826E-03,  9.995E-01,  3.032E-02         F               0         Blade 1 Z orientation angle, node 10, rad
        232    9.942E-01, -1.526E-03, -1.079E-01         F               0         Blade 1 X orientation angle, node 11, rad
        233   -1.078E-01,  3.067E-02, -9.937E-01         F               0         Blade 1 Y orientation angle, node 11, rad
        234    4.826E-03,  9.995E-01,  3.032E-02         F               0         Blade 1 Z orientation angle, node 11, rad
        235    9.930E-01, -1.221E-03, -1.178E-01         F               0         Blade 1 X orientation angle, node 12, rad
        236   -1.177E-01,  3.068E-02, -9.926E-01         F               0         Blade 1 Y orientation angle, node 12, rad
        237    4.826E-03,  9.995E-01,  3.032E-02         F               0         Blade 1 Z orientation angle, node 12, rad
        238    9.920E-01, -9.527E-04, -1.265E-01         F               0         Blade 1 X orientation angle, node 13, rad
        239   -1.264E-01,  3.069E-02, -9.915E-01         F               0         Blade 1 Y orientation angle, node 13, rad
        240    4.826E-03,  9.995E-01,  3.032E-02         F               0         Blade 1 Z orientation angle, node 13, rad
        241    9.909E-01, -7.116E-04, -1.343E-01         F               0         Blade 1 X orientation angle, node 14, rad
        242   -1.342E-01,  3.070E-02, -9.905E-01         F               0         Blade 1 Y orientation angle, node 14, rad
        243    4.826E-03,  9.995E-01,  3.032E-02         F               0         Blade 1 Z orientation angle, node 14, rad
        244    9.900E-01, -4.973E-04, -1.412E-01         F               0         Blade 1 X orientation angle, node 15, rad
        245   -1.411E-01,  3.070E-02, -9.895E-01         F               0         Blade 1 Y orientation angle, node 15, rad
        246    4.826E-03,  9.995E-01,  3.032E-02         F               0         Blade 1 Z orientation angle, node 15, rad
        247    9.891E-01, -3.044E-04, -1.474E-01         F               0         Blade 1 X orientation angle, node 16, rad
        248   -1.473E-01,  3.070E-02, -9.886E-01         F               0         Blade 1 Y orientation angle, node 16, rad
        249    4.826E-03,  9.995E-01,  3.032E-02         F               0         Blade 1 Z orientation angle, node 16, rad
        250    9.882E-01, -1.329E-04, -1.529E-01         F               0         Blade 1 X orientation angle, node 17, rad
        251   -1.528E-01,  3.071E-02, -9.878E-01         F               0         Blade 1 Y orientation angle, node 17, rad
        252    4.826E-03,  9.995E-01,  3.032E-02         F               0         Blade 1 Z orientation angle, node 17, rad
        253    9.874E-01,  2.788E-05, -1.581E-01         F               0         Blade 1 X orientation angle, node 18, rad
        254   -1.580E-01,  3.071E-02, -9.870E-01         F               0         Blade 1 Y orientation angle, node 18, rad
        255    4.826E-03,  9.995E-01,  3.032E-02         F               0         Blade 1 Z orientation angle, node 18, rad
        256    9.867E-01,  1.726E-04, -1.627E-01         F               0         Blade 1 X orientation angle, node 19, rad
        257   -1.627E-01,  3.071E-02, -9.862E-01         F               0         Blade 1 Y orientation angle, node 19, rad
        258    4.826E-03,  9.995E-01,  3.032E-02         F               0         Blade 1 Z orientation angle, node 19, rad
        259    9.860E-01,  3.012E-04, -1.669E-01         F               0         Blade 1 X orientation angle, node 20, rad
        260   -1.668E-01,  3.070E-02, -9.855E-01         F               0         Blade 1 Y orientation angle, node 20, rad
        261    4.826E-03,  9.995E-01,  3.032E-02         F               0         Blade 1 Z orientation angle, node 20, rad
        262    9.853E-01,  4.244E-04, -1.708E-01         F               0         Blade 1 X orientation angle, node 21, rad
        263   -1.707E-01,  3.070E-02, -9.848E-01         F               0         Blade 1 Y orientation angle, node 21, rad
        264    4.826E-03,  9.995E-01,  3.032E-02         F               0         Blade 1 Z orientation angle, node 21, rad
        265    9.847E-01,  5.370E-04, -1.744E-01         F               0         Blade 1 X orientation angle, node 22, rad
        266   -1.744E-01,  3.070E-02, -9.842E-01         F               0         Blade 1 Y orientation angle, node 22, rad
        267    4.826E-03,  9.995E-01,  3.032E-02         F               0         Blade 1 Z orientation angle, node 22, rad
        268    9.841E-01,  6.388E-04, -1.777E-01         F               0         Blade 1 X orientation angle, node 23, rad
        269   -1.776E-01,  3.070E-02, -9.836E-01         F               0         Blade 1 Y orientation angle, node 23, rad
        270    4.826E-03,  9.995E-01,  3.032E-02         F               0         Blade 1 Z orientation angle, node 23, rad
        271    9.835E-01,  7.352E-04, -1.808E-01         F               0         Blade 1 X orientation angle, node 24, rad
        272   -1.807E-01,  3.070E-02, -9.831E-01         F               0         Blade 1 Y orientation angle, node 24, rad
        273    4.826E-03,  9.995E-01,  3.032E-02         F               0         Blade 1 Z orientation angle, node 24, rad
        274    9.830E-01,  8.263E-04, -1.837E-01         F               0         Blade 1 X orientation angle, node 25, rad
        275   -1.836E-01,  3.070E-02, -9.825E-01         F               0         Blade 1 Y orientation angle, node 25, rad
        276    4.826E-03,  9.995E-01,  3.032E-02         F               0         Blade 1 Z orientation angle, node 25, rad
        277    9.825E-01,  9.067E-04, -1.863E-01         F               0         Blade 1 X orientation angle, node 26, rad
        278   -1.862E-01,  3.069E-02, -9.820E-01         F               0         Blade 1 Y orientation angle, node 26, rad
        279    4.826E-03,  9.995E-01,  3.032E-02         F               0         Blade 1 Z orientation angle, node 26, rad
        280    9.820E-01,  9.870E-04, -1.888E-01         F               0         Blade 1 X orientation angle, node 27, rad
        281   -1.888E-01,  3.069E-02, -9.815E-01         F               0         Blade 1 Y orientation angle, node 27, rad
        282    4.826E-03,  9.995E-01,  3.032E-02         F               0         Blade 1 Z orientation angle, node 27, rad
        283    9.817E-01,  1.030E-03, -1.902E-01         F               0         Blade 1 X orientation angle, node 28, rad
        284   -1.901E-01,  3.069E-02, -9.813E-01         F               0         Blade 1 Y orientation angle, node 28, rad
        285    4.826E-03,  9.995E-01,  3.032E-02         F               0         Blade 1 Z orientation angle, node 28, rad
        286    9.260E-01                                 F               0         Blade 1 X translation velocity, node 1, m/s
        287   -7.979E-02                                 F               0         Blade 1 Y translation velocity, node 1, m/s
        288    4.816E+00                                 F               0         Blade 1 Z translation velocity, node 1, m/s
        289    1.149E+00                                 F               0         Blade 1 X translation velocity, node 2, m/s
        290   -1.161E-01                                 F               0         Blade 1 Y translation velocity, node 2, m/s
        291    5.976E+00                                 F               0         Blade 1 Z translation velocity, node 2, m/s
        292    4.185E+00                                 F               0         Blade 1 X translation velocity, node 3, m/s
        293   -6.093E-01                                 F               0         Blade 1 Y translation velocity, node 3, m/s
        294    2.175E+01                                 F               0         Blade 1 Z translation velocity, node 3, m/s
        295    4.832E+00                                 F               0         Blade 1 X translation velocity, node 4, m/s
        296   -7.143E-01                                 F               0         Blade 1 Y translation velocity, node 4, m/s
        297    2.511E+01                                 F               0         Blade 1 Z translation velocity, node 4, m/s
        298    5.479E+00                                 F               0         Blade 1 X translation velocity, node 5, m/s
        299   -8.194E-01                                 F               0         Blade 1 Y translation velocity, node 5, m/s
        300    2.847E+01                                 F               0         Blade 1 Z translation velocity, node 5, m/s
        301    6.126E+00                                 F               0         Blade 1 X translation velocity, node 6, m/s
        302   -9.245E-01                                 F               0         Blade 1 Y translation velocity, node 6, m/s
        303    3.183E+01                                 F               0         Blade 1 Z translation velocity, node 6, m/s
        304    6.772E+00                                 F               0         Blade 1 X translation velocity, node 7, m/s
        305   -1.030E+00                                 F               0         Blade 1 Y translation velocity, node 7, m/s
        306    3.519E+01                                 F               0         Blade 1 Z translation velocity, node 7, m/s
        307    7.419E+00                                 F               0         Blade 1 X translation velocity, node 8, m/s
