
Linearized model: Predictions were generated on 06-Feb-2024 at 08:44:08 using OpenFAST, compiled as a 64-bit application using single precision at commit v3.5.1
 linked with  NWTC Subroutine Library; ElastoDyn; InflowWind; AeroDyn; ServoDyn; HydroDyn; MAP++ (<1.20.10>, <Oct-20-2023>)

Description from the FAST input file: CCT-9 Campign 4 model. Input files to be run with OpenFAST 3.5.0. GitHub branch from Lu Wang (https://github.com/luwang00/openfast/tree/dev) compiled on March 7, 2023.

Simulation information:
   Simulation time:                  2501.6000 s
   Rotor Speed:                         0.8858 rad/s
   Azimuth:                             4.5680 rad
   Wind Speed:                         10.0000 m/s
   Number of continuous states:         0
   Number of discrete states:           0
   Number of constraint states:         0
   Number of inputs:                 1746
   Number of outputs:                   4
   Jacobians included in this file?    No

Order of inputs:
     Column   Operating Point                     Rotating Frame? Derivative Order Description
   ---------- ---------------                     --------------- ---------------- -----------
          1    1.391E+01                                 F               0         Tower X translation displacement, node 1, m
          2    5.612E-02                                 F               0         Tower Y translation displacement, node 1, m
          3   -1.858E-01                                 F               0         Tower Z translation displacement, node 1, m
          4    1.488E+01                                 F               0         Tower X translation displacement, node 2, m
          5    7.751E-02                                 F               0         Tower Y translation displacement, node 2, m
          6   -2.243E-01                                 F               0         Tower Z translation displacement, node 2, m
          7    1.588E+01                                 F               0         Tower X translation displacement, node 3, m
          8    9.929E-02                                 F               0         Tower Y translation displacement, node 3, m
          9   -2.645E-01                                 F               0         Tower Z translation displacement, node 3, m
         10    1.689E+01                                 F               0         Tower X translation displacement, node 4, m
         11    1.214E-01                                 F               0         Tower Y translation displacement, node 4, m
         12   -3.059E-01                                 F               0         Tower Z translation displacement, node 4, m
         13    1.791E+01                                 F               0         Tower X translation displacement, node 5, m
         14    1.438E-01                                 F               0         Tower Y translation displacement, node 5, m
         15   -3.484E-01                                 F               0         Tower Z translation displacement, node 5, m
         16    1.894E+01                                 F               0         Tower X translation displacement, node 6, m
         17    1.664E-01                                 F               0         Tower Y translation displacement, node 6, m
         18   -3.916E-01                                 F               0         Tower Z translation displacement, node 6, m
         19    1.998E+01                                 F               0         Tower X translation displacement, node 7, m
         20    1.891E-01                                 F               0         Tower Y translation displacement, node 7, m
         21   -4.355E-01                                 F               0         Tower Z translation displacement, node 7, m
         22    2.103E+01                                 F               0         Tower X translation displacement, node 8, m
         23    2.121E-01                                 F               0         Tower Y translation displacement, node 8, m
         24   -4.799E-01                                 F               0         Tower Z translation displacement, node 8, m
         25    2.208E+01                                 F               0         Tower X translation displacement, node 9, m
         26    2.351E-01                                 F               0         Tower Y translation displacement, node 9, m
         27   -5.246E-01                                 F               0         Tower Z translation displacement, node 9, m
         28    2.313E+01                                 F               0         Tower X translation displacement, node 10, m
         29    2.583E-01                                 F               0         Tower Y translation displacement, node 10, m
         30   -5.695E-01                                 F               0         Tower Z translation displacement, node 10, m
         31    2.419E+01                                 F               0         Tower X translation displacement, node 11, m
         32    2.814E-01                                 F               0         Tower Y translation displacement, node 11, m
         33   -6.146E-01                                 F               0         Tower Z translation displacement, node 11, m
         34    9.969E-01,  1.197E-03, -7.828E-02         F               0         Tower X orientation angle, node 1, rad
         35   -1.327E-03,  1.000E+00, -1.619E-03         F               0         Tower Y orientation angle, node 1, rad
         36    7.828E-02,  1.718E-03,  9.969E-01         F               0         Tower Z orientation angle, node 1, rad
         37    9.968E-01,  1.194E-03, -7.982E-02         F               0         Tower X orientation angle, node 2, rad
         38   -1.330E-03,  1.000E+00, -1.647E-03         F               0         Tower Y orientation angle, node 2, rad
         39    7.982E-02,  1.748E-03,  9.968E-01         F               0         Tower Z orientation angle, node 2, rad
         40    9.967E-01,  1.192E-03, -8.116E-02         F               0         Tower X orientation angle, node 3, rad
         41   -1.332E-03,  1.000E+00, -1.673E-03         F               0         Tower Y orientation angle, node 3, rad
         42    8.116E-02,  1.775E-03,  9.967E-01         F               0         Tower Z orientation angle, node 3, rad
         43    9.966E-01,  1.190E-03, -8.228E-02         F               0         Tower X orientation angle, node 4, rad
         44   -1.334E-03,  1.000E+00, -1.695E-03         F               0         Tower Y orientation angle, node 4, rad
         45    8.228E-02,  1.799E-03,  9.966E-01         F               0         Tower Z orientation angle, node 4, rad
         46    9.965E-01,  1.188E-03, -8.319E-02         F               0         Tower X orientation angle, node 5, rad
         47   -1.335E-03,  1.000E+00, -1.714E-03         F               0         Tower Y orientation angle, node 5, rad
         48    8.319E-02,  1.820E-03,  9.965E-01         F               0         Tower Z orientation angle, node 5, rad
         49    9.965E-01,  1.187E-03, -8.392E-02         F               0         Tower X orientation angle, node 6, rad
         50   -1.337E-03,  1.000E+00, -1.731E-03         F               0         Tower Y orientation angle, node 6, rad
         51    8.391E-02,  1.837E-03,  9.965E-01         F               0         Tower Z orientation angle, node 6, rad
         52    9.964E-01,  1.186E-03, -8.445E-02         F               0         Tower X orientation angle, node 7, rad
         53   -1.338E-03,  1.000E+00, -1.744E-03         F               0         Tower Y orientation angle, node 7, rad
         54    8.445E-02,  1.851E-03,  9.964E-01         F               0         Tower Z orientation angle, node 7, rad
         55    9.964E-01,  1.185E-03, -8.483E-02         F               0         Tower X orientation angle, node 8, rad
         56   -1.339E-03,  1.000E+00, -1.754E-03         F               0         Tower Y orientation angle, node 8, rad
         57    8.483E-02,  1.862E-03,  9.964E-01         F               0         Tower Z orientation angle, node 8, rad
         58    9.964E-01,  1.184E-03, -8.509E-02         F               0         Tower X orientation angle, node 9, rad
         59   -1.339E-03,  1.000E+00, -1.762E-03         F               0         Tower Y orientation angle, node 9, rad
         60    8.509E-02,  1.869E-03,  9.964E-01         F               0         Tower Z orientation angle, node 9, rad
         61    9.964E-01,  1.184E-03, -8.524E-02         F               0         Tower X orientation angle, node 10, rad
         62   -1.340E-03,  1.000E+00, -1.767E-03         F               0         Tower Y orientation angle, node 10, rad
         63    8.524E-02,  1.875E-03,  9.964E-01         F               0         Tower Z orientation angle, node 10, rad
         64    9.964E-01,  1.184E-03, -8.532E-02         F               0         Tower X orientation angle, node 11, rad
         65   -1.340E-03,  1.000E+00, -1.770E-03         F               0         Tower Y orientation angle, node 11, rad
         66    8.532E-02,  1.878E-03,  9.964E-01         F               0         Tower Z orientation angle, node 11, rad
         67   -8.760E-06                                 F               0         Tower X translation velocity, node 1, m/s
         68    8.447E-03                                 F               0         Tower Y translation velocity, node 1, m/s
         69    1.846E-03                                 F               0         Tower Z translation velocity, node 1, m/s
         70   -4.813E-05                                 F               0         Tower X translation velocity, node 2, m/s
         71    1.431E-02                                 F               0         Tower Y translation velocity, node 2, m/s
         72    1.839E-03                                 F               0         Tower Z translation velocity, node 2, m/s
         73   -7.172E-05                                 F               0         Tower X translation velocity, node 3, m/s
         74    2.024E-02                                 F               0         Tower Y translation velocity, node 3, m/s
         75    1.830E-03                                 F               0         Tower Z translation velocity, node 3, m/s
         76   -8.263E-05                                 F               0         Tower X translation velocity, node 4, m/s
         77    2.624E-02                                 F               0         Tower Y translation velocity, node 4, m/s
         78    1.821E-03                                 F               0         Tower Z translation velocity, node 4, m/s
         79   -8.235E-05                                 F               0         Tower X translation velocity, node 5, m/s
         80    3.229E-02                                 F               0         Tower Y translation velocity, node 5, m/s
         81    1.810E-03                                 F               0         Tower Z translation velocity, node 5, m/s
         82   -7.239E-05                                 F               0         Tower X translation velocity, node 6, m/s
         83    3.838E-02                                 F               0         Tower Y translation velocity, node 6, m/s
         84    1.798E-03                                 F               0         Tower Z translation velocity, node 6, m/s
         85   -5.484E-05                                 F               0         Tower X translation velocity, node 7, m/s
         86    4.451E-02                                 F               0         Tower Y translation velocity, node 7, m/s
         87    1.785E-03                                 F               0         Tower Z translation velocity, node 7, m/s
         88   -3.046E-05                                 F               0         Tower X translation velocity, node 8, m/s
         89    5.067E-02                                 F               0         Tower Y translation velocity, node 8, m/s
         90    1.771E-03                                 F               0         Tower Z translation velocity, node 8, m/s
         91   -7.682E-07                                 F               0         Tower X translation velocity, node 9, m/s
         92    5.685E-02                                 F               0         Tower Y translation velocity, node 9, m/s
         93    1.757E-03                                 F               0         Tower Z translation velocity, node 9, m/s
         94    3.272E-05                                 F               0         Tower X translation velocity, node 10, m/s
         95    6.305E-02                                 F               0         Tower Y translation velocity, node 10, m/s
         96    1.743E-03                                 F               0         Tower Z translation velocity, node 10, m/s
         97    6.853E-05                                 F               0         Tower X translation velocity, node 11, m/s
         98    6.926E-02                                 F               0         Tower Y translation velocity, node 11, m/s
         99    1.728E-03                                 F               0         Tower Z translation velocity, node 11, m/s
        100    2.489E+01                                 F               0         Hub X translation displacement, node 1, m
        101    2.834E-01                                 F               0         Hub Y translation displacement, node 1, m
        102    2.783E-01                                 F               0         Hub Z translation displacement, node 1, m
        103    9.820E-01,  9.812E-04, -1.890E-01         F               0         Hub X orientation angle, node 1, rad
        104   -1.868E-01, -1.458E-01, -9.715E-01         F               0         Hub Y orientation angle, node 1, rad
        105   -2.852E-02,  9.893E-01, -1.430E-01         F               0         Hub Z orientation angle, node 1, rad
        106    8.694E-01                                 F               0         Hub X rotation velocity, node 1, rad/s
        107    8.724E-04                                 F               0         Hub Y rotation velocity, node 1, rad/s
        108   -1.673E-01                                 F               0         Hub Z rotation velocity, node 1, rad/s
        109    9.871E-01,  5.308E-03, -1.601E-01         F               0         Blade root 1 X orientation angle, node 1, rad
        110   -1.576E-01, -1.458E-01, -9.767E-01         F               0         Blade root 1 Y orientation angle, node 1, rad
        111   -2.852E-02,  9.893E-01, -1.430E-01         F               0         Blade root 1 Z orientation angle, node 1, rad
        112    9.795E-01, -2.660E-02, -1.997E-01         F               0         Blade root 2 X orientation angle, node 1, rad
        113    9.782E-02,  9.293E-01,  3.561E-01         F               0         Blade root 2 Y orientation angle, node 1, rad
        114    1.761E-01, -3.683E-01,  9.129E-01         F               0         Blade root 2 Z orientation angle, node 1, rad
        115    9.780E-01,  2.423E-02, -2.070E-01         F               0         Blade root 3 X orientation angle, node 1, rad
        116    1.472E-01, -7.835E-01,  6.037E-01         F               0         Blade root 3 Y orientation angle, node 1, rad
        117   -1.475E-01, -6.210E-01, -7.698E-01         F               0         Blade root 3 Z orientation angle, node 1, rad
        118    2.416E+01                                 F               0         Blade 1 X translation displacement, node 1, m
        119    5.764E+00                                 F               0         Blade 1 Y translation displacement, node 1, m
        120   -6.024E+00                                 F               0         Blade 1 Z translation displacement, node 1, m
        121    2.398E+01                                 F               0         Blade 1 X translation displacement, node 2, m
        122    7.085E+00                                 F               0         Blade 1 Y translation displacement, node 2, m
        123   -7.542E+00                                 F               0         Blade 1 Z translation displacement, node 2, m
        124    2.156E+01                                 F               0         Blade 1 X translation displacement, node 3, m
        125    2.504E+01                                 F               0         Blade 1 Y translation displacement, node 3, m
        126   -2.819E+01                                 F               0         Blade 1 Z translation displacement, node 3, m
        127    2.105E+01                                 F               0         Blade 1 X translation displacement, node 4, m
        128    2.887E+01                                 F               0         Blade 1 Y translation displacement, node 4, m
        129   -3.259E+01                                 F               0         Blade 1 Z translation displacement, node 4, m
        130    2.054E+01                                 F               0         Blade 1 X translation displacement, node 5, m
        131    3.270E+01                                 F               0         Blade 1 Y translation displacement, node 5, m
        132   -3.699E+01                                 F               0         Blade 1 Z translation displacement, node 5, m
        133    2.002E+01                                 F               0         Blade 1 X translation displacement, node 6, m
        134    3.652E+01                                 F               0         Blade 1 Y translation displacement, node 6, m
        135   -4.139E+01                                 F               0         Blade 1 Z translation displacement, node 6, m
        136    1.951E+01                                 F               0         Blade 1 X translation displacement, node 7, m
        137    4.035E+01                                 F               0         Blade 1 Y translation displacement, node 7, m
        138   -4.579E+01                                 F               0         Blade 1 Z translation displacement, node 7, m
        139    1.899E+01                                 F               0         Blade 1 X translation displacement, node 8, m
        140    4.418E+01                                 F               0         Blade 1 Y translation displacement, node 8, m
        141   -5.019E+01                                 F               0         Blade 1 Z translation displacement, node 8, m
        142    1.848E+01                                 F               0         Blade 1 X translation displacement, node 9, m
        143    4.800E+01                                 F               0         Blade 1 Y translation displacement, node 9, m
        144   -5.459E+01                                 F               0         Blade 1 Z translation displacement, node 9, m
        145    1.796E+01                                 F               0         Blade 1 X translation displacement, node 10, m
        146    5.183E+01                                 F               0         Blade 1 Y translation displacement, node 10, m
        147   -5.899E+01                                 F               0         Blade 1 Z translation displacement, node 10, m
        148    1.745E+01                                 F               0         Blade 1 X translation displacement, node 11, m
        149    5.565E+01                                 F               0         Blade 1 Y translation displacement, node 11, m
        150   -6.339E+01                                 F               0         Blade 1 Z translation displacement, node 11, m
        151    1.693E+01                                 F               0         Blade 1 X translation displacement, node 12, m
        152    5.948E+01                                 F               0         Blade 1 Y translation displacement, node 12, m
        153   -6.779E+01                                 F               0         Blade 1 Z translation displacement, node 12, m
        154    1.642E+01                                 F               0         Blade 1 X translation displacement, node 13, m
        155    6.331E+01                                 F               0         Blade 1 Y translation displacement, node 13, m
        156   -7.219E+01                                 F               0         Blade 1 Z translation displacement, node 13, m
        157    1.590E+01                                 F               0         Blade 1 X translation displacement, node 14, m
        158    6.713E+01                                 F               0         Blade 1 Y translation displacement, node 14, m
        159   -7.659E+01                                 F               0         Blade 1 Z translation displacement, node 14, m
        160    1.539E+01                                 F               0         Blade 1 X translation displacement, node 15, m
        161    7.096E+01                                 F               0         Blade 1 Y translation displacement, node 15, m
        162   -8.099E+01                                 F               0         Blade 1 Z translation displacement, node 15, m
        163    1.488E+01                                 F               0         Blade 1 X translation displacement, node 16, m
        164    7.479E+01                                 F               0         Blade 1 Y translation displacement, node 16, m
        165   -8.539E+01                                 F               0         Blade 1 Z translation displacement, node 16, m
        166    1.436E+01                                 F               0         Blade 1 X translation displacement, node 17, m
        167    7.861E+01                                 F               0         Blade 1 Y translation displacement, node 17, m
        168   -8.979E+01                                 F               0         Blade 1 Z translation displacement, node 17, m
        169    1.385E+01                                 F               0         Blade 1 X translation displacement, node 18, m
        170    8.244E+01                                 F               0         Blade 1 Y translation displacement, node 18, m
        171   -9.419E+01                                 F               0         Blade 1 Z translation displacement, node 18, m
        172    1.333E+01                                 F               0         Blade 1 X translation displacement, node 19, m
        173    8.626E+01                                 F               0         Blade 1 Y translation displacement, node 19, m
        174   -9.859E+01                                 F               0         Blade 1 Z translation displacement, node 19, m
        175    1.282E+01                                 F               0         Blade 1 X translation displacement, node 20, m
        176    9.009E+01                                 F               0         Blade 1 Y translation displacement, node 20, m
        177   -1.030E+02                                 F               0         Blade 1 Z translation displacement, node 20, m
        178    1.230E+01                                 F               0         Blade 1 X translation displacement, node 21, m
        179    9.392E+01                                 F               0         Blade 1 Y translation displacement, node 21, m
        180   -1.074E+02                                 F               0         Blade 1 Z translation displacement, node 21, m
        181    1.179E+01                                 F               0         Blade 1 X translation displacement, node 22, m
        182    9.774E+01                                 F               0         Blade 1 Y translation displacement, node 22, m
        183   -1.118E+02                                 F               0         Blade 1 Z translation displacement, node 22, m
        184    1.127E+01                                 F               0         Blade 1 X translation displacement, node 23, m
        185    1.016E+02                                 F               0         Blade 1 Y translation displacement, node 23, m
        186   -1.162E+02                                 F               0         Blade 1 Z translation displacement, node 23, m
        187    1.076E+01                                 F               0         Blade 1 X translation displacement, node 24, m
        188    1.054E+02                                 F               0         Blade 1 Y translation displacement, node 24, m
        189   -1.206E+02                                 F               0         Blade 1 Z translation displacement, node 24, m
        190    1.024E+01                                 F               0         Blade 1 X translation displacement, node 25, m
        191    1.092E+02                                 F               0         Blade 1 Y translation displacement, node 25, m
        192   -1.250E+02                                 F               0         Blade 1 Z translation displacement, node 25, m
        193    9.729E+00                                 F               0         Blade 1 X translation displacement, node 26, m
        194    1.130E+02                                 F               0         Blade 1 Y translation displacement, node 26, m
        195   -1.294E+02                                 F               0         Blade 1 Z translation displacement, node 26, m
        196    9.215E+00                                 F               0         Blade 1 X translation displacement, node 27, m
        197    1.169E+02                                 F               0         Blade 1 Y translation displacement, node 27, m
        198   -1.338E+02                                 F               0         Blade 1 Z translation displacement, node 27, m
        199    8.779E+00                                 F               0         Blade 1 X translation displacement, node 28, m
        200    1.201E+02                                 F               0         Blade 1 Y translation displacement, node 28, m
        201   -1.375E+02                                 F               0         Blade 1 Z translation displacement, node 28, m
        202    9.504E-01,  7.119E-02,  3.029E-01         F               0         Blade 1 X orientation angle, node 1, rad
        203    3.098E-01, -1.273E-01, -9.422E-01         F               0         Blade 1 Y orientation angle, node 1, rad
        204   -2.852E-02,  9.893E-01, -1.430E-01         F               0         Blade 1 Z orientation angle, node 1, rad
        205    9.504E-01,  7.119E-02,  3.029E-01         F               0         Blade 1 X orientation angle, node 2, rad
        206    3.098E-01, -1.273E-01, -9.422E-01         F               0         Blade 1 Y orientation angle, node 2, rad
        207   -2.852E-02,  9.893E-01, -1.430E-01         F               0         Blade 1 Z orientation angle, node 2, rad
        208    9.967E-01,  3.899E-02,  7.095E-02         F               0         Blade 1 X orientation angle, node 3, rad
        209    7.577E-02, -1.405E-01, -9.872E-01         F               0         Blade 1 Y orientation angle, node 3, rad
        210   -2.852E-02,  9.893E-01, -1.430E-01         F               0         Blade 1 Z orientation angle, node 3, rad
        211    9.990E-01,  3.302E-02,  2.921E-02         F               0         Blade 1 X orientation angle, node 4, rad
        212    3.362E-02, -1.421E-01, -9.893E-01         F               0         Blade 1 Y orientation angle, node 4, rad
        213   -2.852E-02,  9.893E-01, -1.430E-01         F               0         Blade 1 Z orientation angle, node 4, rad
        214    9.996E-01,  2.829E-02, -3.610E-03         F               0         Blade 1 X orientation angle, node 5, rad
        215    4.757E-04, -1.431E-01, -9.897E-01         F               0         Blade 1 Y orientation angle, node 5, rad
        216   -2.852E-02,  9.893E-01, -1.430E-01         F               0         Blade 1 Z orientation angle, node 5, rad
        217    9.993E-01,  2.449E-02, -2.986E-02         F               0         Blade 1 X orientation angle, node 6, rad
        218   -2.604E-02, -1.438E-01, -9.893E-01         F               0         Blade 1 Y orientation angle, node 6, rad
        219   -2.852E-02,  9.893E-01, -1.430E-01         F               0         Blade 1 Z orientation angle, node 6, rad
        220    9.984E-01,  2.135E-02, -5.144E-02         F               0         Blade 1 X orientation angle, node 7, rad
        221   -4.783E-02, -1.443E-01, -9.884E-01         F               0         Blade 1 Y orientation angle, node 7, rad
        222   -2.852E-02,  9.893E-01, -1.430E-01         F               0         Blade 1 Z orientation angle, node 7, rad
        223    9.974E-01,  1.872E-02, -6.937E-02         F               0         Blade 1 X orientation angle, node 8, rad
        224   -6.595E-02, -1.446E-01, -9.873E-01         F               0         Blade 1 Y orientation angle, node 8, rad
        225   -2.852E-02,  9.893E-01, -1.430E-01         F               0         Blade 1 Z orientation angle, node 8, rad
        226    9.963E-01,  1.650E-02, -8.452E-02         F               0         Blade 1 X orientation angle, node 9, rad
        227   -8.126E-02, -1.449E-01, -9.861E-01         F               0         Blade 1 Y orientation angle, node 9, rad
        228   -2.852E-02,  9.893E-01, -1.430E-01         F               0         Blade 1 Z orientation angle, node 9, rad
        229    9.951E-01,  1.458E-02, -9.759E-02         F               0         Blade 1 X orientation angle, node 10, rad
        230   -9.446E-02, -1.451E-01, -9.849E-01         F               0         Blade 1 Y orientation angle, node 10, rad
        231   -2.852E-02,  9.893E-01, -1.430E-01         F               0         Blade 1 Z orientation angle, node 10, rad
        232    9.940E-01,  1.293E-02, -1.088E-01         F               0         Blade 1 X orientation angle, node 11, rad
        233   -1.057E-01, -1.453E-01, -9.837E-01         F               0         Blade 1 Y orientation angle, node 11, rad
        234   -2.852E-02,  9.893E-01, -1.430E-01         F               0         Blade 1 Z orientation angle, node 11, rad
        235    9.929E-01,  1.148E-02, -1.185E-01         F               0         Blade 1 X orientation angle, node 12, rad
        236   -1.156E-01, -1.454E-01, -9.826E-01         F               0         Blade 1 Y orientation angle, node 12, rad
        237   -2.852E-02,  9.893E-01, -1.430E-01         F               0         Blade 1 Z orientation angle, node 12, rad
        238    9.918E-01,  1.021E-02, -1.271E-01         F               0         Blade 1 X orientation angle, node 13, rad
        239   -1.243E-01, -1.455E-01, -9.815E-01         F               0         Blade 1 Y orientation angle, node 13, rad
        240   -2.852E-02,  9.893E-01, -1.430E-01         F               0         Blade 1 Z orientation angle, node 13, rad
        241    9.908E-01,  9.070E-03, -1.348E-01         F               0         Blade 1 X orientation angle, node 14, rad
        242   -1.321E-01, -1.456E-01, -9.805E-01         F               0         Blade 1 Y orientation angle, node 14, rad
        243   -2.852E-02,  9.893E-01, -1.430E-01         F               0         Blade 1 Z orientation angle, node 14, rad
        244    9.899E-01,  8.054E-03, -1.417E-01         F               0         Blade 1 X orientation angle, node 15, rad
        245   -1.390E-01, -1.456E-01, -9.795E-01         F               0         Blade 1 Y orientation angle, node 15, rad
        246   -2.852E-02,  9.893E-01, -1.430E-01         F               0         Blade 1 Z orientation angle, node 15, rad
        247    9.890E-01,  7.139E-03, -1.478E-01         F               0         Blade 1 X orientation angle, node 16, rad
        248   -1.452E-01, -1.457E-01, -9.786E-01         F               0         Blade 1 Y orientation angle, node 16, rad
        249   -2.852E-02,  9.893E-01, -1.430E-01         F               0         Blade 1 Z orientation angle, node 16, rad
        250    9.882E-01,  6.325E-03, -1.533E-01         F               0         Blade 1 X orientation angle, node 17, rad
        251   -1.507E-01, -1.457E-01, -9.778E-01         F               0         Blade 1 Y orientation angle, node 17, rad
        252   -2.852E-02,  9.893E-01, -1.430E-01         F               0         Blade 1 Z orientation angle, node 17, rad
        253    9.874E-01,  5.562E-03, -1.584E-01         F               0         Blade 1 X orientation angle, node 18, rad
        254   -1.559E-01, -1.457E-01, -9.770E-01         F               0         Blade 1 Y orientation angle, node 18, rad
        255   -2.852E-02,  9.893E-01, -1.430E-01         F               0         Blade 1 Z orientation angle, node 18, rad
        256    9.866E-01,  4.875E-03, -1.630E-01         F               0         Blade 1 X orientation angle, node 19, rad
        257   -1.606E-01, -1.458E-01, -9.762E-01         F               0         Blade 1 Y orientation angle, node 19, rad
        258   -2.852E-02,  9.893E-01, -1.430E-01         F               0         Blade 1 Z orientation angle, node 19, rad
        259    9.859E-01,  4.264E-03, -1.671E-01         F               0         Blade 1 X orientation angle, node 20, rad
        260   -1.647E-01, -1.458E-01, -9.755E-01         F               0         Blade 1 Y orientation angle, node 20, rad
        261   -2.852E-02,  9.893E-01, -1.430E-01         F               0         Blade 1 Z orientation angle, node 20, rad
        262    9.853E-01,  3.679E-03, -1.710E-01         F               0         Blade 1 X orientation angle, node 21, rad
        263   -1.686E-01, -1.458E-01, -9.748E-01         F               0         Blade 1 Y orientation angle, node 21, rad
        264   -2.852E-02,  9.893E-01, -1.430E-01         F               0         Blade 1 Z orientation angle, node 21, rad
        265    9.846E-01,  3.145E-03, -1.746E-01         F               0         Blade 1 X orientation angle, node 22, rad
        266   -1.722E-01, -1.458E-01, -9.742E-01         F               0         Blade 1 Y orientation angle, node 22, rad
        267   -2.852E-02,  9.893E-01, -1.430E-01         F               0         Blade 1 Z orientation angle, node 22, rad
        268    9.841E-01,  2.661E-03, -1.778E-01         F               0         Blade 1 X orientation angle, node 23, rad
        269   -1.755E-01, -1.458E-01, -9.736E-01         F               0         Blade 1 Y orientation angle, node 23, rad
        270   -2.852E-02,  9.893E-01, -1.430E-01         F               0         Blade 1 Z orientation angle, node 23, rad
        271    9.835E-01,  2.203E-03, -1.809E-01         F               0         Blade 1 X orientation angle, node 24, rad
        272   -1.786E-01, -1.458E-01, -9.731E-01         F               0         Blade 1 Y orientation angle, node 24, rad
        273   -2.852E-02,  9.893E-01, -1.430E-01         F               0         Blade 1 Z orientation angle, node 24, rad
        274    9.830E-01,  1.770E-03, -1.837E-01         F               0         Blade 1 X orientation angle, node 25, rad
        275   -1.815E-01, -1.458E-01, -9.725E-01         F               0         Blade 1 Y orientation angle, node 25, rad
        276   -2.852E-02,  9.893E-01, -1.430E-01         F               0         Blade 1 Z orientation angle, node 25, rad
        277    9.825E-01,  1.388E-03, -1.863E-01         F               0         Blade 1 X orientation angle, node 26, rad
        278   -1.841E-01, -1.458E-01, -9.720E-01         F               0         Blade 1 Y orientation angle, node 26, rad
        279   -2.852E-02,  9.893E-01, -1.430E-01         F               0         Blade 1 Z orientation angle, node 26, rad
        280    9.820E-01,  1.007E-03, -1.888E-01         F               0         Blade 1 X orientation angle, node 27, rad
        281   -1.867E-01, -1.458E-01, -9.715E-01         F               0         Blade 1 Y orientation angle, node 27, rad
        282   -2.852E-02,  9.893E-01, -1.430E-01         F               0         Blade 1 Z orientation angle, node 27, rad
        283    9.817E-01,  8.030E-04, -1.902E-01         F               0         Blade 1 X orientation angle, node 28, rad
        284   -1.880E-01, -1.458E-01, -9.713E-01         F               0         Blade 1 Y orientation angle, node 28, rad
        285   -2.852E-02,  9.893E-01, -1.430E-01         F               0         Blade 1 Z orientation angle, node 28, rad
        286    9.163E-01                                 F               0         Blade 1 X translation velocity, node 1, m/s
        287    7.875E-01                                 F               0         Blade 1 Y translation velocity, node 1, m/s
        288    4.767E+00                                 F               0         Blade 1 Z translation velocity, node 1, m/s
        289    1.137E+00                                 F               0         Blade 1 X translation velocity, node 2, m/s
        290    9.599E-01                                 F               0         Blade 1 Y translation velocity, node 2, m/s
        291    5.915E+00                                 F               0         Blade 1 Z translation velocity, node 2, m/s
        292    4.139E+00                                 F               0         Blade 1 X translation velocity, node 3, m/s
        293    3.304E+00                                 F               0         Blade 1 Y translation velocity, node 3, m/s
        294    2.153E+01                                 F               0         Blade 1 Z translation velocity, node 3, m/s
        295    4.778E+00                                 F               0         Blade 1 X translation velocity, node 4, m/s
        296    3.803E+00                                 F               0         Blade 1 Y translation velocity, node 4, m/s
        297    2.485E+01                                 F               0         Blade 1 Z translation velocity, node 4, m/s
        298    5.418E+00                                 F               0         Blade 1 X translation velocity, node 5, m/s
        299    4.303E+00                                 F               0         Blade 1 Y translation velocity, node 5, m/s
        300    2.818E+01                                 F               0         Blade 1 Z translation velocity, node 5, m/s
        301    6.058E+00                                 F               0         Blade 1 X translation velocity, node 6, m/s
        302    4.802E+00                                 F               0         Blade 1 Y translation velocity, node 6, m/s
        303    3.151E+01                                 F               0         Blade 1 Z translation velocity, node 6, m/s
        304    6.697E+00                                 F               0         Blade 1 X translation velocity, node 7, m/s
        305    5.301E+00                                 F               0         Blade 1 Y translation velocity, node 7, m/s
        306    3.483E+01                                 F               0         Blade 1 Z translation velocity, node 7, m/s
        307    7.337E+00                                 F               0         Blade 1 X translation velocity, node 8, m/s
