
Linearized model: Predictions were generated on 08-Jan-2024 at 09:43:14 using OpenFAST, compiled as a 64-bit application using single precision at commit v3.5.1
 linked with  NWTC Subroutine Library; ElastoDyn; InflowWind; AeroDyn; ServoDyn; HydroDyn; MoorDyn (v2.0.0, 2023-09-18)

Description from the FAST input file: CCT-9 Campign 4 model. Input files to be run with OpenFAST 3.5.0. GitHub branch from Lu Wang (https://github.com/luwang00/openfast/tree/dev) compiled on March 7, 2023.

Simulation information:
   Simulation time:                  1007.4750 s
   Rotor Speed:                         0.7078 rad/s
   Azimuth:                             4.4761 rad
   Wind Speed:                          8.0000 m/s
   Number of continuous states:         0
   Number of discrete states:           0
   Number of constraint states:         0
   Number of inputs:                 1746
   Number of outputs:                   4
   Jacobians included in this file?    No

Order of inputs:
     Column   Operating Point                     Rotating Frame? Derivative Order Description
   ---------- ---------------                     --------------- ---------------- -----------
          1    7.250E+00                                 F               0         Tower X translation displacement, node 1, m
          2   -1.278E+00                                 F               0         Tower Y translation displacement, node 1, m
          3   -1.655E-01                                 F               0         Tower Z translation displacement, node 1, m
          4    8.292E+00                                 F               0         Tower X translation displacement, node 2, m
          5   -1.819E+00                                 F               0         Tower Y translation displacement, node 2, m
          6   -2.214E-01                                 F               0         Tower Z translation displacement, node 2, m
          7    9.350E+00                                 F               0         Tower X translation displacement, node 3, m
          8   -2.366E+00                                 F               0         Tower Y translation displacement, node 3, m
          9   -2.789E-01                                 F               0         Tower Z translation displacement, node 3, m
         10    1.042E+01                                 F               0         Tower X translation displacement, node 4, m
         11   -2.916E+00                                 F               0         Tower Y translation displacement, node 4, m
         12   -3.376E-01                                 F               0         Tower Z translation displacement, node 4, m
         13    1.150E+01                                 F               0         Tower X translation displacement, node 5, m
         14   -3.470E+00                                 F               0         Tower Y translation displacement, node 5, m
         15   -3.973E-01                                 F               0         Tower Z translation displacement, node 5, m
         16    1.258E+01                                 F               0         Tower X translation displacement, node 6, m
         17   -4.026E+00                                 F               0         Tower Y translation displacement, node 6, m
         18   -4.577E-01                                 F               0         Tower Z translation displacement, node 6, m
         19    1.368E+01                                 F               0         Tower X translation displacement, node 7, m
         20   -4.585E+00                                 F               0         Tower Y translation displacement, node 7, m
         21   -5.187E-01                                 F               0         Tower Z translation displacement, node 7, m
         22    1.477E+01                                 F               0         Tower X translation displacement, node 8, m
         23   -5.146E+00                                 F               0         Tower Y translation displacement, node 8, m
         24   -5.802E-01                                 F               0         Tower Z translation displacement, node 8, m
         25    1.587E+01                                 F               0         Tower X translation displacement, node 9, m
         26   -5.709E+00                                 F               0         Tower Y translation displacement, node 9, m
         27   -6.419E-01                                 F               0         Tower Z translation displacement, node 9, m
         28    1.697E+01                                 F               0         Tower X translation displacement, node 10, m
         29   -6.273E+00                                 F               0         Tower Y translation displacement, node 10, m
         30   -7.038E-01                                 F               0         Tower Z translation displacement, node 10, m
         31    1.807E+01                                 F               0         Tower X translation displacement, node 11, m
         32   -6.837E+00                                 F               0         Tower Y translation displacement, node 11, m
         33   -7.659E-01                                 F               0         Tower Z translation displacement, node 11, m
         34    9.965E-01,  4.122E-03, -8.374E-02         F               0         Tower X orientation angle, node 1, rad
         35   -4.510E-04,  9.990E-01,  4.382E-02         F               0         Tower Y orientation angle, node 1, rad
         36    8.384E-02, -4.362E-02,  9.955E-01         F               0         Tower Z orientation angle, node 1, rad
         37    9.964E-01,  4.175E-03, -8.494E-02         F               0         Tower X orientation angle, node 2, rad
         38   -4.174E-04,  9.990E-01,  4.421E-02         F               0         Tower Y orientation angle, node 2, rad
         39    8.504E-02, -4.402E-02,  9.954E-01         F               0         Tower Z orientation angle, node 2, rad
         40    9.963E-01,  4.221E-03, -8.598E-02         F               0         Tower X orientation angle, node 3, rad
         41   -3.869E-04,  9.990E-01,  4.457E-02         F               0         Tower Y orientation angle, node 3, rad
         42    8.608E-02, -4.437E-02,  9.953E-01         F               0         Tower Z orientation angle, node 3, rad
         43    9.962E-01,  4.260E-03, -8.684E-02         F               0         Tower X orientation angle, node 4, rad
         44   -3.599E-04,  9.990E-01,  4.488E-02         F               0         Tower Y orientation angle, node 4, rad
         45    8.694E-02, -4.468E-02,  9.952E-01         F               0         Tower Z orientation angle, node 4, rad
         46    9.962E-01,  4.291E-03, -8.752E-02         F               0         Tower X orientation angle, node 5, rad
         47   -3.367E-04,  9.990E-01,  4.514E-02         F               0         Tower Y orientation angle, node 5, rad
         48    8.762E-02, -4.494E-02,  9.951E-01         F               0         Tower Z orientation angle, node 5, rad
         49    9.961E-01,  4.314E-03, -8.804E-02         F               0         Tower X orientation angle, node 6, rad
         50   -3.170E-04,  9.990E-01,  4.537E-02         F               0         Tower Y orientation angle, node 6, rad
         51    8.814E-02, -4.516E-02,  9.951E-01         F               0         Tower Z orientation angle, node 6, rad
         52    9.961E-01,  4.331E-03, -8.841E-02         F               0         Tower X orientation angle, node 7, rad
         53   -3.013E-04,  9.990E-01,  4.554E-02         F               0         Tower Y orientation angle, node 7, rad
         54    8.852E-02, -4.534E-02,  9.950E-01         F               0         Tower Z orientation angle, node 7, rad
         55    9.961E-01,  4.343E-03, -8.866E-02         F               0         Tower X orientation angle, node 8, rad
         56   -2.891E-04,  9.990E-01,  4.568E-02         F               0         Tower Y orientation angle, node 8, rad
         57    8.877E-02, -4.548E-02,  9.950E-01         F               0         Tower Z orientation angle, node 8, rad
         58    9.960E-01,  4.350E-03, -8.883E-02         F               0         Tower X orientation angle, node 9, rad
         59   -2.801E-04,  9.990E-01,  4.578E-02         F               0         Tower Y orientation angle, node 9, rad
         60    8.893E-02, -4.558E-02,  9.950E-01         F               0         Tower Z orientation angle, node 9, rad
         61    9.960E-01,  4.355E-03, -8.891E-02         F               0         Tower X orientation angle, node 10, rad
         62   -2.743E-04,  9.989E-01,  4.585E-02         F               0         Tower Y orientation angle, node 10, rad
         63    8.902E-02, -4.564E-02,  9.950E-01         F               0         Tower Z orientation angle, node 10, rad
         64    9.960E-01,  4.356E-03, -8.895E-02         F               0         Tower X orientation angle, node 11, rad
         65   -2.711E-04,  9.989E-01,  4.589E-02         F               0         Tower Y orientation angle, node 11, rad
         66    8.906E-02, -4.568E-02,  9.950E-01         F               0         Tower Z orientation angle, node 11, rad
         67   -2.046E-04                                 F               0         Tower X translation velocity, node 1, m/s
         68   -1.049E-03                                 F               0         Tower Y translation velocity, node 1, m/s
         69   -1.420E-03                                 F               0         Tower Z translation velocity, node 1, m/s
         70   -2.236E-04                                 F               0         Tower X translation velocity, node 2, m/s
         71   -1.159E-03                                 F               0         Tower Y translation velocity, node 2, m/s
         72   -1.424E-03                                 F               0         Tower Z translation velocity, node 2, m/s
         73   -2.552E-04                                 F               0         Tower X translation velocity, node 3, m/s
         74   -1.255E-03                                 F               0         Tower Y translation velocity, node 3, m/s
         75   -1.425E-03                                 F               0         Tower Z translation velocity, node 3, m/s
         76   -2.979E-04                                 F               0         Tower X translation velocity, node 4, m/s
         77   -1.338E-03                                 F               0         Tower Y translation velocity, node 4, m/s
         78   -1.425E-03                                 F               0         Tower Z translation velocity, node 4, m/s
         79   -3.513E-04                                 F               0         Tower X translation velocity, node 5, m/s
         80   -1.411E-03                                 F               0         Tower Y translation velocity, node 5, m/s
         81   -1.424E-03                                 F               0         Tower Z translation velocity, node 5, m/s
         82   -4.147E-04                                 F               0         Tower X translation velocity, node 6, m/s
         83   -1.473E-03                                 F               0         Tower Y translation velocity, node 6, m/s
         84   -1.421E-03                                 F               0         Tower Z translation velocity, node 6, m/s
         85   -4.867E-04                                 F               0         Tower X translation velocity, node 7, m/s
         86   -1.527E-03                                 F               0         Tower Y translation velocity, node 7, m/s
         87   -1.417E-03                                 F               0         Tower Z translation velocity, node 7, m/s
         88   -5.670E-04                                 F               0         Tower X translation velocity, node 8, m/s
         89   -1.573E-03                                 F               0         Tower Y translation velocity, node 8, m/s
         90   -1.412E-03                                 F               0         Tower Z translation velocity, node 8, m/s
         91   -6.541E-04                                 F               0         Tower X translation velocity, node 9, m/s
         92   -1.613E-03                                 F               0         Tower Y translation velocity, node 9, m/s
         93   -1.406E-03                                 F               0         Tower Z translation velocity, node 9, m/s
         94   -7.466E-04                                 F               0         Tower X translation velocity, node 10, m/s
         95   -1.649E-03                                 F               0         Tower Y translation velocity, node 10, m/s
         96   -1.399E-03                                 F               0         Tower Z translation velocity, node 10, m/s
         97   -8.424E-04                                 F               0         Tower X translation velocity, node 11, m/s
         98   -1.682E-03                                 F               0         Tower Y translation velocity, node 11, m/s
         99   -1.392E-03                                 F               0         Tower Z translation velocity, node 11, m/s
        100    1.881E+01                                 F               0         Hub X translation displacement, node 1, m
        101   -7.243E+00                                 F               0         Hub Y translation displacement, node 1, m
        102    1.555E-01                                 F               0         Hub Z translation displacement, node 1, m
        103    9.813E-01,  9.107E-03, -1.925E-01         F               0         Hub X orientation angle, node 1, rad
        104   -1.873E-01, -1.901E-01, -9.637E-01         F               0         Hub Y orientation angle, node 1, rad
        105   -4.537E-02,  9.817E-01, -1.849E-01         F               0         Hub Z orientation angle, node 1, rad
        106    6.945E-01                                 F               0         Hub X rotation velocity, node 1, rad/s
        107    6.438E-03                                 F               0         Hub Y rotation velocity, node 1, rad/s
        108   -1.362E-01                                 F               0         Hub Z rotation velocity, node 1, rad/s
        109    9.864E-01,  1.474E-02, -1.638E-01         F               0         Blade root 1 X orientation angle, node 1, rad
        110   -1.581E-01, -1.898E-01, -9.690E-01         F               0         Blade root 1 Y orientation angle, node 1, rad
        111   -4.537E-02,  9.817E-01, -1.849E-01         F               0         Blade root 1 Z orientation angle, node 1, rad
        112    9.792E-01, -1.894E-02, -2.019E-01         F               0         Blade root 2 X orientation angle, node 1, rad
        113    8.343E-02,  9.451E-01,  3.159E-01         F               0         Blade root 2 Y orientation angle, node 1, rad
        114    1.849E-01, -3.262E-01,  9.271E-01         F               0         Blade root 2 Z orientation angle, node 1, rad
        115    9.769E-01,  3.151E-02, -2.114E-01         F               0         Blade root 3 X orientation angle, node 1, rad
        116    1.620E-01, -7.545E-01,  6.360E-01         F               0         Blade root 3 Y orientation angle, node 1, rad
        117   -1.395E-01, -6.555E-01, -7.422E-01         F               0         Blade root 3 Z orientation angle, node 1, rad
        118    1.798E+01                                 F               0         Blade 1 X translation displacement, node 1, m
        119   -1.804E+00                                 F               0         Blade 1 Y translation displacement, node 1, m
        120   -6.378E+00                                 F               0         Blade 1 Z translation displacement, node 1, m
        121    1.778E+01                                 F               0         Blade 1 X translation displacement, node 2, m
        122   -4.934E-01                                 F               0         Blade 1 Y translation displacement, node 2, m
        123   -7.953E+00                                 F               0         Blade 1 Z translation displacement, node 2, m
        124    1.506E+01                                 F               0         Blade 1 X translation displacement, node 3, m
        125    1.733E+01                                 F               0         Blade 1 Y translation displacement, node 3, m
        126   -2.936E+01                                 F               0         Blade 1 Z translation displacement, node 3, m
        127    1.448E+01                                 F               0         Blade 1 X translation displacement, node 4, m
        128    2.112E+01                                 F               0         Blade 1 Y translation displacement, node 4, m
        129   -3.392E+01                                 F               0         Blade 1 Z translation displacement, node 4, m
        130    1.390E+01                                 F               0         Blade 1 X translation displacement, node 5, m
        131    2.492E+01                                 F               0         Blade 1 Y translation displacement, node 5, m
        132   -3.848E+01                                 F               0         Blade 1 Z translation displacement, node 5, m
        133    1.332E+01                                 F               0         Blade 1 X translation displacement, node 6, m
        134    2.872E+01                                 F               0         Blade 1 Y translation displacement, node 6, m
        135   -4.305E+01                                 F               0         Blade 1 Z translation displacement, node 6, m
        136    1.274E+01                                 F               0         Blade 1 X translation displacement, node 7, m
        137    3.251E+01                                 F               0         Blade 1 Y translation displacement, node 7, m
        138   -4.761E+01                                 F               0         Blade 1 Z translation displacement, node 7, m
        139    1.216E+01                                 F               0         Blade 1 X translation displacement, node 8, m
        140    3.631E+01                                 F               0         Blade 1 Y translation displacement, node 8, m
        141   -5.217E+01                                 F               0         Blade 1 Z translation displacement, node 8, m
        142    1.158E+01                                 F               0         Blade 1 X translation displacement, node 9, m
        143    4.011E+01                                 F               0         Blade 1 Y translation displacement, node 9, m
        144   -5.673E+01                                 F               0         Blade 1 Z translation displacement, node 9, m
        145    1.100E+01                                 F               0         Blade 1 X translation displacement, node 10, m
        146    4.391E+01                                 F               0         Blade 1 Y translation displacement, node 10, m
        147   -6.129E+01                                 F               0         Blade 1 Z translation displacement, node 10, m
        148    1.042E+01                                 F               0         Blade 1 X translation displacement, node 11, m
        149    4.770E+01                                 F               0         Blade 1 Y translation displacement, node 11, m
        150   -6.585E+01                                 F               0         Blade 1 Z translation displacement, node 11, m
        151    9.842E+00                                 F               0         Blade 1 X translation displacement, node 12, m
        152    5.150E+01                                 F               0         Blade 1 Y translation displacement, node 12, m
        153   -7.042E+01                                 F               0         Blade 1 Z translation displacement, node 12, m
        154    9.262E+00                                 F               0         Blade 1 X translation displacement, node 13, m
        155    5.530E+01                                 F               0         Blade 1 Y translation displacement, node 13, m
        156   -7.498E+01                                 F               0         Blade 1 Z translation displacement, node 13, m
        157    8.682E+00                                 F               0         Blade 1 X translation displacement, node 14, m
        158    5.909E+01                                 F               0         Blade 1 Y translation displacement, node 14, m
        159   -7.954E+01                                 F               0         Blade 1 Z translation displacement, node 14, m
        160    8.102E+00                                 F               0         Blade 1 X translation displacement, node 15, m
        161    6.289E+01                                 F               0         Blade 1 Y translation displacement, node 15, m
        162   -8.410E+01                                 F               0         Blade 1 Z translation displacement, node 15, m
        163    7.523E+00                                 F               0         Blade 1 X translation displacement, node 16, m
        164    6.669E+01                                 F               0         Blade 1 Y translation displacement, node 16, m
        165   -8.866E+01                                 F               0         Blade 1 Z translation displacement, node 16, m
        166    6.943E+00                                 F               0         Blade 1 X translation displacement, node 17, m
        167    7.048E+01                                 F               0         Blade 1 Y translation displacement, node 17, m
        168   -9.322E+01                                 F               0         Blade 1 Z translation displacement, node 17, m
        169    6.363E+00                                 F               0         Blade 1 X translation displacement, node 18, m
        170    7.428E+01                                 F               0         Blade 1 Y translation displacement, node 18, m
        171   -9.778E+01                                 F               0         Blade 1 Z translation displacement, node 18, m
        172    5.783E+00                                 F               0         Blade 1 X translation displacement, node 19, m
        173    7.808E+01                                 F               0         Blade 1 Y translation displacement, node 19, m
        174   -1.023E+02                                 F               0         Blade 1 Z translation displacement, node 19, m
        175    5.203E+00                                 F               0         Blade 1 X translation displacement, node 20, m
        176    8.188E+01                                 F               0         Blade 1 Y translation displacement, node 20, m
        177   -1.069E+02                                 F               0         Blade 1 Z translation displacement, node 20, m
        178    4.624E+00                                 F               0         Blade 1 X translation displacement, node 21, m
        179    8.567E+01                                 F               0         Blade 1 Y translation displacement, node 21, m
        180   -1.115E+02                                 F               0         Blade 1 Z translation displacement, node 21, m
        181    4.044E+00                                 F               0         Blade 1 X translation displacement, node 22, m
        182    8.947E+01                                 F               0         Blade 1 Y translation displacement, node 22, m
        183   -1.160E+02                                 F               0         Blade 1 Z translation displacement, node 22, m
        184    3.464E+00                                 F               0         Blade 1 X translation displacement, node 23, m
        185    9.327E+01                                 F               0         Blade 1 Y translation displacement, node 23, m
        186   -1.206E+02                                 F               0         Blade 1 Z translation displacement, node 23, m
        187    2.884E+00                                 F               0         Blade 1 X translation displacement, node 24, m
        188    9.706E+01                                 F               0         Blade 1 Y translation displacement, node 24, m
        189   -1.252E+02                                 F               0         Blade 1 Z translation displacement, node 24, m
        190    2.305E+00                                 F               0         Blade 1 X translation displacement, node 25, m
        191    1.009E+02                                 F               0         Blade 1 Y translation displacement, node 25, m
        192   -1.297E+02                                 F               0         Blade 1 Z translation displacement, node 25, m
        193    1.725E+00                                 F               0         Blade 1 X translation displacement, node 26, m
        194    1.047E+02                                 F               0         Blade 1 Y translation displacement, node 26, m
        195   -1.343E+02                                 F               0         Blade 1 Z translation displacement, node 26, m
        196    1.145E+00                                 F               0         Blade 1 X translation displacement, node 27, m
        197    1.085E+02                                 F               0         Blade 1 Y translation displacement, node 27, m
        198   -1.388E+02                                 F               0         Blade 1 Z translation displacement, node 27, m
        199    6.535E-01                                 F               0         Blade 1 X translation displacement, node 28, m
        200    1.117E+02                                 F               0         Blade 1 Y translation displacement, node 28, m
        201   -1.427E+02                                 F               0         Blade 1 Z translation displacement, node 28, m
        202    9.499E-01,  9.967E-02,  2.961E-01         F               0         Blade 1 X orientation angle, node 1, rad
        203    3.091E-01, -1.622E-01, -9.371E-01         F               0         Blade 1 Y orientation angle, node 1, rad
        204   -4.537E-02,  9.817E-01, -1.849E-01         F               0         Blade 1 Z orientation angle, node 1, rad
        205    9.499E-01,  9.967E-02,  2.961E-01         F               0         Blade 1 X orientation angle, node 2, rad
        206    3.091E-01, -1.622E-01, -9.371E-01         F               0         Blade 1 Y orientation angle, node 2, rad
        207   -4.537E-02,  9.817E-01, -1.849E-01         F               0         Blade 1 Z orientation angle, node 2, rad
        208    9.961E-01,  5.839E-02,  6.557E-02         F               0         Blade 1 X orientation angle, node 3, rad
        209    7.517E-02, -1.812E-01, -9.806E-01         F               0         Blade 1 Y orientation angle, node 3, rad
        210   -4.537E-02,  9.817E-01, -1.849E-01         F               0         Blade 1 Z orientation angle, node 3, rad
        211    9.984E-01,  5.069E-02,  2.411E-02         F               0         Blade 1 X orientation angle, node 4, rad
        212    3.304E-02, -1.835E-01, -9.825E-01         F               0         Blade 1 Y orientation angle, node 4, rad
        213   -4.537E-02,  9.817E-01, -1.849E-01         F               0         Blade 1 Z orientation angle, node 4, rad
        214    9.990E-01,  4.457E-02, -8.475E-03         F               0         Blade 1 X orientation angle, node 5, rad
        215   -7.978E-05, -1.851E-01, -9.827E-01         F               0         Blade 1 Y orientation angle, node 5, rad
        216   -4.537E-02,  9.817E-01, -1.849E-01         F               0         Blade 1 Z orientation angle, node 5, rad
        217    9.986E-01,  3.965E-02, -3.454E-02         F               0         Blade 1 X orientation angle, node 6, rad
        218   -2.658E-02, -1.862E-01, -9.822E-01         F               0         Blade 1 Y orientation angle, node 6, rad
        219   -4.537E-02,  9.817E-01, -1.849E-01         F               0         Blade 1 Z orientation angle, node 6, rad
        220    9.978E-01,  3.558E-02, -5.596E-02         F               0         Blade 1 X orientation angle, node 7, rad
        221   -4.836E-02, -1.870E-01, -9.812E-01         F               0         Blade 1 Y orientation angle, node 7, rad
        222   -4.537E-02,  9.817E-01, -1.849E-01         F               0         Blade 1 Z orientation angle, node 7, rad
        223    9.968E-01,  3.218E-02, -7.376E-02         F               0         Blade 1 X orientation angle, node 8, rad
        224   -6.646E-02, -1.876E-01, -9.800E-01         F               0         Blade 1 Y orientation angle, node 8, rad
        225   -4.537E-02,  9.817E-01, -1.849E-01         F               0         Blade 1 Z orientation angle, node 8, rad
        226    9.956E-01,  2.929E-02, -8.880E-02         F               0         Blade 1 X orientation angle, node 9, rad
        227   -8.176E-02, -1.881E-01, -9.787E-01         F               0         Blade 1 Y orientation angle, node 9, rad
        228   -4.537E-02,  9.817E-01, -1.849E-01         F               0         Blade 1 Z orientation angle, node 9, rad
        229    9.944E-01,  2.680E-02, -1.018E-01         F               0         Blade 1 X orientation angle, node 10, rad
        230   -9.496E-02, -1.885E-01, -9.775E-01         F               0         Blade 1 Y orientation angle, node 10, rad
        231   -4.537E-02,  9.817E-01, -1.849E-01         F               0         Blade 1 Z orientation angle, node 10, rad
        232    9.933E-01,  2.466E-02, -1.129E-01         F               0         Blade 1 X orientation angle, node 11, rad
        233   -1.062E-01, -1.888E-01, -9.763E-01         F               0         Blade 1 Y orientation angle, node 11, rad
        234   -4.537E-02,  9.817E-01, -1.849E-01         F               0         Blade 1 Z orientation angle, node 11, rad
        235    9.922E-01,  2.278E-02, -1.226E-01         F               0         Blade 1 X orientation angle, node 12, rad
        236   -1.161E-01, -1.890E-01, -9.751E-01         F               0         Blade 1 Y orientation angle, node 12, rad
        237   -4.537E-02,  9.817E-01, -1.849E-01         F               0         Blade 1 Z orientation angle, node 12, rad
        238    9.911E-01,  2.113E-02, -1.311E-01         F               0         Blade 1 X orientation angle, node 13, rad
        239   -1.248E-01, -1.892E-01, -9.740E-01         F               0         Blade 1 Y orientation angle, node 13, rad
        240   -4.537E-02,  9.817E-01, -1.849E-01         F               0         Blade 1 Z orientation angle, node 13, rad
        241    9.901E-01,  1.964E-02, -1.387E-01         F               0         Blade 1 X orientation angle, node 14, rad
        242   -1.325E-01, -1.893E-01, -9.729E-01         F               0         Blade 1 Y orientation angle, node 14, rad
        243   -4.537E-02,  9.817E-01, -1.849E-01         F               0         Blade 1 Z orientation angle, node 14, rad
        244    9.892E-01,  1.832E-02, -1.455E-01         F               0         Blade 1 X orientation angle, node 15, rad
        245   -1.395E-01, -1.895E-01, -9.719E-01         F               0         Blade 1 Y orientation angle, node 15, rad
        246   -4.537E-02,  9.817E-01, -1.849E-01         F               0         Blade 1 Z orientation angle, node 15, rad
        247    9.883E-01,  1.713E-02, -1.516E-01         F               0         Blade 1 X orientation angle, node 16, rad
        248   -1.457E-01, -1.896E-01, -9.710E-01         F               0         Blade 1 Y orientation angle, node 16, rad
        249   -4.537E-02,  9.817E-01, -1.849E-01         F               0         Blade 1 Z orientation angle, node 16, rad
        250    9.875E-01,  1.607E-02, -1.570E-01         F               0         Blade 1 X orientation angle, node 17, rad
        251   -1.512E-01, -1.897E-01, -9.701E-01         F               0         Blade 1 Y orientation angle, node 17, rad
        252   -4.537E-02,  9.817E-01, -1.849E-01         F               0         Blade 1 Z orientation angle, node 17, rad
        253    9.867E-01,  1.508E-02, -1.621E-01         F               0         Blade 1 X orientation angle, node 18, rad
        254   -1.564E-01, -1.898E-01, -9.693E-01         F               0         Blade 1 Y orientation angle, node 18, rad
        255   -4.537E-02,  9.817E-01, -1.849E-01         F               0         Blade 1 Z orientation angle, node 18, rad
        256    9.859E-01,  1.418E-02, -1.667E-01         F               0         Blade 1 X orientation angle, node 19, rad
        257   -1.610E-01, -1.898E-01, -9.685E-01         F               0         Blade 1 Y orientation angle, node 19, rad
        258   -4.537E-02,  9.817E-01, -1.849E-01         F               0         Blade 1 Z orientation angle, node 19, rad
        259    9.852E-01,  1.339E-02, -1.707E-01         F               0         Blade 1 X orientation angle, node 20, rad
        260   -1.651E-01, -1.899E-01, -9.678E-01         F               0         Blade 1 Y orientation angle, node 20, rad
        261   -4.537E-02,  9.817E-01, -1.849E-01         F               0         Blade 1 Z orientation angle, node 20, rad
        262    9.846E-01,  1.262E-02, -1.746E-01         F               0         Blade 1 X orientation angle, node 21, rad
        263   -1.691E-01, -1.899E-01, -9.671E-01         F               0         Blade 1 Y orientation angle, node 21, rad
        264   -4.537E-02,  9.817E-01, -1.849E-01         F               0         Blade 1 Z orientation angle, node 21, rad
        265    9.839E-01,  1.193E-02, -1.782E-01         F               0         Blade 1 X orientation angle, node 22, rad
        266   -1.727E-01, -1.900E-01, -9.665E-01         F               0         Blade 1 Y orientation angle, node 22, rad
        267   -4.537E-02,  9.817E-01, -1.849E-01         F               0         Blade 1 Z orientation angle, node 22, rad
        268    9.834E-01,  1.130E-02, -1.814E-01         F               0         Blade 1 X orientation angle, node 23, rad
        269   -1.760E-01, -1.900E-01, -9.659E-01         F               0         Blade 1 Y orientation angle, node 23, rad
        270   -4.537E-02,  9.817E-01, -1.849E-01         F               0         Blade 1 Z orientation angle, node 23, rad
        271    9.828E-01,  1.070E-02, -1.844E-01         F               0         Blade 1 X orientation angle, node 24, rad
        272   -1.790E-01, -1.901E-01, -9.653E-01         F               0         Blade 1 Y orientation angle, node 24, rad
        273   -4.537E-02,  9.817E-01, -1.849E-01         F               0         Blade 1 Z orientation angle, node 24, rad
        274    9.823E-01,  1.014E-02, -1.873E-01         F               0         Blade 1 X orientation angle, node 25, rad
        275   -1.820E-01, -1.901E-01, -9.648E-01         F               0         Blade 1 Y orientation angle, node 25, rad
        276   -4.537E-02,  9.817E-01, -1.849E-01         F               0         Blade 1 Z orientation angle, node 25, rad
        277    9.818E-01,  9.638E-03, -1.898E-01         F               0         Blade 1 X orientation angle, node 26, rad
        278   -1.845E-01, -1.901E-01, -9.643E-01         F               0         Blade 1 Y orientation angle, node 26, rad
        279   -4.537E-02,  9.817E-01, -1.849E-01         F               0         Blade 1 Z orientation angle, node 26, rad
        280    9.813E-01,  9.141E-03, -1.923E-01         F               0         Blade 1 X orientation angle, node 27, rad
        281   -1.871E-01, -1.901E-01, -9.638E-01         F               0         Blade 1 Y orientation angle, node 27, rad
        282   -4.537E-02,  9.817E-01, -1.849E-01         F               0         Blade 1 Z orientation angle, node 27, rad
        283    9.810E-01,  8.875E-03, -1.936E-01         F               0         Blade 1 X orientation angle, node 28, rad
        284   -1.885E-01, -1.902E-01, -9.635E-01         F               0         Blade 1 Y orientation angle, node 28, rad
        285   -4.537E-02,  9.817E-01, -1.849E-01         F               0         Blade 1 Z orientation angle, node 28, rad
        286    7.334E-01                                 F               0         Blade 1 X translation velocity, node 1, m/s
        287    7.438E-01                                 F               0         Blade 1 Y translation velocity, node 1, m/s
        288    3.778E+00                                 F               0         Blade 1 Z translation velocity, node 1, m/s
        289    9.103E-01                                 F               0         Blade 1 X translation velocity, node 2, m/s
        290    9.235E-01                                 F               0         Blade 1 Y translation velocity, node 2, m/s
        291    4.688E+00                                 F               0         Blade 1 Z translation velocity, node 2, m/s
        292    3.316E+00                                 F               0         Blade 1 X translation velocity, node 3, m/s
        293    3.366E+00                                 F               0         Blade 1 Y translation velocity, node 3, m/s
        294    1.707E+01                                 F               0         Blade 1 Z translation velocity, node 3, m/s
        295    3.829E+00                                 F               0         Blade 1 X translation velocity, node 4, m/s
        296    3.887E+00                                 F               0         Blade 1 Y translation velocity, node 4, m/s
        297    1.971E+01                                 F               0         Blade 1 Z translation velocity, node 4, m/s
        298    4.342E+00                                 F               0         Blade 1 X translation velocity, node 5, m/s
        299    4.408E+00                                 F               0         Blade 1 Y translation velocity, node 5, m/s
        300    2.235E+01                                 F               0         Blade 1 Z translation velocity, node 5, m/s
        301    4.854E+00                                 F               0         Blade 1 X translation velocity, node 6, m/s
        302    4.928E+00                                 F               0         Blade 1 Y translation velocity, node 6, m/s
        303    2.499E+01                                 F               0         Blade 1 Z translation velocity, node 6, m/s
        304    5.367E+00                                 F               0         Blade 1 X translation velocity, node 7, m/s
        305    5.448E+00                                 F               0         Blade 1 Y translation velocity, node 7, m/s
        306    2.762E+01                                 F               0         Blade 1 Z translation velocity, node 7, m/s
        307    5.880E+00                                 F               0         Blade 1 X translation velocity, node 8, m/s
