
Linearized model: Predictions were generated on 08-Jan-2024 at 09:43:14 using OpenFAST, compiled as a 64-bit application using single precision at commit v3.5.1
 linked with  NWTC Subroutine Library; ElastoDyn; InflowWind; AeroDyn; ServoDyn; HydroDyn; MoorDyn (v2.0.0, 2023-09-18)

Description from the FAST input file: CCT-9 Campign 4 model. Input files to be run with OpenFAST 3.5.0. GitHub branch from Lu Wang (https://github.com/luwang00/openfast/tree/dev) compiled on March 7, 2023.

Simulation information:
   Simulation time:                  1006.2250 s
   Rotor Speed:                         0.7078 rad/s
   Azimuth:                             3.5913 rad
   Wind Speed:                          8.0000 m/s
   Number of continuous states:         0
   Number of discrete states:           0
   Number of constraint states:         0
   Number of inputs:                 1746
   Number of outputs:                   4
   Jacobians included in this file?    No

Order of inputs:
     Column   Operating Point                     Rotating Frame? Derivative Order Description
   ---------- ---------------                     --------------- ---------------- -----------
          1    7.250E+00                                 F               0         Tower X translation displacement, node 1, m
          2   -1.277E+00                                 F               0         Tower Y translation displacement, node 1, m
          3   -1.632E-01                                 F               0         Tower Z translation displacement, node 1, m
          4    8.292E+00                                 F               0         Tower X translation displacement, node 2, m
          5   -1.818E+00                                 F               0         Tower Y translation displacement, node 2, m
          6   -2.191E-01                                 F               0         Tower Z translation displacement, node 2, m
          7    9.350E+00                                 F               0         Tower X translation displacement, node 3, m
          8   -2.364E+00                                 F               0         Tower Y translation displacement, node 3, m
          9   -2.766E-01                                 F               0         Tower Z translation displacement, node 3, m
         10    1.042E+01                                 F               0         Tower X translation displacement, node 4, m
         11   -2.914E+00                                 F               0         Tower Y translation displacement, node 4, m
         12   -3.353E-01                                 F               0         Tower Z translation displacement, node 4, m
         13    1.150E+01                                 F               0         Tower X translation displacement, node 5, m
         14   -3.468E+00                                 F               0         Tower Y translation displacement, node 5, m
         15   -3.949E-01                                 F               0         Tower Z translation displacement, node 5, m
         16    1.259E+01                                 F               0         Tower X translation displacement, node 6, m
         17   -4.025E+00                                 F               0         Tower Y translation displacement, node 6, m
         18   -4.554E-01                                 F               0         Tower Z translation displacement, node 6, m
         19    1.368E+01                                 F               0         Tower X translation displacement, node 7, m
         20   -4.584E+00                                 F               0         Tower Y translation displacement, node 7, m
         21   -5.164E-01                                 F               0         Tower Z translation displacement, node 7, m
         22    1.477E+01                                 F               0         Tower X translation displacement, node 8, m
         23   -5.145E+00                                 F               0         Tower Y translation displacement, node 8, m
         24   -5.778E-01                                 F               0         Tower Z translation displacement, node 8, m
         25    1.587E+01                                 F               0         Tower X translation displacement, node 9, m
         26   -5.707E+00                                 F               0         Tower Y translation displacement, node 9, m
         27   -6.396E-01                                 F               0         Tower Z translation displacement, node 9, m
         28    1.697E+01                                 F               0         Tower X translation displacement, node 10, m
         29   -6.271E+00                                 F               0         Tower Y translation displacement, node 10, m
         30   -7.015E-01                                 F               0         Tower Z translation displacement, node 10, m
         31    1.807E+01                                 F               0         Tower X translation displacement, node 11, m
         32   -6.835E+00                                 F               0         Tower Y translation displacement, node 11, m
         33   -7.636E-01                                 F               0         Tower Z translation displacement, node 11, m
         34    9.965E-01,  4.119E-03, -8.374E-02         F               0         Tower X orientation angle, node 1, rad
         35   -4.485E-04,  9.990E-01,  4.381E-02         F               0         Tower Y orientation angle, node 1, rad
         36    8.384E-02, -4.362E-02,  9.955E-01         F               0         Tower Z orientation angle, node 1, rad
         37    9.964E-01,  4.172E-03, -8.494E-02         F               0         Tower X orientation angle, node 2, rad
         38   -4.149E-04,  9.990E-01,  4.420E-02         F               0         Tower Y orientation angle, node 2, rad
         39    8.504E-02, -4.401E-02,  9.954E-01         F               0         Tower Z orientation angle, node 2, rad
         40    9.963E-01,  4.218E-03, -8.598E-02         F               0         Tower X orientation angle, node 3, rad
         41   -3.843E-04,  9.990E-01,  4.456E-02         F               0         Tower Y orientation angle, node 3, rad
         42    8.608E-02, -4.436E-02,  9.953E-01         F               0         Tower Z orientation angle, node 3, rad
         43    9.962E-01,  4.257E-03, -8.684E-02         F               0         Tower X orientation angle, node 4, rad
         44   -3.572E-04,  9.990E-01,  4.487E-02         F               0         Tower Y orientation angle, node 4, rad
         45    8.694E-02, -4.467E-02,  9.952E-01         F               0         Tower Z orientation angle, node 4, rad
         46    9.962E-01,  4.287E-03, -8.752E-02         F               0         Tower X orientation angle, node 5, rad
         47   -3.339E-04,  9.990E-01,  4.514E-02         F               0         Tower Y orientation angle, node 5, rad
         48    8.762E-02, -4.494E-02,  9.951E-01         F               0         Tower Z orientation angle, node 5, rad
         49    9.961E-01,  4.311E-03, -8.804E-02         F               0         Tower X orientation angle, node 6, rad
         50   -3.142E-04,  9.990E-01,  4.536E-02         F               0         Tower Y orientation angle, node 6, rad
         51    8.815E-02, -4.516E-02,  9.951E-01         F               0         Tower Z orientation angle, node 6, rad
         52    9.961E-01,  4.328E-03, -8.841E-02         F               0         Tower X orientation angle, node 7, rad
         53   -2.984E-04,  9.990E-01,  4.554E-02         F               0         Tower Y orientation angle, node 7, rad
         54    8.852E-02, -4.534E-02,  9.950E-01         F               0         Tower Z orientation angle, node 7, rad
         55    9.961E-01,  4.340E-03, -8.867E-02         F               0         Tower X orientation angle, node 8, rad
         56   -2.861E-04,  9.990E-01,  4.568E-02         F               0         Tower Y orientation angle, node 8, rad
         57    8.877E-02, -4.547E-02,  9.950E-01         F               0         Tower Z orientation angle, node 8, rad
         58    9.960E-01,  4.347E-03, -8.883E-02         F               0         Tower X orientation angle, node 9, rad
         59   -2.771E-04,  9.990E-01,  4.578E-02         F               0         Tower Y orientation angle, node 9, rad
         60    8.894E-02, -4.558E-02,  9.950E-01         F               0         Tower Z orientation angle, node 9, rad
         61    9.960E-01,  4.352E-03, -8.892E-02         F               0         Tower X orientation angle, node 10, rad
         62   -2.713E-04,  9.989E-01,  4.585E-02         F               0         Tower Y orientation angle, node 10, rad
         63    8.903E-02, -4.564E-02,  9.950E-01         F               0         Tower Z orientation angle, node 10, rad
         64    9.960E-01,  4.353E-03, -8.896E-02         F               0         Tower X orientation angle, node 11, rad
         65   -2.680E-04,  9.989E-01,  4.588E-02         F               0         Tower Y orientation angle, node 11, rad
         66    8.907E-02, -4.568E-02,  9.950E-01         F               0         Tower Z orientation angle, node 11, rad
         67   -2.092E-04                                 F               0         Tower X translation velocity, node 1, m/s
         68   -7.356E-04                                 F               0         Tower Y translation velocity, node 1, m/s
         69   -2.250E-03                                 F               0         Tower Z translation velocity, node 1, m/s
         70   -2.221E-04                                 F               0         Tower X translation velocity, node 2, m/s
         71   -7.529E-04                                 F               0         Tower Y translation velocity, node 2, m/s
         72   -2.249E-03                                 F               0         Tower Z translation velocity, node 2, m/s
         73   -2.272E-04                                 F               0         Tower X translation velocity, node 3, m/s
         74   -7.609E-04                                 F               0         Tower Y translation velocity, node 3, m/s
         75   -2.249E-03                                 F               0         Tower Z translation velocity, node 3, m/s
         76   -2.258E-04                                 F               0         Tower X translation velocity, node 4, m/s
         77   -7.613E-04                                 F               0         Tower Y translation velocity, node 4, m/s
         78   -2.250E-03                                 F               0         Tower Z translation velocity, node 4, m/s
         79   -2.187E-04                                 F               0         Tower X translation velocity, node 5, m/s
         80   -7.547E-04                                 F               0         Tower Y translation velocity, node 5, m/s
         81   -2.250E-03                                 F               0         Tower Z translation velocity, node 5, m/s
         82   -2.064E-04                                 F               0         Tower X translation velocity, node 6, m/s
         83   -7.419E-04                                 F               0         Tower Y translation velocity, node 6, m/s
         84   -2.250E-03                                 F               0         Tower Z translation velocity, node 6, m/s
         85   -1.900E-04                                 F               0         Tower X translation velocity, node 7, m/s
         86   -7.242E-04                                 F               0         Tower Y translation velocity, node 7, m/s
         87   -2.251E-03                                 F               0         Tower Z translation velocity, node 7, m/s
         88   -1.698E-04                                 F               0         Tower X translation velocity, node 8, m/s
         89   -7.020E-04                                 F               0         Tower Y translation velocity, node 8, m/s
         90   -2.252E-03                                 F               0         Tower Z translation velocity, node 8, m/s
         91   -1.466E-04                                 F               0         Tower X translation velocity, node 9, m/s
         92   -6.761E-04                                 F               0         Tower Y translation velocity, node 9, m/s
         93   -2.253E-03                                 F               0         Tower Z translation velocity, node 9, m/s
         94   -1.211E-04                                 F               0         Tower X translation velocity, node 10, m/s
         95   -6.475E-04                                 F               0         Tower Y translation velocity, node 10, m/s
         96   -2.254E-03                                 F               0         Tower Z translation velocity, node 10, m/s
         97   -9.425E-05                                 F               0         Tower X translation velocity, node 11, m/s
         98   -6.173E-04                                 F               0         Tower Y translation velocity, node 11, m/s
         99   -2.255E-03                                 F               0         Tower Z translation velocity, node 11, m/s
        100    1.881E+01                                 F               0         Hub X translation displacement, node 1, m
        101   -7.241E+00                                 F               0         Hub Y translation displacement, node 1, m
        102    1.578E-01                                 F               0         Hub Z translation displacement, node 1, m
        103    9.813E-01,  9.104E-03, -1.925E-01         F               0         Hub X orientation angle, node 1, rad
        104   -8.353E-02, -8.801E-01, -4.675E-01         F               0         Hub Y orientation angle, node 1, rad
        105   -1.736E-01,  4.748E-01, -8.628E-01         F               0         Hub Z orientation angle, node 1, rad
        106    6.945E-01                                 F               0         Hub X rotation velocity, node 1, rad/s
        107    6.446E-03                                 F               0         Hub Y rotation velocity, node 1, rad/s
        108   -1.362E-01                                 F               0         Hub Z rotation velocity, node 1, rad/s
        109    9.833E-01,  3.521E-02, -1.785E-01         F               0         Blade root 1 X orientation angle, node 1, rad
        110   -5.438E-02, -8.794E-01, -4.730E-01         F               0         Blade root 1 Y orientation angle, node 1, rad
        111   -1.736E-01,  4.748E-01, -8.628E-01         F               0         Blade root 1 Z orientation angle, node 1, rad
        112    9.840E-01, -1.615E-02, -1.772E-01         F               0         Blade root 2 X orientation angle, node 1, rad
        113   -7.946E-02,  8.511E-01, -5.190E-01         F               0         Blade root 2 Y orientation angle, node 1, rad
        114    1.592E-01,  5.248E-01,  8.362E-01         F               0         Blade root 2 Z orientation angle, node 1, rad
        115    9.751E-01,  8.244E-03, -2.215E-01         F               0         Blade root 3 X orientation angle, node 1, rad
        116    2.212E-01,  2.912E-02,  9.748E-01         F               0         Blade root 3 Y orientation angle, node 1, rad
        117    1.449E-02, -9.995E-01,  2.657E-02         F               0         Blade root 3 Z orientation angle, node 1, rad
        118    1.727E+01                                 F               0         Blade 1 X translation displacement, node 1, m
        119   -4.611E+00                                 F               0         Blade 1 Y translation displacement, node 1, m
        120   -1.013E+01                                 F               0         Blade 1 Z translation displacement, node 1, m
        121    1.690E+01                                 F               0         Blade 1 X translation displacement, node 2, m
        122   -3.977E+00                                 F               0         Blade 1 Y translation displacement, node 2, m
        123   -1.261E+01                                 F               0         Blade 1 Z translation displacement, node 2, m
        124    1.185E+01                                 F               0         Blade 1 X translation displacement, node 3, m
        125    4.642E+00                                 F               0         Blade 1 Y translation displacement, node 3, m
        126   -4.633E+01                                 F               0         Blade 1 Z translation displacement, node 3, m
        127    1.077E+01                                 F               0         Blade 1 X translation displacement, node 4, m
        128    6.478E+00                                 F               0         Blade 1 Y translation displacement, node 4, m
        129   -5.351E+01                                 F               0         Blade 1 Z translation displacement, node 4, m
        130    9.698E+00                                 F               0         Blade 1 X translation displacement, node 5, m
        131    8.314E+00                                 F               0         Blade 1 Y translation displacement, node 5, m
        132   -6.069E+01                                 F               0         Blade 1 Z translation displacement, node 5, m
        133    8.622E+00                                 F               0         Blade 1 X translation displacement, node 6, m
        134    1.015E+01                                 F               0         Blade 1 Y translation displacement, node 6, m
        135   -6.788E+01                                 F               0         Blade 1 Z translation displacement, node 6, m
        136    7.546E+00                                 F               0         Blade 1 X translation displacement, node 7, m
        137    1.199E+01                                 F               0         Blade 1 Y translation displacement, node 7, m
        138   -7.506E+01                                 F               0         Blade 1 Z translation displacement, node 7, m
        139    6.470E+00                                 F               0         Blade 1 X translation displacement, node 8, m
        140    1.382E+01                                 F               0         Blade 1 Y translation displacement, node 8, m
        141   -8.224E+01                                 F               0         Blade 1 Z translation displacement, node 8, m
        142    5.395E+00                                 F               0         Blade 1 X translation displacement, node 9, m
        143    1.566E+01                                 F               0         Blade 1 Y translation displacement, node 9, m
        144   -8.943E+01                                 F               0         Blade 1 Z translation displacement, node 9, m
        145    4.319E+00                                 F               0         Blade 1 X translation displacement, node 10, m
        146    1.750E+01                                 F               0         Blade 1 Y translation displacement, node 10, m
        147   -9.661E+01                                 F               0         Blade 1 Z translation displacement, node 10, m
        148    3.243E+00                                 F               0         Blade 1 X translation displacement, node 11, m
        149    1.933E+01                                 F               0         Blade 1 Y translation displacement, node 11, m
        150   -1.038E+02                                 F               0         Blade 1 Z translation displacement, node 11, m
        151    2.167E+00                                 F               0         Blade 1 X translation displacement, node 12, m
        152    2.117E+01                                 F               0         Blade 1 Y translation displacement, node 12, m
        153   -1.110E+02                                 F               0         Blade 1 Z translation displacement, node 12, m
        154    1.091E+00                                 F               0         Blade 1 X translation displacement, node 13, m
        155    2.300E+01                                 F               0         Blade 1 Y translation displacement, node 13, m
        156   -1.182E+02                                 F               0         Blade 1 Z translation displacement, node 13, m
        157    1.525E-02                                 F               0         Blade 1 X translation displacement, node 14, m
        158    2.484E+01                                 F               0         Blade 1 Y translation displacement, node 14, m
        159   -1.253E+02                                 F               0         Blade 1 Z translation displacement, node 14, m
        160   -1.061E+00                                 F               0         Blade 1 X translation displacement, node 15, m
        161    2.668E+01                                 F               0         Blade 1 Y translation displacement, node 15, m
        162   -1.325E+02                                 F               0         Blade 1 Z translation displacement, node 15, m
        163   -2.137E+00                                 F               0         Blade 1 X translation displacement, node 16, m
        164    2.851E+01                                 F               0         Blade 1 Y translation displacement, node 16, m
        165   -1.397E+02                                 F               0         Blade 1 Z translation displacement, node 16, m
        166   -3.212E+00                                 F               0         Blade 1 X translation displacement, node 17, m
        167    3.035E+01                                 F               0         Blade 1 Y translation displacement, node 17, m
        168   -1.469E+02                                 F               0         Blade 1 Z translation displacement, node 17, m
        169   -4.288E+00                                 F               0         Blade 1 X translation displacement, node 18, m
        170    3.219E+01                                 F               0         Blade 1 Y translation displacement, node 18, m
        171   -1.541E+02                                 F               0         Blade 1 Z translation displacement, node 18, m
        172   -5.364E+00                                 F               0         Blade 1 X translation displacement, node 19, m
        173    3.402E+01                                 F               0         Blade 1 Y translation displacement, node 19, m
        174   -1.613E+02                                 F               0         Blade 1 Z translation displacement, node 19, m
        175   -6.440E+00                                 F               0         Blade 1 X translation displacement, node 20, m
        176    3.586E+01                                 F               0         Blade 1 Y translation displacement, node 20, m
        177   -1.684E+02                                 F               0         Blade 1 Z translation displacement, node 20, m
        178   -7.516E+00                                 F               0         Blade 1 X translation displacement, node 21, m
        179    3.769E+01                                 F               0         Blade 1 Y translation displacement, node 21, m
        180   -1.756E+02                                 F               0         Blade 1 Z translation displacement, node 21, m
        181   -8.592E+00                                 F               0         Blade 1 X translation displacement, node 22, m
        182    3.953E+01                                 F               0         Blade 1 Y translation displacement, node 22, m
        183   -1.828E+02                                 F               0         Blade 1 Z translation displacement, node 22, m
        184   -9.668E+00                                 F               0         Blade 1 X translation displacement, node 23, m
        185    4.137E+01                                 F               0         Blade 1 Y translation displacement, node 23, m
        186   -1.900E+02                                 F               0         Blade 1 Z translation displacement, node 23, m
        187   -1.074E+01                                 F               0         Blade 1 X translation displacement, node 24, m
        188    4.320E+01                                 F               0         Blade 1 Y translation displacement, node 24, m
        189   -1.972E+02                                 F               0         Blade 1 Z translation displacement, node 24, m
        190   -1.182E+01                                 F               0         Blade 1 X translation displacement, node 25, m
        191    4.504E+01                                 F               0         Blade 1 Y translation displacement, node 25, m
        192   -2.044E+02                                 F               0         Blade 1 Z translation displacement, node 25, m
        193   -1.290E+01                                 F               0         Blade 1 X translation displacement, node 26, m
        194    4.688E+01                                 F               0         Blade 1 Y translation displacement, node 26, m
        195   -2.115E+02                                 F               0         Blade 1 Z translation displacement, node 26, m
        196   -1.397E+01                                 F               0         Blade 1 X translation displacement, node 27, m
        197    4.871E+01                                 F               0         Blade 1 Y translation displacement, node 27, m
        198   -2.187E+02                                 F               0         Blade 1 Z translation displacement, node 27, m
        199   -1.488E+01                                 F               0         Blade 1 X translation displacement, node 28, m
        200    5.027E+01                                 F               0         Blade 1 Y translation displacement, node 28, m
        201   -2.248E+02                                 F               0         Blade 1 Z translation displacement, node 28, m
        202    8.999E-01,  4.324E-01,  5.680E-02         F               0         Blade 1 X orientation angle, node 1, rad
        203    4.000E-01, -7.666E-01, -5.023E-01         F               0         Blade 1 Y orientation angle, node 1, rad
        204   -1.736E-01,  4.748E-01, -8.628E-01         F               0         Blade 1 Z orientation angle, node 1, rad
        205    8.999E-01,  4.324E-01,  5.680E-02         F               0         Blade 1 X orientation angle, node 2, rad
        206    4.000E-01, -7.666E-01, -5.023E-01         F               0         Blade 1 Y orientation angle, node 2, rad
        207   -1.736E-01,  4.748E-01, -8.628E-01         F               0         Blade 1 Z orientation angle, node 2, rad
        208    9.691E-01,  2.383E-01, -6.388E-02         F               0         Blade 1 X orientation angle, node 3, rad
        209    1.753E-01, -8.472E-01, -5.015E-01         F               0         Blade 1 Y orientation angle, node 3, rad
        210   -1.736E-01,  4.748E-01, -8.628E-01         F               0         Blade 1 Z orientation angle, node 3, rad
        211    9.756E-01,  2.024E-01, -8.500E-02         F               0         Blade 1 X orientation angle, node 4, rad
        212    1.342E-01, -8.565E-01, -4.983E-01         F               0         Blade 1 Y orientation angle, node 4, rad
        213   -1.736E-01,  4.748E-01, -8.628E-01         F               0         Blade 1 Z orientation angle, node 4, rad
        214    9.795E-01,  1.738E-01, -1.015E-01         F               0         Blade 1 X orientation angle, node 5, rad
        215    1.018E-01, -8.628E-01, -4.952E-01         F               0         Blade 1 Y orientation angle, node 5, rad
        216   -1.736E-01,  4.748E-01, -8.628E-01         F               0         Blade 1 Z orientation angle, node 5, rad
        217    9.819E-01,  1.509E-01, -1.146E-01         F               0         Blade 1 X orientation angle, node 6, rad
        218    7.580E-02, -8.671E-01, -4.924E-01         F               0         Blade 1 Y orientation angle, node 6, rad
        219   -1.736E-01,  4.748E-01, -8.628E-01         F               0         Blade 1 Z orientation angle, node 6, rad
        220    9.833E-01,  1.320E-01, -1.253E-01         F               0         Blade 1 X orientation angle, node 7, rad
        221    5.437E-02, -8.702E-01, -4.898E-01         F               0         Blade 1 Y orientation angle, node 7, rad
        222   -1.736E-01,  4.748E-01, -8.628E-01         F               0         Blade 1 Z orientation angle, node 7, rad
        223    9.841E-01,  1.161E-01, -1.342E-01         F               0         Blade 1 X orientation angle, node 8, rad
        224    3.651E-02, -8.724E-01, -4.874E-01         F               0         Blade 1 Y orientation angle, node 8, rad
        225   -1.736E-01,  4.748E-01, -8.628E-01         F               0         Blade 1 Z orientation angle, node 8, rad
        226    9.846E-01,  1.027E-01, -1.416E-01         F               0         Blade 1 X orientation angle, node 9, rad
        227    2.139E-02, -8.741E-01, -4.853E-01         F               0         Blade 1 Y orientation angle, node 9, rad
        228   -1.736E-01,  4.748E-01, -8.628E-01         F               0         Blade 1 Z orientation angle, node 9, rad
        229    9.848E-01,  9.112E-02, -1.481E-01         F               0         Blade 1 X orientation angle, node 10, rad
        230    8.328E-03, -8.754E-01, -4.834E-01         F               0         Blade 1 Y orientation angle, node 10, rad
        231   -1.736E-01,  4.748E-01, -8.628E-01         F               0         Blade 1 Z orientation angle, node 10, rad
        232    9.848E-01,  8.118E-02, -1.535E-01         F               0         Blade 1 X orientation angle, node 11, rad
        233   -2.844E-03, -8.764E-01, -4.817E-01         F               0         Blade 1 Y orientation angle, node 11, rad
        234   -1.736E-01,  4.748E-01, -8.628E-01         F               0         Blade 1 Z orientation angle, node 11, rad
        235    9.847E-01,  7.246E-02, -1.583E-01         F               0         Blade 1 X orientation angle, node 12, rad
        236   -1.264E-02, -8.771E-01, -4.801E-01         F               0         Blade 1 Y orientation angle, node 12, rad
        237   -1.736E-01,  4.748E-01, -8.628E-01         F               0         Blade 1 Z orientation angle, node 12, rad
        238    9.846E-01,  6.481E-02, -1.625E-01         F               0         Blade 1 X orientation angle, node 13, rad
        239   -2.123E-02, -8.777E-01, -4.787E-01         F               0         Blade 1 Y orientation angle, node 13, rad
        240   -1.736E-01,  4.748E-01, -8.628E-01         F               0         Blade 1 Z orientation angle, node 13, rad
        241    9.844E-01,  5.791E-02, -1.662E-01         F               0         Blade 1 X orientation angle, node 14, rad
        242   -2.897E-02, -8.782E-01, -4.774E-01         F               0         Blade 1 Y orientation angle, node 14, rad
        243   -1.736E-01,  4.748E-01, -8.628E-01         F               0         Blade 1 Z orientation angle, node 14, rad
        244    9.842E-01,  5.178E-02, -1.696E-01         F               0         Blade 1 X orientation angle, node 15, rad
        245   -3.584E-02, -8.786E-01, -4.762E-01         F               0         Blade 1 Y orientation angle, node 15, rad
        246   -1.736E-01,  4.748E-01, -8.628E-01         F               0         Blade 1 Z orientation angle, node 15, rad
        247    9.839E-01,  4.626E-02, -1.726E-01         F               0         Blade 1 X orientation angle, node 16, rad
        248   -4.202E-02, -8.789E-01, -4.752E-01         F               0         Blade 1 Y orientation angle, node 16, rad
        249   -1.736E-01,  4.748E-01, -8.628E-01         F               0         Blade 1 Z orientation angle, node 16, rad
        250    9.837E-01,  4.135E-02, -1.752E-01         F               0         Blade 1 X orientation angle, node 17, rad
        251   -4.751E-02, -8.791E-01, -4.742E-01         F               0         Blade 1 Y orientation angle, node 17, rad
        252   -1.736E-01,  4.748E-01, -8.628E-01         F               0         Blade 1 Z orientation angle, node 17, rad
        253    9.834E-01,  3.674E-02, -1.777E-01         F               0         Blade 1 X orientation angle, node 18, rad
        254   -5.266E-02, -8.793E-01, -4.733E-01         F               0         Blade 1 Y orientation angle, node 18, rad
        255   -1.736E-01,  4.748E-01, -8.628E-01         F               0         Blade 1 Z orientation angle, node 18, rad
        256    9.831E-01,  3.260E-02, -1.799E-01         F               0         Blade 1 X orientation angle, node 19, rad
        257   -5.730E-02, -8.795E-01, -4.724E-01         F               0         Blade 1 Y orientation angle, node 19, rad
        258   -1.736E-01,  4.748E-01, -8.628E-01         F               0         Blade 1 Z orientation angle, node 19, rad
        259    9.829E-01,  2.891E-02, -1.819E-01         F               0         Blade 1 X orientation angle, node 20, rad
        260   -6.142E-02, -8.796E-01, -4.717E-01         F               0         Blade 1 Y orientation angle, node 20, rad
        261   -1.736E-01,  4.748E-01, -8.628E-01         F               0         Blade 1 Z orientation angle, node 20, rad
        262    9.826E-01,  2.538E-02, -1.838E-01         F               0         Blade 1 X orientation angle, node 21, rad
        263   -6.536E-02, -8.797E-01, -4.709E-01         F               0         Blade 1 Y orientation angle, node 21, rad
        264   -1.736E-01,  4.748E-01, -8.628E-01         F               0         Blade 1 Z orientation angle, node 21, rad
        265    9.824E-01,  2.216E-02, -1.855E-01         F               0         Blade 1 X orientation angle, node 22, rad
        266   -6.896E-02, -8.798E-01, -4.703E-01         F               0         Blade 1 Y orientation angle, node 22, rad
        267   -1.736E-01,  4.748E-01, -8.628E-01         F               0         Blade 1 Z orientation angle, node 22, rad
        268    9.822E-01,  1.924E-02, -1.871E-01         F               0         Blade 1 X orientation angle, node 23, rad
        269   -7.222E-02, -8.799E-01, -4.696E-01         F               0         Blade 1 Y orientation angle, node 23, rad
        270   -1.736E-01,  4.748E-01, -8.628E-01         F               0         Blade 1 Z orientation angle, node 23, rad
        271    9.819E-01,  1.648E-02, -1.886E-01         F               0         Blade 1 X orientation angle, node 24, rad
        272   -7.530E-02, -8.800E-01, -4.691E-01         F               0         Blade 1 Y orientation angle, node 24, rad
        273   -1.736E-01,  4.748E-01, -8.628E-01         F               0         Blade 1 Z orientation angle, node 24, rad
        274    9.817E-01,  1.387E-02, -1.899E-01         F               0         Blade 1 X orientation angle, node 25, rad
        275   -7.822E-02, -8.800E-01, -4.685E-01         F               0         Blade 1 Y orientation angle, node 25, rad
        276   -1.736E-01,  4.748E-01, -8.628E-01         F               0         Blade 1 Z orientation angle, node 25, rad
        277    9.815E-01,  1.156E-02, -1.912E-01         F               0         Blade 1 X orientation angle, node 26, rad
        278   -8.079E-02, -8.800E-01, -4.680E-01         F               0         Blade 1 Y orientation angle, node 26, rad
        279   -1.736E-01,  4.748E-01, -8.628E-01         F               0         Blade 1 Z orientation angle, node 26, rad
        280    9.813E-01,  9.258E-03, -1.924E-01         F               0         Blade 1 X orientation angle, node 27, rad
        281   -8.336E-02, -8.801E-01, -4.675E-01         F               0         Blade 1 Y orientation angle, node 27, rad
        282   -1.736E-01,  4.748E-01, -8.628E-01         F               0         Blade 1 Z orientation angle, node 27, rad
        283    9.812E-01,  8.029E-03, -1.930E-01         F               0         Blade 1 X orientation angle, node 28, rad
        284   -8.473E-02, -8.801E-01, -4.672E-01         F               0         Blade 1 Y orientation angle, node 28, rad
        285   -1.736E-01,  4.748E-01, -8.628E-01         F               0         Blade 1 Z orientation angle, node 28, rad
        286    3.274E-01                                 F               0         Blade 1 X translation velocity, node 1, m/s
        287    3.450E+00                                 F               0         Blade 1 Y translation velocity, node 1, m/s
        288    1.831E+00                                 F               0         Blade 1 Z translation velocity, node 1, m/s
        289    4.063E-01                                 F               0         Blade 1 X translation velocity, node 2, m/s
        290    4.282E+00                                 F               0         Blade 1 Y translation velocity, node 2, m/s
        291    2.272E+00                                 F               0         Blade 1 Z translation velocity, node 2, m/s
        292    1.479E+00                                 F               0         Blade 1 X translation velocity, node 3, m/s
        293    1.559E+01                                 F               0         Blade 1 Y translation velocity, node 3, m/s
        294    8.278E+00                                 F               0         Blade 1 Z translation velocity, node 3, m/s
        295    1.708E+00                                 F               0         Blade 1 X translation velocity, node 4, m/s
        296    1.800E+01                                 F               0         Blade 1 Y translation velocity, node 4, m/s
        297    9.558E+00                                 F               0         Blade 1 Z translation velocity, node 4, m/s
        298    1.937E+00                                 F               0         Blade 1 X translation velocity, node 5, m/s
        299    2.041E+01                                 F               0         Blade 1 Y translation velocity, node 5, m/s
        300    1.084E+01                                 F               0         Blade 1 Z translation velocity, node 5, m/s
        301    2.165E+00                                 F               0         Blade 1 X translation velocity, node 6, m/s
        302    2.282E+01                                 F               0         Blade 1 Y translation velocity, node 6, m/s
        303    1.212E+01                                 F               0         Blade 1 Z translation velocity, node 6, m/s
        304    2.394E+00                                 F               0         Blade 1 X translation velocity, node 7, m/s
        305    2.522E+01                                 F               0         Blade 1 Y translation velocity, node 7, m/s
        306    1.340E+01                                 F               0         Blade 1 Z translation velocity, node 7, m/s
        307    2.623E+00                                 F               0         Blade 1 X translation velocity, node 8, m/s
