
Linearized model: Predictions were generated on 08-Jan-2024 at 09:43:14 using OpenFAST, compiled as a 64-bit application using single precision at commit v3.5.1
 linked with  NWTC Subroutine Library; ElastoDyn; InflowWind; AeroDyn; ServoDyn; HydroDyn; MoorDyn (v2.0.0, 2023-09-18)

Description from the FAST input file: CCT-9 Campign 4 model. Input files to be run with OpenFAST 3.5.0. GitHub branch from Lu Wang (https://github.com/luwang00/openfast/tree/dev) compiled on March 7, 2023.

Simulation information:
   Simulation time:                  1004.9750 s
   Rotor Speed:                         0.7076 rad/s
   Azimuth:                             2.7067 rad
   Wind Speed:                          8.0000 m/s
   Number of continuous states:         0
   Number of discrete states:           0
   Number of constraint states:         0
   Number of inputs:                 1746
   Number of outputs:                   4
   Jacobians included in this file?    No

Order of inputs:
     Column   Operating Point                     Rotating Frame? Derivative Order Description
   ---------- ---------------                     --------------- ---------------- -----------
          1    7.250E+00                                 F               0         Tower X translation displacement, node 1, m
          2   -1.277E+00                                 F               0         Tower Y translation displacement, node 1, m
          3   -1.600E-01                                 F               0         Tower Z translation displacement, node 1, m
          4    8.293E+00                                 F               0         Tower X translation displacement, node 2, m
          5   -1.818E+00                                 F               0         Tower Y translation displacement, node 2, m
          6   -2.159E-01                                 F               0         Tower Z translation displacement, node 2, m
          7    9.350E+00                                 F               0         Tower X translation displacement, node 3, m
          8   -2.364E+00                                 F               0         Tower Y translation displacement, node 3, m
          9   -2.734E-01                                 F               0         Tower Z translation displacement, node 3, m
         10    1.042E+01                                 F               0         Tower X translation displacement, node 4, m
         11   -2.914E+00                                 F               0         Tower Y translation displacement, node 4, m
         12   -3.321E-01                                 F               0         Tower Z translation displacement, node 4, m
         13    1.150E+01                                 F               0         Tower X translation displacement, node 5, m
         14   -3.468E+00                                 F               0         Tower Y translation displacement, node 5, m
         15   -3.918E-01                                 F               0         Tower Z translation displacement, node 5, m
         16    1.259E+01                                 F               0         Tower X translation displacement, node 6, m
         17   -4.025E+00                                 F               0         Tower Y translation displacement, node 6, m
         18   -4.522E-01                                 F               0         Tower Z translation displacement, node 6, m
         19    1.368E+01                                 F               0         Tower X translation displacement, node 7, m
         20   -4.584E+00                                 F               0         Tower Y translation displacement, node 7, m
         21   -5.132E-01                                 F               0         Tower Z translation displacement, node 7, m
         22    1.477E+01                                 F               0         Tower X translation displacement, node 8, m
         23   -5.145E+00                                 F               0         Tower Y translation displacement, node 8, m
         24   -5.747E-01                                 F               0         Tower Z translation displacement, node 8, m
         25    1.587E+01                                 F               0         Tower X translation displacement, node 9, m
         26   -5.708E+00                                 F               0         Tower Y translation displacement, node 9, m
         27   -6.364E-01                                 F               0         Tower Z translation displacement, node 9, m
         28    1.697E+01                                 F               0         Tower X translation displacement, node 10, m
         29   -6.272E+00                                 F               0         Tower Y translation displacement, node 10, m
         30   -6.984E-01                                 F               0         Tower Z translation displacement, node 10, m
         31    1.807E+01                                 F               0         Tower X translation displacement, node 11, m
         32   -6.836E+00                                 F               0         Tower Y translation displacement, node 11, m
         33   -7.604E-01                                 F               0         Tower Z translation displacement, node 11, m
         34    9.965E-01,  4.116E-03, -8.374E-02         F               0         Tower X orientation angle, node 1, rad
         35   -4.450E-04,  9.990E-01,  4.382E-02         F               0         Tower Y orientation angle, node 1, rad
         36    8.384E-02, -4.362E-02,  9.955E-01         F               0         Tower Z orientation angle, node 1, rad
         37    9.964E-01,  4.169E-03, -8.494E-02         F               0         Tower X orientation angle, node 2, rad
         38   -4.113E-04,  9.990E-01,  4.421E-02         F               0         Tower Y orientation angle, node 2, rad
         39    8.504E-02, -4.402E-02,  9.954E-01         F               0         Tower Z orientation angle, node 2, rad
         40    9.963E-01,  4.216E-03, -8.598E-02         F               0         Tower X orientation angle, node 3, rad
         41   -3.806E-04,  9.990E-01,  4.457E-02         F               0         Tower Y orientation angle, node 3, rad
         42    8.608E-02, -4.437E-02,  9.953E-01         F               0         Tower Z orientation angle, node 3, rad
         43    9.962E-01,  4.254E-03, -8.684E-02         F               0         Tower X orientation angle, node 4, rad
         44   -3.535E-04,  9.990E-01,  4.488E-02         F               0         Tower Y orientation angle, node 4, rad
         45    8.694E-02, -4.468E-02,  9.952E-01         F               0         Tower Z orientation angle, node 4, rad
         46    9.962E-01,  4.285E-03, -8.752E-02         F               0         Tower X orientation angle, node 5, rad
         47   -3.301E-04,  9.990E-01,  4.515E-02         F               0         Tower Y orientation angle, node 5, rad
         48    8.762E-02, -4.495E-02,  9.951E-01         F               0         Tower Z orientation angle, node 5, rad
         49    9.961E-01,  4.308E-03, -8.804E-02         F               0         Tower X orientation angle, node 6, rad
         50   -3.104E-04,  9.990E-01,  4.537E-02         F               0         Tower Y orientation angle, node 6, rad
         51    8.814E-02, -4.517E-02,  9.951E-01         F               0         Tower Z orientation angle, node 6, rad
         52    9.961E-01,  4.325E-03, -8.841E-02         F               0         Tower X orientation angle, node 7, rad
         53   -2.946E-04,  9.990E-01,  4.555E-02         F               0         Tower Y orientation angle, node 7, rad
         54    8.852E-02, -4.535E-02,  9.950E-01         F               0         Tower Z orientation angle, node 7, rad
         55    9.961E-01,  4.337E-03, -8.867E-02         F               0         Tower X orientation angle, node 8, rad
         56   -2.822E-04,  9.990E-01,  4.569E-02         F               0         Tower Y orientation angle, node 8, rad
         57    8.877E-02, -4.549E-02,  9.950E-01         F               0         Tower Z orientation angle, node 8, rad
         58    9.960E-01,  4.345E-03, -8.883E-02         F               0         Tower X orientation angle, node 9, rad
         59   -2.732E-04,  9.990E-01,  4.580E-02         F               0         Tower Y orientation angle, node 9, rad
         60    8.893E-02, -4.559E-02,  9.950E-01         F               0         Tower Z orientation angle, node 9, rad
         61    9.960E-01,  4.349E-03, -8.892E-02         F               0         Tower X orientation angle, node 10, rad
         62   -2.673E-04,  9.989E-01,  4.586E-02         F               0         Tower Y orientation angle, node 10, rad
         63    8.902E-02, -4.566E-02,  9.950E-01         F               0         Tower Z orientation angle, node 10, rad
         64    9.960E-01,  4.351E-03, -8.896E-02         F               0         Tower X orientation angle, node 11, rad
         65   -2.641E-04,  9.989E-01,  4.590E-02         F               0         Tower Y orientation angle, node 11, rad
         66    8.906E-02, -4.569E-02,  9.950E-01         F               0         Tower Z orientation angle, node 11, rad
         67   -4.009E-05                                 F               0         Tower X translation velocity, node 1, m/s
         68    1.905E-06                                 F               0         Tower Y translation velocity, node 1, m/s
         69   -2.825E-03                                 F               0         Tower Z translation velocity, node 1, m/s
         70    2.481E-06                                 F               0         Tower X translation velocity, node 2, m/s
         71    2.391E-04                                 F               0         Tower Y translation velocity, node 2, m/s
         72   -2.818E-03                                 F               0         Tower Z translation velocity, node 2, m/s
         73    3.808E-05                                 F               0         Tower X translation velocity, node 3, m/s
         74    4.819E-04                                 F               0         Tower Y translation velocity, node 3, m/s
         75   -2.810E-03                                 F               0         Tower Z translation velocity, node 3, m/s
         76    6.673E-05                                 F               0         Tower X translation velocity, node 4, m/s
         77    7.291E-04                                 F               0         Tower Y translation velocity, node 4, m/s
         78   -2.802E-03                                 F               0         Tower Z translation velocity, node 4, m/s
         79    8.801E-05                                 F               0         Tower X translation velocity, node 5, m/s
         80    9.805E-04                                 F               0         Tower Y translation velocity, node 5, m/s
         81   -2.792E-03                                 F               0         Tower Z translation velocity, node 5, m/s
         82    1.017E-04                                 F               0         Tower X translation velocity, node 6, m/s
         83    1.236E-03                                 F               0         Tower Y translation velocity, node 6, m/s
         84   -2.782E-03                                 F               0         Tower Z translation velocity, node 6, m/s
         85    1.086E-04                                 F               0         Tower X translation velocity, node 7, m/s
         86    1.494E-03                                 F               0         Tower Y translation velocity, node 7, m/s
         87   -2.771E-03                                 F               0         Tower Z translation velocity, node 7, m/s
         88    1.085E-04                                 F               0         Tower X translation velocity, node 8, m/s
         89    1.755E-03                                 F               0         Tower Y translation velocity, node 8, m/s
         90   -2.759E-03                                 F               0         Tower Z translation velocity, node 8, m/s
         91    1.023E-04                                 F               0         Tower X translation velocity, node 9, m/s
         92    2.018E-03                                 F               0         Tower Y translation velocity, node 9, m/s
         93   -2.746E-03                                 F               0         Tower Z translation velocity, node 9, m/s
         94    9.128E-05                                 F               0         Tower X translation velocity, node 10, m/s
         95    2.282E-03                                 F               0         Tower Y translation velocity, node 10, m/s
         96   -2.733E-03                                 F               0         Tower Z translation velocity, node 10, m/s
         97    7.700E-05                                 F               0         Tower X translation velocity, node 11, m/s
         98    2.548E-03                                 F               0         Tower Y translation velocity, node 11, m/s
         99   -2.720E-03                                 F               0         Tower Z translation velocity, node 11, m/s
        100    1.881E+01                                 F               0         Hub X translation displacement, node 1, m
        101   -7.242E+00                                 F               0         Hub Y translation displacement, node 1, m
        102    1.609E-01                                 F               0         Hub Z translation displacement, node 1, m
        103    9.813E-01,  9.103E-03, -1.925E-01         F               0         Hub X orientation angle, node 1, rad
        104    8.142E-02, -9.249E-01,  3.714E-01         F               0         Hub Y orientation angle, node 1, rad
        105   -1.746E-01, -3.801E-01, -9.083E-01         F               0         Hub Z orientation angle, node 1, rad
        106    6.943E-01                                 F               0         Hub X rotation velocity, node 1, rad/s
        107    6.440E-03                                 F               0         Hub Y rotation velocity, node 1, rad/s
        108   -1.362E-01                                 F               0         Hub Z rotation velocity, node 1, rad/s
        109    9.784E-01,  3.654E-02, -2.034E-01         F               0         Blade root 1 X orientation angle, node 1, rad
        110    1.105E-01, -9.242E-01,  3.655E-01         F               0         Blade root 1 Y orientation angle, node 1, rad
        111   -1.746E-01, -3.801E-01, -9.083E-01         F               0         Blade root 1 Z orientation angle, node 1, rad
        112    9.865E-01,  5.144E-03, -1.635E-01         F               0         Blade root 2 X orientation angle, node 1, rad
        113   -1.628E-01,  1.335E-01, -9.776E-01         F               0         Blade root 2 Y orientation angle, node 1, rad
        114    1.681E-02,  9.910E-01,  1.326E-01         F               0         Blade root 2 Z orientation angle, node 1, rad
        115    9.775E-01, -1.438E-02, -2.102E-01         F               0         Blade root 3 X orientation angle, node 1, rad
        116    1.396E-01,  7.915E-01,  5.950E-01         F               0         Blade root 3 Y orientation angle, node 1, rad
        117    1.578E-01, -6.110E-01,  7.758E-01         F               0         Blade root 3 Z orientation angle, node 1, rad
        118    1.727E+01                                 F               0         Blade 1 X translation displacement, node 1, m
        119   -9.347E+00                                 F               0         Blade 1 Y translation displacement, node 1, m
        120   -1.038E+01                                 F               0         Blade 1 Z translation displacement, node 1, m
        121    1.689E+01                                 F               0         Blade 1 X translation displacement, node 2, m
        122   -9.855E+00                                 F               0         Blade 1 Y translation displacement, node 2, m
        123   -1.292E+01                                 F               0         Blade 1 Z translation displacement, node 2, m
        124    1.183E+01                                 F               0         Blade 1 X translation displacement, node 3, m
        125   -1.675E+01                                 F               0         Blade 1 Y translation displacement, node 3, m
        126   -4.746E+01                                 F               0         Blade 1 Z translation displacement, node 3, m
        127    1.075E+01                                 F               0         Blade 1 X translation displacement, node 4, m
        128   -1.822E+01                                 F               0         Blade 1 Y translation displacement, node 4, m
        129   -5.482E+01                                 F               0         Blade 1 Z translation displacement, node 4, m
        130    9.665E+00                                 F               0         Blade 1 X translation displacement, node 5, m
        131   -1.969E+01                                 F               0         Blade 1 Y translation displacement, node 5, m
        132   -6.218E+01                                 F               0         Blade 1 Z translation displacement, node 5, m
        133    8.586E+00                                 F               0         Blade 1 X translation displacement, node 6, m
        134   -2.116E+01                                 F               0         Blade 1 Y translation displacement, node 6, m
        135   -6.954E+01                                 F               0         Blade 1 Z translation displacement, node 6, m
        136    7.506E+00                                 F               0         Blade 1 X translation displacement, node 7, m
        137   -2.263E+01                                 F               0         Blade 1 Y translation displacement, node 7, m
        138   -7.690E+01                                 F               0         Blade 1 Z translation displacement, node 7, m
        139    6.426E+00                                 F               0         Blade 1 X translation displacement, node 8, m
        140   -2.410E+01                                 F               0         Blade 1 Y translation displacement, node 8, m
        141   -8.426E+01                                 F               0         Blade 1 Z translation displacement, node 8, m
        142    5.347E+00                                 F               0         Blade 1 X translation displacement, node 9, m
        143   -2.557E+01                                 F               0         Blade 1 Y translation displacement, node 9, m
        144   -9.162E+01                                 F               0         Blade 1 Z translation displacement, node 9, m
        145    4.267E+00                                 F               0         Blade 1 X translation displacement, node 10, m
        146   -2.704E+01                                 F               0         Blade 1 Y translation displacement, node 10, m
        147   -9.898E+01                                 F               0         Blade 1 Z translation displacement, node 10, m
        148    3.187E+00                                 F               0         Blade 1 X translation displacement, node 11, m
        149   -2.851E+01                                 F               0         Blade 1 Y translation displacement, node 11, m
        150   -1.063E+02                                 F               0         Blade 1 Z translation displacement, node 11, m
        151    2.107E+00                                 F               0         Blade 1 X translation displacement, node 12, m
        152   -2.998E+01                                 F               0         Blade 1 Y translation displacement, node 12, m
        153   -1.137E+02                                 F               0         Blade 1 Z translation displacement, node 12, m
        154    1.028E+00                                 F               0         Blade 1 X translation displacement, node 13, m
        155   -3.145E+01                                 F               0         Blade 1 Y translation displacement, node 13, m
        156   -1.211E+02                                 F               0         Blade 1 Z translation displacement, node 13, m
        157   -5.207E-02                                 F               0         Blade 1 X translation displacement, node 14, m
        158   -3.292E+01                                 F               0         Blade 1 Y translation displacement, node 14, m
        159   -1.284E+02                                 F               0         Blade 1 Z translation displacement, node 14, m
        160   -1.132E+00                                 F               0         Blade 1 X translation displacement, node 15, m
        161   -3.439E+01                                 F               0         Blade 1 Y translation displacement, node 15, m
        162   -1.358E+02                                 F               0         Blade 1 Z translation displacement, node 15, m
        163   -2.212E+00                                 F               0         Blade 1 X translation displacement, node 16, m
        164   -3.586E+01                                 F               0         Blade 1 Y translation displacement, node 16, m
        165   -1.431E+02                                 F               0         Blade 1 Z translation displacement, node 16, m
        166   -3.291E+00                                 F               0         Blade 1 X translation displacement, node 17, m
        167   -3.733E+01                                 F               0         Blade 1 Y translation displacement, node 17, m
        168   -1.505E+02                                 F               0         Blade 1 Z translation displacement, node 17, m
        169   -4.371E+00                                 F               0         Blade 1 X translation displacement, node 18, m
        170   -3.880E+01                                 F               0         Blade 1 Y translation displacement, node 18, m
        171   -1.579E+02                                 F               0         Blade 1 Z translation displacement, node 18, m
        172   -5.451E+00                                 F               0         Blade 1 X translation displacement, node 19, m
        173   -4.027E+01                                 F               0         Blade 1 Y translation displacement, node 19, m
        174   -1.652E+02                                 F               0         Blade 1 Z translation displacement, node 19, m
        175   -6.531E+00                                 F               0         Blade 1 X translation displacement, node 20, m
        176   -4.174E+01                                 F               0         Blade 1 Y translation displacement, node 20, m
        177   -1.726E+02                                 F               0         Blade 1 Z translation displacement, node 20, m
        178   -7.610E+00                                 F               0         Blade 1 X translation displacement, node 21, m
        179   -4.321E+01                                 F               0         Blade 1 Y translation displacement, node 21, m
        180   -1.799E+02                                 F               0         Blade 1 Z translation displacement, node 21, m
        181   -8.690E+00                                 F               0         Blade 1 X translation displacement, node 22, m
        182   -4.468E+01                                 F               0         Blade 1 Y translation displacement, node 22, m
        183   -1.873E+02                                 F               0         Blade 1 Z translation displacement, node 22, m
        184   -9.770E+00                                 F               0         Blade 1 X translation displacement, node 23, m
        185   -4.615E+01                                 F               0         Blade 1 Y translation displacement, node 23, m
        186   -1.947E+02                                 F               0         Blade 1 Z translation displacement, node 23, m
        187   -1.085E+01                                 F               0         Blade 1 X translation displacement, node 24, m
        188   -4.762E+01                                 F               0         Blade 1 Y translation displacement, node 24, m
        189   -2.020E+02                                 F               0         Blade 1 Z translation displacement, node 24, m
        190   -1.193E+01                                 F               0         Blade 1 X translation displacement, node 25, m
        191   -4.909E+01                                 F               0         Blade 1 Y translation displacement, node 25, m
        192   -2.094E+02                                 F               0         Blade 1 Z translation displacement, node 25, m
        193   -1.301E+01                                 F               0         Blade 1 X translation displacement, node 26, m
        194   -5.056E+01                                 F               0         Blade 1 Y translation displacement, node 26, m
        195   -2.167E+02                                 F               0         Blade 1 Z translation displacement, node 26, m
        196   -1.409E+01                                 F               0         Blade 1 X translation displacement, node 27, m
        197   -5.203E+01                                 F               0         Blade 1 Y translation displacement, node 27, m
        198   -2.241E+02                                 F               0         Blade 1 Z translation displacement, node 27, m
        199   -1.500E+01                                 F               0         Blade 1 X translation displacement, node 28, m
        200   -5.328E+01                                 F               0         Blade 1 Y translation displacement, node 28, m
        201   -2.303E+02                                 F               0         Blade 1 Z translation displacement, node 28, m
        202    8.204E-01,  4.540E-01, -3.477E-01         F               0         Blade 1 X orientation angle, node 1, rad
        203    5.445E-01, -8.059E-01,  2.325E-01         F               0         Blade 1 Y orientation angle, node 1, rad
        204   -1.746E-01, -3.801E-01, -9.083E-01         F               0         Blade 1 Z orientation angle, node 1, rad
        205    8.204E-01,  4.540E-01, -3.477E-01         F               0         Blade 1 X orientation angle, node 2, rad
        206    5.445E-01, -8.059E-01,  2.325E-01         F               0         Blade 1 Y orientation angle, node 2, rad
        207   -1.746E-01, -3.801E-01, -9.083E-01         F               0         Blade 1 Z orientation angle, node 2, rad
        208    9.261E-01,  2.500E-01, -2.827E-01         F               0         Blade 1 X orientation angle, node 3, rad
        209    3.346E-01, -8.905E-01,  3.083E-01         F               0         Blade 1 Y orientation angle, node 3, rad
        210   -1.746E-01, -3.801E-01, -9.083E-01         F               0         Blade 1 Z orientation angle, node 3, rad
        211    9.394E-01,  2.122E-01, -2.694E-01         F               0         Blade 1 X orientation angle, node 4, rad
        212    2.952E-01, -9.003E-01,  3.200E-01         F               0         Blade 1 Y orientation angle, node 4, rad
        213   -1.746E-01, -3.801E-01, -9.083E-01         F               0         Blade 1 Z orientation angle, node 4, rad
        214    9.486E-01,  1.823E-01, -2.586E-01         F               0         Blade 1 X orientation angle, node 5, rad
        215    2.638E-01, -9.068E-01,  3.287E-01         F               0         Blade 1 Y orientation angle, node 5, rad
        216   -1.746E-01, -3.801E-01, -9.083E-01         F               0         Blade 1 Z orientation angle, node 5, rad
        217    9.553E-01,  1.581E-01, -2.498E-01         F               0         Blade 1 X orientation angle, node 6, rad
        218    2.386E-01, -9.113E-01,  3.355E-01         F               0         Blade 1 Y orientation angle, node 6, rad
        219   -1.746E-01, -3.801E-01, -9.083E-01         F               0         Blade 1 Z orientation angle, node 6, rad
        220    9.603E-01,  1.382E-01, -2.425E-01         F               0         Blade 1 X orientation angle, node 7, rad
        221    2.177E-01, -9.146E-01,  3.408E-01         F               0         Blade 1 Y orientation angle, node 7, rad
        222   -1.746E-01, -3.801E-01, -9.083E-01         F               0         Blade 1 Z orientation angle, node 7, rad
        223    9.641E-01,  1.216E-01, -2.362E-01         F               0         Blade 1 X orientation angle, node 8, rad
        224    2.002E-01, -9.169E-01,  3.452E-01         F               0         Blade 1 Y orientation angle, node 8, rad
        225   -1.746E-01, -3.801E-01, -9.083E-01         F               0         Blade 1 Z orientation angle, node 8, rad
        226    9.670E-01,  1.075E-01, -2.309E-01         F               0         Blade 1 X orientation angle, node 9, rad
        227    1.854E-01, -9.187E-01,  3.488E-01         F               0         Blade 1 Y orientation angle, node 9, rad
        228   -1.746E-01, -3.801E-01, -9.083E-01         F               0         Blade 1 Z orientation angle, node 9, rad
        229    9.694E-01,  9.530E-02, -2.263E-01         F               0         Blade 1 X orientation angle, node 10, rad
        230    1.726E-01, -9.200E-01,  3.518E-01         F               0         Blade 1 Y orientation angle, node 10, rad
        231   -1.746E-01, -3.801E-01, -9.083E-01         F               0         Blade 1 Z orientation angle, node 10, rad
        232    9.713E-01,  8.486E-02, -2.223E-01         F               0         Blade 1 X orientation angle, node 11, rad
        233    1.615E-01, -9.211E-01,  3.543E-01         F               0         Blade 1 Y orientation angle, node 11, rad
        234   -1.746E-01, -3.801E-01, -9.083E-01         F               0         Blade 1 Z orientation angle, node 11, rad
        235    9.728E-01,  7.569E-02, -2.187E-01         F               0         Blade 1 X orientation angle, node 12, rad
        236    1.519E-01, -9.219E-01,  3.565E-01         F               0         Blade 1 Y orientation angle, node 12, rad
        237   -1.746E-01, -3.801E-01, -9.083E-01         F               0         Blade 1 Z orientation angle, node 12, rad
        238    9.741E-01,  6.764E-02, -2.156E-01         F               0         Blade 1 X orientation angle, node 13, rad
        239    1.434E-01, -9.225E-01,  3.584E-01         F               0         Blade 1 Y orientation angle, node 13, rad
        240   -1.746E-01, -3.801E-01, -9.083E-01         F               0         Blade 1 Z orientation angle, node 13, rad
        241    9.752E-01,  6.040E-02, -2.128E-01         F               0         Blade 1 X orientation angle, node 14, rad
        242    1.357E-01, -9.230E-01,  3.601E-01         F               0         Blade 1 Y orientation angle, node 14, rad
        243   -1.746E-01, -3.801E-01, -9.083E-01         F               0         Blade 1 Z orientation angle, node 14, rad
        244    9.762E-01,  5.395E-02, -2.103E-01         F               0         Blade 1 X orientation angle, node 15, rad
        245    1.289E-01, -9.234E-01,  3.616E-01         F               0         Blade 1 Y orientation angle, node 15, rad
        246   -1.746E-01, -3.801E-01, -9.083E-01         F               0         Blade 1 Z orientation angle, node 15, rad
        247    9.769E-01,  4.815E-02, -2.080E-01         F               0         Blade 1 X orientation angle, node 16, rad
        248    1.228E-01, -9.237E-01,  3.629E-01         F               0         Blade 1 Y orientation angle, node 16, rad
        249   -1.746E-01, -3.801E-01, -9.083E-01         F               0         Blade 1 Z orientation angle, node 16, rad
        250    9.776E-01,  4.299E-02, -2.060E-01         F               0         Blade 1 X orientation angle, node 17, rad
        251    1.173E-01, -9.240E-01,  3.641E-01         F               0         Blade 1 Y orientation angle, node 17, rad
        252   -1.746E-01, -3.801E-01, -9.083E-01         F               0         Blade 1 Z orientation angle, node 17, rad
        253    9.782E-01,  3.815E-02, -2.040E-01         F               0         Blade 1 X orientation angle, node 18, rad
        254    1.122E-01, -9.242E-01,  3.651E-01         F               0         Blade 1 Y orientation angle, node 18, rad
        255   -1.746E-01, -3.801E-01, -9.083E-01         F               0         Blade 1 Z orientation angle, node 18, rad
        256    9.787E-01,  3.380E-02, -2.023E-01         F               0         Blade 1 X orientation angle, node 19, rad
        257    1.076E-01, -9.243E-01,  3.661E-01         F               0         Blade 1 Y orientation angle, node 19, rad
        258   -1.746E-01, -3.801E-01, -9.083E-01         F               0         Blade 1 Z orientation angle, node 19, rad
        259    9.792E-01,  2.992E-02, -2.008E-01         F               0         Blade 1 X orientation angle, node 20, rad
        260    1.035E-01, -9.245E-01,  3.669E-01         F               0         Blade 1 Y orientation angle, node 20, rad
        261   -1.746E-01, -3.801E-01, -9.083E-01         F               0         Blade 1 Z orientation angle, node 20, rad
        262    9.796E-01,  2.621E-02, -1.993E-01         F               0         Blade 1 X orientation angle, node 21, rad
        263    9.956E-02, -9.246E-01,  3.677E-01         F               0         Blade 1 Y orientation angle, node 21, rad
        264   -1.746E-01, -3.801E-01, -9.083E-01         F               0         Blade 1 Z orientation angle, node 21, rad
        265    9.799E-01,  2.282E-02, -1.980E-01         F               0         Blade 1 X orientation angle, node 22, rad
        266    9.597E-02, -9.247E-01,  3.685E-01         F               0         Blade 1 Y orientation angle, node 22, rad
        267   -1.746E-01, -3.801E-01, -9.083E-01         F               0         Blade 1 Z orientation angle, node 22, rad
        268    9.803E-01,  1.976E-02, -1.967E-01         F               0         Blade 1 X orientation angle, node 23, rad
        269    9.272E-02, -9.247E-01,  3.691E-01         F               0         Blade 1 Y orientation angle, node 23, rad
        270   -1.746E-01, -3.801E-01, -9.083E-01         F               0         Blade 1 Z orientation angle, node 23, rad
        271    9.805E-01,  1.685E-02, -1.956E-01         F               0         Blade 1 X orientation angle, node 24, rad
        272    8.964E-02, -9.248E-01,  3.697E-01         F               0         Blade 1 Y orientation angle, node 24, rad
        273   -1.746E-01, -3.801E-01, -9.083E-01         F               0         Blade 1 Z orientation angle, node 24, rad
        274    9.808E-01,  1.411E-02, -1.945E-01         F               0         Blade 1 X orientation angle, node 25, rad
        275    8.673E-02, -9.249E-01,  3.703E-01         F               0         Blade 1 Y orientation angle, node 25, rad
        276   -1.746E-01, -3.801E-01, -9.083E-01         F               0         Blade 1 Z orientation angle, node 25, rad
        277    9.810E-01,  1.169E-02, -1.935E-01         F               0         Blade 1 X orientation angle, node 26, rad
        278    8.416E-02, -9.249E-01,  3.708E-01         F               0         Blade 1 Y orientation angle, node 26, rad
        279   -1.746E-01, -3.801E-01, -9.083E-01         F               0         Blade 1 Z orientation angle, node 26, rad
        280    9.812E-01,  9.264E-03, -1.925E-01         F               0         Blade 1 X orientation angle, node 27, rad
        281    8.159E-02, -9.249E-01,  3.713E-01         F               0         Blade 1 Y orientation angle, node 27, rad
        282   -1.746E-01, -3.801E-01, -9.083E-01         F               0         Blade 1 Z orientation angle, node 27, rad
        283    9.814E-01,  7.973E-03, -1.920E-01         F               0         Blade 1 X orientation angle, node 28, rad
        284    8.022E-02, -9.249E-01,  3.716E-01         F               0         Blade 1 Y orientation angle, node 28, rad
        285   -1.746E-01, -3.801E-01, -9.083E-01         F               0         Blade 1 Z orientation angle, node 28, rad
        286   -3.191E-01                                 F               0         Blade 1 X translation velocity, node 1, m/s
        287    3.628E+00                                 F               0         Blade 1 Y translation velocity, node 1, m/s
        288   -1.458E+00                                 F               0         Blade 1 Z translation velocity, node 1, m/s
        289   -3.960E-01                                 F               0         Blade 1 X translation velocity, node 2, m/s
        290    4.502E+00                                 F               0         Blade 1 Y translation velocity, node 2, m/s
        291   -1.809E+00                                 F               0         Blade 1 Z translation velocity, node 2, m/s
        292   -1.442E+00                                 F               0         Blade 1 X translation velocity, node 3, m/s
        293    1.638E+01                                 F               0         Blade 1 Y translation velocity, node 3, m/s
        294   -6.579E+00                                 F               0         Blade 1 Z translation velocity, node 3, m/s
        295   -1.665E+00                                 F               0         Blade 1 X translation velocity, node 4, m/s
        296    1.891E+01                                 F               0         Blade 1 Y translation velocity, node 4, m/s
        297   -7.595E+00                                 F               0         Blade 1 Z translation velocity, node 4, m/s
        298   -1.887E+00                                 F               0         Blade 1 X translation velocity, node 5, m/s
        299    2.145E+01                                 F               0         Blade 1 Y translation velocity, node 5, m/s
        300   -8.612E+00                                 F               0         Blade 1 Z translation velocity, node 5, m/s
        301   -2.110E+00                                 F               0         Blade 1 X translation velocity, node 6, m/s
        302    2.398E+01                                 F               0         Blade 1 Y translation velocity, node 6, m/s
        303   -9.628E+00                                 F               0         Blade 1 Z translation velocity, node 6, m/s
        304   -2.333E+00                                 F               0         Blade 1 X translation velocity, node 7, m/s
        305    2.651E+01                                 F               0         Blade 1 Y translation velocity, node 7, m/s
        306   -1.064E+01                                 F               0         Blade 1 Z translation velocity, node 7, m/s
        307   -2.556E+00                                 F               0         Blade 1 X translation velocity, node 8, m/s
