
Linearized model: Predictions were generated on 08-Jan-2024 at 09:43:14 using OpenFAST, compiled as a 64-bit application using single precision at commit v3.5.1
 linked with  NWTC Subroutine Library; ElastoDyn; InflowWind; AeroDyn; ServoDyn; HydroDyn; MoorDyn (v2.0.0, 2023-09-18)

Description from the FAST input file: CCT-9 Campign 4 model. Input files to be run with OpenFAST 3.5.0. GitHub branch from Lu Wang (https://github.com/luwang00/openfast/tree/dev) compiled on March 7, 2023.

Simulation information:
   Simulation time:                  1001.7500 s
   Rotor Speed:                         0.7074 rad/s
   Azimuth:                             0.4252 rad
   Wind Speed:                          8.0000 m/s
   Number of continuous states:         0
   Number of discrete states:           0
   Number of constraint states:         0
   Number of inputs:                 1746
   Number of outputs:                   4
   Jacobians included in this file?    No

Order of inputs:
     Column   Operating Point                     Rotating Frame? Derivative Order Description
   ---------- ---------------                     --------------- ---------------- -----------
          1    7.251E+00                                 F               0         Tower X translation displacement, node 1, m
          2   -1.279E+00                                 F               0         Tower Y translation displacement, node 1, m
          3   -1.501E-01                                 F               0         Tower Z translation displacement, node 1, m
          4    8.293E+00                                 F               0         Tower X translation displacement, node 2, m
          5   -1.822E+00                                 F               0         Tower Y translation displacement, node 2, m
          6   -2.061E-01                                 F               0         Tower Z translation displacement, node 2, m
          7    9.351E+00                                 F               0         Tower X translation displacement, node 3, m
          8   -2.369E+00                                 F               0         Tower Y translation displacement, node 3, m
          9   -2.637E-01                                 F               0         Tower Z translation displacement, node 3, m
         10    1.042E+01                                 F               0         Tower X translation displacement, node 4, m
         11   -2.921E+00                                 F               0         Tower Y translation displacement, node 4, m
         12   -3.225E-01                                 F               0         Tower Z translation displacement, node 4, m
         13    1.150E+01                                 F               0         Tower X translation displacement, node 5, m
         14   -3.477E+00                                 F               0         Tower Y translation displacement, node 5, m
         15   -3.822E-01                                 F               0         Tower Z translation displacement, node 5, m
         16    1.259E+01                                 F               0         Tower X translation displacement, node 6, m
         17   -4.035E+00                                 F               0         Tower Y translation displacement, node 6, m
         18   -4.427E-01                                 F               0         Tower Z translation displacement, node 6, m
         19    1.368E+01                                 F               0         Tower X translation displacement, node 7, m
         20   -4.596E+00                                 F               0         Tower Y translation displacement, node 7, m
         21   -5.038E-01                                 F               0         Tower Z translation displacement, node 7, m
         22    1.477E+01                                 F               0         Tower X translation displacement, node 8, m
         23   -5.158E+00                                 F               0         Tower Y translation displacement, node 8, m
         24   -5.653E-01                                 F               0         Tower Z translation displacement, node 8, m
         25    1.587E+01                                 F               0         Tower X translation displacement, node 9, m
         26   -5.723E+00                                 F               0         Tower Y translation displacement, node 9, m
         27   -6.271E-01                                 F               0         Tower Z translation displacement, node 9, m
         28    1.697E+01                                 F               0         Tower X translation displacement, node 10, m
         29   -6.288E+00                                 F               0         Tower Y translation displacement, node 10, m
         30   -6.892E-01                                 F               0         Tower Z translation displacement, node 10, m
         31    1.807E+01                                 F               0         Tower X translation displacement, node 11, m
         32   -6.854E+00                                 F               0         Tower Y translation displacement, node 11, m
         33   -7.513E-01                                 F               0         Tower Z translation displacement, node 11, m
         34    9.965E-01,  4.117E-03, -8.373E-02         F               0         Tower X orientation angle, node 1, rad
         35   -4.356E-04,  9.990E-01,  4.394E-02         F               0         Tower Y orientation angle, node 1, rad
         36    8.383E-02, -4.375E-02,  9.955E-01         F               0         Tower Z orientation angle, node 1, rad
         37    9.964E-01,  4.171E-03, -8.494E-02         F               0         Tower X orientation angle, node 2, rad
         38   -4.019E-04,  9.990E-01,  4.434E-02         F               0         Tower Y orientation angle, node 2, rad
         39    8.504E-02, -4.414E-02,  9.954E-01         F               0         Tower Z orientation angle, node 2, rad
         40    9.963E-01,  4.217E-03, -8.598E-02         F               0         Tower X orientation angle, node 3, rad
         41   -3.713E-04,  9.990E-01,  4.469E-02         F               0         Tower Y orientation angle, node 3, rad
         42    8.608E-02, -4.450E-02,  9.953E-01         F               0         Tower Z orientation angle, node 3, rad
         43    9.962E-01,  4.255E-03, -8.684E-02         F               0         Tower X orientation angle, node 4, rad
         44   -3.443E-04,  9.990E-01,  4.500E-02         F               0         Tower Y orientation angle, node 4, rad
         45    8.694E-02, -4.480E-02,  9.952E-01         F               0         Tower Z orientation angle, node 4, rad
         46    9.962E-01,  4.286E-03, -8.752E-02         F               0         Tower X orientation angle, node 5, rad
         47   -3.210E-04,  9.990E-01,  4.527E-02         F               0         Tower Y orientation angle, node 5, rad
         48    8.762E-02, -4.507E-02,  9.951E-01         F               0         Tower Z orientation angle, node 5, rad
         49    9.961E-01,  4.310E-03, -8.804E-02         F               0         Tower X orientation angle, node 6, rad
         50   -3.013E-04,  9.990E-01,  4.549E-02         F               0         Tower Y orientation angle, node 6, rad
         51    8.815E-02, -4.529E-02,  9.951E-01         F               0         Tower Z orientation angle, node 6, rad
         52    9.961E-01,  4.327E-03, -8.841E-02         F               0         Tower X orientation angle, node 7, rad
         53   -2.856E-04,  9.990E-01,  4.567E-02         F               0         Tower Y orientation angle, node 7, rad
         54    8.852E-02, -4.547E-02,  9.950E-01         F               0         Tower Z orientation angle, node 7, rad
         55    9.961E-01,  4.339E-03, -8.867E-02         F               0         Tower X orientation angle, node 8, rad
         56   -2.733E-04,  9.990E-01,  4.581E-02         F               0         Tower Y orientation angle, node 8, rad
         57    8.877E-02, -4.561E-02,  9.950E-01         F               0         Tower Z orientation angle, node 8, rad
         58    9.960E-01,  4.346E-03, -8.883E-02         F               0         Tower X orientation angle, node 9, rad
         59   -2.643E-04,  9.989E-01,  4.591E-02         F               0         Tower Y orientation angle, node 9, rad
         60    8.894E-02, -4.571E-02,  9.950E-01         F               0         Tower Z orientation angle, node 9, rad
         61    9.960E-01,  4.351E-03, -8.892E-02         F               0         Tower X orientation angle, node 10, rad
         62   -2.585E-04,  9.989E-01,  4.598E-02         F               0         Tower Y orientation angle, node 10, rad
         63    8.903E-02, -4.577E-02,  9.950E-01         F               0         Tower Z orientation angle, node 10, rad
         64    9.960E-01,  4.352E-03, -8.896E-02         F               0         Tower X orientation angle, node 11, rad
         65   -2.553E-04,  9.989E-01,  4.602E-02         F               0         Tower Y orientation angle, node 11, rad
         66    8.906E-02, -4.581E-02,  9.950E-01         F               0         Tower Z orientation angle, node 11, rad
         67   -2.105E-04                                 F               0         Tower X translation velocity, node 1, m/s
         68    8.845E-04                                 F               0         Tower Y translation velocity, node 1, m/s
         69   -2.862E-03                                 F               0         Tower Z translation velocity, node 1, m/s
         70   -2.461E-04                                 F               0         Tower X translation velocity, node 2, m/s
         71    1.352E-03                                 F               0         Tower Y translation velocity, node 2, m/s
         72   -2.838E-03                                 F               0         Tower Z translation velocity, node 2, m/s
         73   -2.906E-04                                 F               0         Tower X translation velocity, node 3, m/s
         74    1.817E-03                                 F               0         Tower Y translation velocity, node 3, m/s
         75   -2.814E-03                                 F               0         Tower Z translation velocity, node 3, m/s
         76   -3.425E-04                                 F               0         Tower X translation velocity, node 4, m/s
         77    2.280E-03                                 F               0         Tower Y translation velocity, node 4, m/s
         78   -2.788E-03                                 F               0         Tower Z translation velocity, node 4, m/s
         79   -4.012E-04                                 F               0         Tower X translation velocity, node 5, m/s
         80    2.742E-03                                 F               0         Tower Y translation velocity, node 5, m/s
         81   -2.762E-03                                 F               0         Tower Z translation velocity, node 5, m/s
         82   -4.661E-04                                 F               0         Tower X translation velocity, node 6, m/s
         83    3.202E-03                                 F               0         Tower Y translation velocity, node 6, m/s
         84   -2.736E-03                                 F               0         Tower Z translation velocity, node 6, m/s
         85   -5.361E-04                                 F               0         Tower X translation velocity, node 7, m/s
         86    3.659E-03                                 F               0         Tower Y translation velocity, node 7, m/s
         87   -2.709E-03                                 F               0         Tower Z translation velocity, node 7, m/s
         88   -6.108E-04                                 F               0         Tower X translation velocity, node 8, m/s
         89    4.116E-03                                 F               0         Tower Y translation velocity, node 8, m/s
         90   -2.681E-03                                 F               0         Tower Z translation velocity, node 8, m/s
         91   -6.893E-04                                 F               0         Tower X translation velocity, node 9, m/s
         92    4.571E-03                                 F               0         Tower Y translation velocity, node 9, m/s
         93   -2.653E-03                                 F               0         Tower Z translation velocity, node 9, m/s
         94   -7.706E-04                                 F               0         Tower X translation velocity, node 10, m/s
         95    5.024E-03                                 F               0         Tower Y translation velocity, node 10, m/s
         96   -2.625E-03                                 F               0         Tower Z translation velocity, node 10, m/s
         97   -8.537E-04                                 F               0         Tower X translation velocity, node 11, m/s
         98    5.477E-03                                 F               0         Tower Y translation velocity, node 11, m/s
         99   -2.597E-03                                 F               0         Tower Z translation velocity, node 11, m/s
        100    1.881E+01                                 F               0         Hub X translation displacement, node 1, m
        101   -7.260E+00                                 F               0         Hub Y translation displacement, node 1, m
        102    1.701E-01                                 F               0         Hub Z translation displacement, node 1, m
        103    9.813E-01,  9.117E-03, -1.925E-01         F               0         Hub X orientation angle, node 1, rad
        104    7.926E-02,  8.914E-01,  4.463E-01         F               0         Hub Y orientation angle, node 1, rad
        105    1.756E-01, -4.532E-01,  8.739E-01         F               0         Hub Z orientation angle, node 1, rad
        106    6.941E-01                                 F               0         Hub X rotation velocity, node 1, rad/s
        107    6.443E-03                                 F               0         Hub Y rotation velocity, node 1, rad/s
        108   -1.362E-01                                 F               0         Hub Z rotation velocity, node 1, rad/s
        109    9.785E-01, -1.733E-02, -2.056E-01         F               0         Blade root 1 X orientation angle, node 1, rad
        110    1.083E-01,  8.913E-01,  4.404E-01         F               0         Blade root 1 Y orientation angle, node 1, rad
        111    1.756E-01, -4.532E-01,  8.739E-01         F               0         Blade root 1 Z orientation angle, node 1, rad
        112    9.775E-01,  3.398E-02, -2.082E-01         F               0         Blade root 2 X orientation angle, node 1, rad
        113    1.415E-01, -8.375E-01,  5.278E-01         F               0         Blade root 2 Y orientation angle, node 1, rad
        114   -1.565E-01, -5.454E-01, -8.235E-01         F               0         Blade root 2 Z orientation angle, node 1, rad
        115    9.865E-01,  1.069E-02, -1.633E-01         F               0         Blade root 3 X orientation angle, node 1, rad
        116   -1.625E-01, -5.293E-02, -9.853E-01         F               0         Blade root 3 Y orientation angle, node 1, rad
        117   -1.918E-02,  9.985E-01, -5.047E-02         F               0         Blade root 3 Z orientation angle, node 1, rad
        118    1.921E+01                                 F               0         Blade 1 X translation displacement, node 1, m
        119   -9.771E+00                                 F               0         Blade 1 Y translation displacement, node 1, m
        120   -4.979E-01                                 F               0         Blade 1 Z translation displacement, node 1, m
        121    1.930E+01                                 F               0         Blade 1 X translation displacement, node 2, m
        122   -1.038E+01                                 F               0         Blade 1 Y translation displacement, node 2, m
        123   -6.589E-01                                 F               0         Blade 1 Z translation displacement, node 2, m
        124    2.059E+01                                 F               0         Blade 1 X translation displacement, node 3, m
        125   -1.860E+01                                 F               0         Blade 1 Y translation displacement, node 3, m
        126   -2.848E+00                                 F               0         Blade 1 Z translation displacement, node 3, m
        127    2.087E+01                                 F               0         Blade 1 X translation displacement, node 4, m
        128   -2.035E+01                                 F               0         Blade 1 Y translation displacement, node 4, m
        129   -3.314E+00                                 F               0         Blade 1 Z translation displacement, node 4, m
        130    2.114E+01                                 F               0         Blade 1 X translation displacement, node 5, m
        131   -2.211E+01                                 F               0         Blade 1 Y translation displacement, node 5, m
        132   -3.780E+00                                 F               0         Blade 1 Z translation displacement, node 5, m
        133    2.142E+01                                 F               0         Blade 1 X translation displacement, node 6, m
        134   -2.386E+01                                 F               0         Blade 1 Y translation displacement, node 6, m
        135   -4.247E+00                                 F               0         Blade 1 Z translation displacement, node 6, m
        136    2.169E+01                                 F               0         Blade 1 X translation displacement, node 7, m
        137   -2.561E+01                                 F               0         Blade 1 Y translation displacement, node 7, m
        138   -4.713E+00                                 F               0         Blade 1 Z translation displacement, node 7, m
        139    2.197E+01                                 F               0         Blade 1 X translation displacement, node 8, m
        140   -2.737E+01                                 F               0         Blade 1 Y translation displacement, node 8, m
        141   -5.179E+00                                 F               0         Blade 1 Z translation displacement, node 8, m
        142    2.224E+01                                 F               0         Blade 1 X translation displacement, node 9, m
        143   -2.912E+01                                 F               0         Blade 1 Y translation displacement, node 9, m
        144   -5.646E+00                                 F               0         Blade 1 Z translation displacement, node 9, m
        145    2.252E+01                                 F               0         Blade 1 X translation displacement, node 10, m
        146   -3.087E+01                                 F               0         Blade 1 Y translation displacement, node 10, m
        147   -6.112E+00                                 F               0         Blade 1 Z translation displacement, node 10, m
        148    2.279E+01                                 F               0         Blade 1 X translation displacement, node 11, m
        149   -3.262E+01                                 F               0         Blade 1 Y translation displacement, node 11, m
        150   -6.578E+00                                 F               0         Blade 1 Z translation displacement, node 11, m
        151    2.307E+01                                 F               0         Blade 1 X translation displacement, node 12, m
        152   -3.438E+01                                 F               0         Blade 1 Y translation displacement, node 12, m
        153   -7.045E+00                                 F               0         Blade 1 Z translation displacement, node 12, m
        154    2.334E+01                                 F               0         Blade 1 X translation displacement, node 13, m
        155   -3.613E+01                                 F               0         Blade 1 Y translation displacement, node 13, m
        156   -7.511E+00                                 F               0         Blade 1 Z translation displacement, node 13, m
        157    2.362E+01                                 F               0         Blade 1 X translation displacement, node 14, m
        158   -3.788E+01                                 F               0         Blade 1 Y translation displacement, node 14, m
        159   -7.978E+00                                 F               0         Blade 1 Z translation displacement, node 14, m
        160    2.389E+01                                 F               0         Blade 1 X translation displacement, node 15, m
        161   -3.964E+01                                 F               0         Blade 1 Y translation displacement, node 15, m
        162   -8.444E+00                                 F               0         Blade 1 Z translation displacement, node 15, m
        163    2.417E+01                                 F               0         Blade 1 X translation displacement, node 16, m
        164   -4.139E+01                                 F               0         Blade 1 Y translation displacement, node 16, m
        165   -8.910E+00                                 F               0         Blade 1 Z translation displacement, node 16, m
        166    2.444E+01                                 F               0         Blade 1 X translation displacement, node 17, m
        167   -4.314E+01                                 F               0         Blade 1 Y translation displacement, node 17, m
        168   -9.377E+00                                 F               0         Blade 1 Z translation displacement, node 17, m
        169    2.472E+01                                 F               0         Blade 1 X translation displacement, node 18, m
        170   -4.489E+01                                 F               0         Blade 1 Y translation displacement, node 18, m
        171   -9.843E+00                                 F               0         Blade 1 Z translation displacement, node 18, m
        172    2.499E+01                                 F               0         Blade 1 X translation displacement, node 19, m
        173   -4.665E+01                                 F               0         Blade 1 Y translation displacement, node 19, m
        174   -1.031E+01                                 F               0         Blade 1 Z translation displacement, node 19, m
        175    2.527E+01                                 F               0         Blade 1 X translation displacement, node 20, m
        176   -4.840E+01                                 F               0         Blade 1 Y translation displacement, node 20, m
        177   -1.078E+01                                 F               0         Blade 1 Z translation displacement, node 20, m
        178    2.554E+01                                 F               0         Blade 1 X translation displacement, node 21, m
        179   -5.015E+01                                 F               0         Blade 1 Y translation displacement, node 21, m
        180   -1.124E+01                                 F               0         Blade 1 Z translation displacement, node 21, m
        181    2.582E+01                                 F               0         Blade 1 X translation displacement, node 22, m
        182   -5.190E+01                                 F               0         Blade 1 Y translation displacement, node 22, m
        183   -1.171E+01                                 F               0         Blade 1 Z translation displacement, node 22, m
        184    2.609E+01                                 F               0         Blade 1 X translation displacement, node 23, m
        185   -5.366E+01                                 F               0         Blade 1 Y translation displacement, node 23, m
        186   -1.217E+01                                 F               0         Blade 1 Z translation displacement, node 23, m
        187    2.637E+01                                 F               0         Blade 1 X translation displacement, node 24, m
        188   -5.541E+01                                 F               0         Blade 1 Y translation displacement, node 24, m
        189   -1.264E+01                                 F               0         Blade 1 Z translation displacement, node 24, m
        190    2.664E+01                                 F               0         Blade 1 X translation displacement, node 25, m
        191   -5.716E+01                                 F               0         Blade 1 Y translation displacement, node 25, m
        192   -1.311E+01                                 F               0         Blade 1 Z translation displacement, node 25, m
        193    2.692E+01                                 F               0         Blade 1 X translation displacement, node 26, m
        194   -5.892E+01                                 F               0         Blade 1 Y translation displacement, node 26, m
        195   -1.357E+01                                 F               0         Blade 1 Z translation displacement, node 26, m
        196    2.719E+01                                 F               0         Blade 1 X translation displacement, node 27, m
        197   -6.067E+01                                 F               0         Blade 1 Y translation displacement, node 27, m
        198   -1.404E+01                                 F               0         Blade 1 Z translation displacement, node 27, m
        199    2.743E+01                                 F               0         Blade 1 X translation displacement, node 28, m
        200   -6.215E+01                                 F               0         Blade 1 Y translation displacement, node 28, m
        201   -1.444E+01                                 F               0         Blade 1 Z translation displacement, node 28, m
        202    8.214E-01, -4.218E-01, -3.838E-01         F               0         Blade 1 X orientation angle, node 1, rad
        203    5.426E-01,  7.853E-01,  2.982E-01         F               0         Blade 1 Y orientation angle, node 1, rad
        204    1.756E-01, -4.532E-01,  8.739E-01         F               0         Blade 1 Z orientation angle, node 1, rad
        205    8.214E-01, -4.218E-01, -3.838E-01         F               0         Blade 1 X orientation angle, node 2, rad
        206    5.426E-01,  7.853E-01,  2.982E-01         F               0         Blade 1 Y orientation angle, node 2, rad
        207    1.756E-01, -4.532E-01,  8.739E-01         F               0         Blade 1 Z orientation angle, node 2, rad
        208    9.266E-01, -2.237E-01, -3.022E-01         F               0         Blade 1 X orientation angle, node 3, rad
        209    3.325E-01,  8.629E-01,  3.806E-01         F               0         Blade 1 Y orientation angle, node 3, rad
        210    1.756E-01, -4.532E-01,  8.739E-01         F               0         Blade 1 Z orientation angle, node 3, rad
        211    9.398E-01, -1.871E-01, -2.859E-01         F               0         Blade 1 X orientation angle, node 4, rad
        212    2.930E-01,  8.716E-01,  3.931E-01         F               0         Blade 1 Y orientation angle, node 4, rad
        213    1.756E-01, -4.532E-01,  8.739E-01         F               0         Blade 1 Z orientation angle, node 4, rad
        214    9.490E-01, -1.581E-01, -2.727E-01         F               0         Blade 1 X orientation angle, node 5, rad
        215    2.617E-01,  8.773E-01,  4.023E-01         F               0         Blade 1 Y orientation angle, node 5, rad
        216    1.756E-01, -4.532E-01,  8.739E-01         F               0         Blade 1 Z orientation angle, node 5, rad
        217    9.556E-01, -1.347E-01, -2.619E-01         F               0         Blade 1 X orientation angle, node 6, rad
        218    2.365E-01,  8.812E-01,  4.094E-01         F               0         Blade 1 Y orientation angle, node 6, rad
        219    1.756E-01, -4.532E-01,  8.739E-01         F               0         Blade 1 Z orientation angle, node 6, rad
        220    9.606E-01, -1.155E-01, -2.529E-01         F               0         Blade 1 X orientation angle, node 7, rad
        221    2.156E-01,  8.839E-01,  4.150E-01         F               0         Blade 1 Y orientation angle, node 7, rad
        222    1.756E-01, -4.532E-01,  8.739E-01         F               0         Blade 1 Z orientation angle, node 7, rad
        223    9.643E-01, -9.943E-02, -2.454E-01         F               0         Blade 1 X orientation angle, node 8, rad
        224    1.981E-01,  8.859E-01,  4.195E-01         F               0         Blade 1 Y orientation angle, node 8, rad
        225    1.756E-01, -4.532E-01,  8.739E-01         F               0         Blade 1 Z orientation angle, node 8, rad
        226    9.672E-01, -8.581E-02, -2.389E-01         F               0         Blade 1 X orientation angle, node 9, rad
        227    1.833E-01,  8.873E-01,  4.233E-01         F               0         Blade 1 Y orientation angle, node 9, rad
        228    1.756E-01, -4.532E-01,  8.739E-01         F               0         Blade 1 Z orientation angle, node 9, rad
        229    9.696E-01, -7.403E-02, -2.332E-01         F               0         Blade 1 X orientation angle, node 10, rad
        230    1.704E-01,  8.883E-01,  4.264E-01         F               0         Blade 1 Y orientation angle, node 10, rad
        231    1.756E-01, -4.532E-01,  8.739E-01         F               0         Blade 1 Z orientation angle, node 10, rad
        232    9.715E-01, -6.395E-02, -2.284E-01         F               0         Blade 1 X orientation angle, node 11, rad
        233    1.594E-01,  8.891E-01,  4.290E-01         F               0         Blade 1 Y orientation angle, node 11, rad
        234    1.756E-01, -4.532E-01,  8.739E-01         F               0         Blade 1 Z orientation angle, node 11, rad
        235    9.730E-01, -5.510E-02, -2.241E-01         F               0         Blade 1 X orientation angle, node 12, rad
        236    1.497E-01,  8.897E-01,  4.313E-01         F               0         Blade 1 Y orientation angle, node 12, rad
        237    1.756E-01, -4.532E-01,  8.739E-01         F               0         Blade 1 Z orientation angle, node 12, rad
        238    9.743E-01, -4.734E-02, -2.203E-01         F               0         Blade 1 X orientation angle, node 13, rad
        239    1.412E-01,  8.902E-01,  4.332E-01         F               0         Blade 1 Y orientation angle, node 13, rad
        240    1.756E-01, -4.532E-01,  8.739E-01         F               0         Blade 1 Z orientation angle, node 13, rad
        241    9.754E-01, -4.034E-02, -2.169E-01         F               0         Blade 1 X orientation angle, node 14, rad
        242    1.336E-01,  8.905E-01,  4.349E-01         F               0         Blade 1 Y orientation angle, node 14, rad
        243    1.756E-01, -4.532E-01,  8.739E-01         F               0         Blade 1 Z orientation angle, node 14, rad
        244    9.763E-01, -3.413E-02, -2.139E-01         F               0         Blade 1 X orientation angle, node 15, rad
        245    1.268E-01,  8.908E-01,  4.364E-01         F               0         Blade 1 Y orientation angle, node 15, rad
        246    1.756E-01, -4.532E-01,  8.739E-01         F               0         Blade 1 Z orientation angle, node 15, rad
        247    9.770E-01, -2.853E-02, -2.111E-01         F               0         Blade 1 X orientation angle, node 16, rad
        248    1.206E-01,  8.910E-01,  4.378E-01         F               0         Blade 1 Y orientation angle, node 16, rad
        249    1.756E-01, -4.532E-01,  8.739E-01         F               0         Blade 1 Z orientation angle, node 16, rad
        250    9.777E-01, -2.355E-02, -2.087E-01         F               0         Blade 1 X orientation angle, node 17, rad
        251    1.152E-01,  8.911E-01,  4.389E-01         F               0         Blade 1 Y orientation angle, node 17, rad
        252    1.756E-01, -4.532E-01,  8.739E-01         F               0         Blade 1 Z orientation angle, node 17, rad
        253    9.783E-01, -1.889E-02, -2.064E-01         F               0         Blade 1 X orientation angle, node 18, rad
        254    1.100E-01,  8.912E-01,  4.400E-01         F               0         Blade 1 Y orientation angle, node 18, rad
        255    1.756E-01, -4.532E-01,  8.739E-01         F               0         Blade 1 Z orientation angle, node 18, rad
        256    9.788E-01, -1.469E-02, -2.043E-01         F               0         Blade 1 X orientation angle, node 19, rad
        257    1.054E-01,  8.913E-01,  4.410E-01         F               0         Blade 1 Y orientation angle, node 19, rad
        258    1.756E-01, -4.532E-01,  8.739E-01         F               0         Blade 1 Z orientation angle, node 19, rad
        259    9.792E-01, -1.095E-02, -2.025E-01         F               0         Blade 1 X orientation angle, node 20, rad
        260    1.013E-01,  8.914E-01,  4.418E-01         F               0         Blade 1 Y orientation angle, node 20, rad
        261    1.756E-01, -4.532E-01,  8.739E-01         F               0         Blade 1 Z orientation angle, node 20, rad
        262    9.796E-01, -7.374E-03, -2.007E-01         F               0         Blade 1 X orientation angle, node 21, rad
        263    9.740E-02,  8.914E-01,  4.427E-01         F               0         Blade 1 Y orientation angle, node 21, rad
        264    1.756E-01, -4.532E-01,  8.739E-01         F               0         Blade 1 Z orientation angle, node 21, rad
        265    9.800E-01, -4.107E-03, -1.991E-01         F               0         Blade 1 X orientation angle, node 22, rad
        266    9.381E-02,  8.914E-01,  4.434E-01         F               0         Blade 1 Y orientation angle, node 22, rad
        267    1.756E-01, -4.532E-01,  8.739E-01         F               0         Blade 1 Z orientation angle, node 22, rad
        268    9.803E-01, -1.151E-03, -1.976E-01         F               0         Blade 1 X orientation angle, node 23, rad
        269    9.056E-02,  8.914E-01,  4.440E-01         F               0         Blade 1 Y orientation angle, node 23, rad
        270    1.756E-01, -4.532E-01,  8.739E-01         F               0         Blade 1 Z orientation angle, node 23, rad
        271    9.806E-01,  1.649E-03, -1.962E-01         F               0         Blade 1 X orientation angle, node 24, rad
        272    8.748E-02,  8.914E-01,  4.447E-01         F               0         Blade 1 Y orientation angle, node 24, rad
        273    1.756E-01, -4.532E-01,  8.739E-01         F               0         Blade 1 Z orientation angle, node 24, rad
        274    9.808E-01,  4.294E-03, -1.949E-01         F               0         Blade 1 X orientation angle, node 25, rad
        275    8.457E-02,  8.914E-01,  4.452E-01         F               0         Blade 1 Y orientation angle, node 25, rad
        276    1.756E-01, -4.532E-01,  8.739E-01         F               0         Blade 1 Z orientation angle, node 25, rad
        277    9.810E-01,  6.628E-03, -1.937E-01         F               0         Blade 1 X orientation angle, node 26, rad
        278    8.200E-02,  8.914E-01,  4.457E-01         F               0         Blade 1 Y orientation angle, node 26, rad
        279    1.756E-01, -4.532E-01,  8.739E-01         F               0         Blade 1 Z orientation angle, node 26, rad
        280    9.812E-01,  8.962E-03, -1.926E-01         F               0         Blade 1 X orientation angle, node 27, rad
        281    7.943E-02,  8.914E-01,  4.463E-01         F               0         Blade 1 Y orientation angle, node 27, rad
        282    1.756E-01, -4.532E-01,  8.739E-01         F               0         Blade 1 Z orientation angle, node 27, rad
        283    9.814E-01,  1.021E-02, -1.919E-01         F               0         Blade 1 X orientation angle, node 28, rad
        284    7.806E-02,  8.914E-01,  4.465E-01         F               0         Blade 1 Y orientation angle, node 28, rad
        285    1.756E-01, -4.532E-01,  8.739E-01         F               0         Blade 1 Z orientation angle, node 28, rad
        286   -3.116E-01                                 F               0         Blade 1 X translation velocity, node 1, m/s
        287   -3.487E+00                                 F               0         Blade 1 Y translation velocity, node 1, m/s
        288   -1.752E+00                                 F               0         Blade 1 Z translation velocity, node 1, m/s
        289   -3.864E-01                                 F               0         Blade 1 X translation velocity, node 2, m/s
        290   -4.329E+00                                 F               0         Blade 1 Y translation velocity, node 2, m/s
        291   -2.173E+00                                 F               0         Blade 1 Z translation velocity, node 2, m/s
        292   -1.404E+00                                 F               0         Blade 1 X translation velocity, node 3, m/s
        293   -1.577E+01                                 F               0         Blade 1 Y translation velocity, node 3, m/s
        294   -7.903E+00                                 F               0         Blade 1 Z translation velocity, node 3, m/s
        295   -1.621E+00                                 F               0         Blade 1 X translation velocity, node 4, m/s
        296   -1.821E+01                                 F               0         Blade 1 Y translation velocity, node 4, m/s
        297   -9.124E+00                                 F               0         Blade 1 Z translation velocity, node 4, m/s
        298   -1.838E+00                                 F               0         Blade 1 X translation velocity, node 5, m/s
        299   -2.065E+01                                 F               0         Blade 1 Y translation velocity, node 5, m/s
        300   -1.035E+01                                 F               0         Blade 1 Z translation velocity, node 5, m/s
        301   -2.055E+00                                 F               0         Blade 1 X translation velocity, node 6, m/s
        302   -2.309E+01                                 F               0         Blade 1 Y translation velocity, node 6, m/s
        303   -1.157E+01                                 F               0         Blade 1 Z translation velocity, node 6, m/s
        304   -2.272E+00                                 F               0         Blade 1 X translation velocity, node 7, m/s
        305   -2.553E+01                                 F               0         Blade 1 Y translation velocity, node 7, m/s
        306   -1.279E+01                                 F               0         Blade 1 Z translation velocity, node 7, m/s
        307   -2.489E+00                                 F               0         Blade 1 X translation velocity, node 8, m/s
