
Linearized model: Predictions were generated on 08-Jan-2024 at 09:43:14 using OpenFAST, compiled as a 64-bit application using single precision at commit v3.5.1
 linked with  NWTC Subroutine Library; ElastoDyn; InflowWind; AeroDyn; ServoDyn; HydroDyn; MoorDyn (v2.0.0, 2023-09-18)

Description from the FAST input file: CCT-9 Campign 4 model. Input files to be run with OpenFAST 3.5.0. GitHub branch from Lu Wang (https://github.com/luwang00/openfast/tree/dev) compiled on March 7, 2023.

Simulation information:
   Simulation time:                  1004.7250 s
   Rotor Speed:                         0.7076 rad/s
   Azimuth:                             2.5298 rad
   Wind Speed:                          8.0000 m/s
   Number of continuous states:         0
   Number of discrete states:           0
   Number of constraint states:         0
   Number of inputs:                 1746
   Number of outputs:                   4
   Jacobians included in this file?    No

Order of inputs:
     Column   Operating Point                     Rotating Frame? Derivative Order Description
   ---------- ---------------                     --------------- ---------------- -----------
          1    7.250E+00                                 F               0         Tower X translation displacement, node 1, m
          2   -1.277E+00                                 F               0         Tower Y translation displacement, node 1, m
          3   -1.592E-01                                 F               0         Tower Z translation displacement, node 1, m
          4    8.293E+00                                 F               0         Tower X translation displacement, node 2, m
          5   -1.818E+00                                 F               0         Tower Y translation displacement, node 2, m
          6   -2.152E-01                                 F               0         Tower Z translation displacement, node 2, m
          7    9.350E+00                                 F               0         Tower X translation displacement, node 3, m
          8   -2.364E+00                                 F               0         Tower Y translation displacement, node 3, m
          9   -2.727E-01                                 F               0         Tower Z translation displacement, node 3, m
         10    1.042E+01                                 F               0         Tower X translation displacement, node 4, m
         11   -2.914E+00                                 F               0         Tower Y translation displacement, node 4, m
         12   -3.314E-01                                 F               0         Tower Z translation displacement, node 4, m
         13    1.150E+01                                 F               0         Tower X translation displacement, node 5, m
         14   -3.468E+00                                 F               0         Tower Y translation displacement, node 5, m
         15   -3.910E-01                                 F               0         Tower Z translation displacement, node 5, m
         16    1.259E+01                                 F               0         Tower X translation displacement, node 6, m
         17   -4.025E+00                                 F               0         Tower Y translation displacement, node 6, m
         18   -4.515E-01                                 F               0         Tower Z translation displacement, node 6, m
         19    1.368E+01                                 F               0         Tower X translation displacement, node 7, m
         20   -4.585E+00                                 F               0         Tower Y translation displacement, node 7, m
         21   -5.125E-01                                 F               0         Tower Z translation displacement, node 7, m
         22    1.477E+01                                 F               0         Tower X translation displacement, node 8, m
         23   -5.146E+00                                 F               0         Tower Y translation displacement, node 8, m
         24   -5.740E-01                                 F               0         Tower Z translation displacement, node 8, m
         25    1.587E+01                                 F               0         Tower X translation displacement, node 9, m
         26   -5.709E+00                                 F               0         Tower Y translation displacement, node 9, m
         27   -6.357E-01                                 F               0         Tower Z translation displacement, node 9, m
         28    1.697E+01                                 F               0         Tower X translation displacement, node 10, m
         29   -6.272E+00                                 F               0         Tower Y translation displacement, node 10, m
         30   -6.977E-01                                 F               0         Tower Z translation displacement, node 10, m
         31    1.807E+01                                 F               0         Tower X translation displacement, node 11, m
         32   -6.837E+00                                 F               0         Tower Y translation displacement, node 11, m
         33   -7.597E-01                                 F               0         Tower Z translation displacement, node 11, m
         34    9.965E-01,  4.116E-03, -8.373E-02         F               0         Tower X orientation angle, node 1, rad
         35   -4.441E-04,  9.990E-01,  4.382E-02         F               0         Tower Y orientation angle, node 1, rad
         36    8.383E-02, -4.363E-02,  9.955E-01         F               0         Tower Z orientation angle, node 1, rad
         37    9.964E-01,  4.169E-03, -8.494E-02         F               0         Tower X orientation angle, node 2, rad
         38   -4.104E-04,  9.990E-01,  4.422E-02         F               0         Tower Y orientation angle, node 2, rad
         39    8.504E-02, -4.402E-02,  9.954E-01         F               0         Tower Z orientation angle, node 2, rad
         40    9.963E-01,  4.215E-03, -8.598E-02         F               0         Tower X orientation angle, node 3, rad
         41   -3.797E-04,  9.990E-01,  4.458E-02         F               0         Tower Y orientation angle, node 3, rad
         42    8.608E-02, -4.438E-02,  9.953E-01         F               0         Tower Z orientation angle, node 3, rad
         43    9.962E-01,  4.253E-03, -8.684E-02         F               0         Tower X orientation angle, node 4, rad
         44   -3.526E-04,  9.990E-01,  4.489E-02         F               0         Tower Y orientation angle, node 4, rad
         45    8.694E-02, -4.469E-02,  9.952E-01         F               0         Tower Z orientation angle, node 4, rad
         46    9.962E-01,  4.284E-03, -8.752E-02         F               0         Tower X orientation angle, node 5, rad
         47   -3.292E-04,  9.990E-01,  4.516E-02         F               0         Tower Y orientation angle, node 5, rad
         48    8.762E-02, -4.495E-02,  9.951E-01         F               0         Tower Z orientation angle, node 5, rad
         49    9.961E-01,  4.308E-03, -8.804E-02         F               0         Tower X orientation angle, node 6, rad
         50   -3.095E-04,  9.990E-01,  4.538E-02         F               0         Tower Y orientation angle, node 6, rad
         51    8.814E-02, -4.518E-02,  9.951E-01         F               0         Tower Z orientation angle, node 6, rad
         52    9.961E-01,  4.325E-03, -8.841E-02         F               0         Tower X orientation angle, node 7, rad
         53   -2.937E-04,  9.990E-01,  4.556E-02         F               0         Tower Y orientation angle, node 7, rad
         54    8.852E-02, -4.535E-02,  9.950E-01         F               0         Tower Z orientation angle, node 7, rad
         55    9.961E-01,  4.337E-03, -8.867E-02         F               0         Tower X orientation angle, node 8, rad
         56   -2.813E-04,  9.990E-01,  4.570E-02         F               0         Tower Y orientation angle, node 8, rad
         57    8.877E-02, -4.549E-02,  9.950E-01         F               0         Tower Z orientation angle, node 8, rad
         58    9.960E-01,  4.344E-03, -8.883E-02         F               0         Tower X orientation angle, node 9, rad
         59   -2.723E-04,  9.990E-01,  4.580E-02         F               0         Tower Y orientation angle, node 9, rad
         60    8.893E-02, -4.560E-02,  9.950E-01         F               0         Tower Z orientation angle, node 9, rad
         61    9.960E-01,  4.348E-03, -8.892E-02         F               0         Tower X orientation angle, node 10, rad
         62   -2.664E-04,  9.989E-01,  4.587E-02         F               0         Tower Y orientation angle, node 10, rad
         63    8.902E-02, -4.566E-02,  9.950E-01         F               0         Tower Z orientation angle, node 10, rad
         64    9.960E-01,  4.350E-03, -8.896E-02         F               0         Tower X orientation angle, node 11, rad
         65   -2.632E-04,  9.989E-01,  4.590E-02         F               0         Tower Y orientation angle, node 11, rad
         66    8.906E-02, -4.570E-02,  9.950E-01         F               0         Tower Z orientation angle, node 11, rad
         67    2.927E-06                                 F               0         Tower X translation velocity, node 1, m/s
         68    1.789E-04                                 F               0         Tower Y translation velocity, node 1, m/s
         69   -2.909E-03                                 F               0         Tower Z translation velocity, node 1, m/s
         70    5.818E-05                                 F               0         Tower X translation velocity, node 2, m/s
         71    4.769E-04                                 F               0         Tower Y translation velocity, node 2, m/s
         72   -2.900E-03                                 F               0         Tower Z translation velocity, node 2, m/s
         73    1.002E-04                                 F               0         Tower X translation velocity, node 3, m/s
         74    7.779E-04                                 F               0         Tower Y translation velocity, node 3, m/s
         75   -2.890E-03                                 F               0         Tower Z translation velocity, node 3, m/s
         76    1.297E-04                                 F               0         Tower X translation velocity, node 4, m/s
         77    1.081E-03                                 F               0         Tower Y translation velocity, node 4, m/s
         78   -2.879E-03                                 F               0         Tower Z translation velocity, node 4, m/s
         79    1.465E-04                                 F               0         Tower X translation velocity, node 5, m/s
         80    1.387E-03                                 F               0         Tower Y translation velocity, node 5, m/s
         81   -2.867E-03                                 F               0         Tower Z translation velocity, node 5, m/s
         82    1.507E-04                                 F               0         Tower X translation velocity, node 6, m/s
         83    1.695E-03                                 F               0         Tower Y translation velocity, node 6, m/s
         84   -2.854E-03                                 F               0         Tower Z translation velocity, node 6, m/s
         85    1.438E-04                                 F               0         Tower X translation velocity, node 7, m/s
         86    2.004E-03                                 F               0         Tower Y translation velocity, node 7, m/s
         87   -2.839E-03                                 F               0         Tower Z translation velocity, node 7, m/s
         88    1.258E-04                                 F               0         Tower X translation velocity, node 8, m/s
         89    2.314E-03                                 F               0         Tower Y translation velocity, node 8, m/s
         90   -2.823E-03                                 F               0         Tower Z translation velocity, node 8, m/s
         91    9.817E-05                                 F               0         Tower X translation velocity, node 9, m/s
         92    2.626E-03                                 F               0         Tower Y translation velocity, node 9, m/s
         93   -2.806E-03                                 F               0         Tower Z translation velocity, node 9, m/s
         94    6.315E-05                                 F               0         Tower X translation velocity, node 10, m/s
         95    2.938E-03                                 F               0         Tower Y translation velocity, node 10, m/s
         96   -2.789E-03                                 F               0         Tower Z translation velocity, node 10, m/s
         97    2.312E-05                                 F               0         Tower X translation velocity, node 11, m/s
         98    3.251E-03                                 F               0         Tower Y translation velocity, node 11, m/s
         99   -2.771E-03                                 F               0         Tower Z translation velocity, node 11, m/s
        100    1.881E+01                                 F               0         Hub X translation displacement, node 1, m
        101   -7.243E+00                                 F               0         Hub Y translation displacement, node 1, m
        102    1.616E-01                                 F               0         Hub Z translation displacement, node 1, m
        103    9.813E-01,  9.103E-03, -1.925E-01         F               0         Hub X orientation angle, node 1, rad
        104    1.109E-01, -8.436E-01,  5.254E-01         F               0         Hub Y orientation angle, node 1, rad
        105   -1.576E-01, -5.369E-01, -8.288E-01         F               0         Hub Z orientation angle, node 1, rad
        106    6.943E-01                                 F               0         Hub X rotation velocity, node 1, rad/s
        107    6.438E-03                                 F               0         Hub Y rotation velocity, node 1, rad/s
        108   -1.362E-01                                 F               0         Hub Z rotation velocity, node 1, rad/s
        109    9.775E-01,  3.413E-02, -2.080E-01         F               0         Blade root 1 X orientation angle, node 1, rad
        110    1.399E-01, -8.430E-01,  5.195E-01         F               0         Blade root 1 Y orientation angle, node 1, rad
        111   -1.576E-01, -5.369E-01, -8.288E-01         F               0         Blade root 1 Z orientation angle, node 1, rad
        112    9.865E-01,  1.038E-02, -1.633E-01         F               0         Blade root 2 X orientation angle, node 1, rad
        113   -1.627E-01, -4.288E-02, -9.857E-01         F               0         Blade root 2 Y orientation angle, node 1, rad
        114   -1.723E-02,  9.990E-01, -4.061E-02         F               0         Blade root 2 Z orientation angle, node 1, rad
        115    9.784E-01, -1.721E-02, -2.059E-01         F               0         Blade root 3 X orientation angle, node 1, rad
        116    1.101E-01,  8.866E-01,  4.492E-01         F               0         Blade root 3 Y orientation angle, node 1, rad
        117    1.748E-01, -4.621E-01,  8.694E-01         F               0         Blade root 3 Z orientation angle, node 1, rad
        118    1.736E+01                                 F               0         Blade 1 X translation displacement, node 1, m
        119   -1.022E+01                                 F               0         Blade 1 Y translation displacement, node 1, m
        120   -9.940E+00                                 F               0         Blade 1 Z translation displacement, node 1, m
        121    1.701E+01                                 F               0         Blade 1 X translation displacement, node 2, m
        122   -1.093E+01                                 F               0         Blade 1 Y translation displacement, node 2, m
        123   -1.237E+01                                 F               0         Blade 1 Z translation displacement, node 2, m
        124    1.225E+01                                 F               0         Blade 1 X translation displacement, node 3, m
        125   -2.068E+01                                 F               0         Blade 1 Y translation displacement, node 3, m
        126   -4.547E+01                                 F               0         Blade 1 Z translation displacement, node 3, m
        127    1.124E+01                                 F               0         Blade 1 X translation displacement, node 4, m
        128   -2.276E+01                                 F               0         Blade 1 Y translation displacement, node 4, m
        129   -5.252E+01                                 F               0         Blade 1 Z translation displacement, node 4, m
        130    1.022E+01                                 F               0         Blade 1 X translation displacement, node 5, m
        131   -2.483E+01                                 F               0         Blade 1 Y translation displacement, node 5, m
        132   -5.958E+01                                 F               0         Blade 1 Z translation displacement, node 5, m
        133    9.210E+00                                 F               0         Blade 1 X translation displacement, node 6, m
        134   -2.691E+01                                 F               0         Blade 1 Y translation displacement, node 6, m
        135   -6.663E+01                                 F               0         Blade 1 Z translation displacement, node 6, m
        136    8.197E+00                                 F               0         Blade 1 X translation displacement, node 7, m
        137   -2.899E+01                                 F               0         Blade 1 Y translation displacement, node 7, m
        138   -7.368E+01                                 F               0         Blade 1 Z translation displacement, node 7, m
        139    7.183E+00                                 F               0         Blade 1 X translation displacement, node 8, m
        140   -3.106E+01                                 F               0         Blade 1 Y translation displacement, node 8, m
        141   -8.073E+01                                 F               0         Blade 1 Z translation displacement, node 8, m
        142    6.169E+00                                 F               0         Blade 1 X translation displacement, node 9, m
        143   -3.314E+01                                 F               0         Blade 1 Y translation displacement, node 9, m
        144   -8.778E+01                                 F               0         Blade 1 Z translation displacement, node 9, m
        145    5.155E+00                                 F               0         Blade 1 X translation displacement, node 10, m
        146   -3.522E+01                                 F               0         Blade 1 Y translation displacement, node 10, m
        147   -9.484E+01                                 F               0         Blade 1 Z translation displacement, node 10, m
        148    4.142E+00                                 F               0         Blade 1 X translation displacement, node 11, m
        149   -3.729E+01                                 F               0         Blade 1 Y translation displacement, node 11, m
        150   -1.019E+02                                 F               0         Blade 1 Z translation displacement, node 11, m
        151    3.128E+00                                 F               0         Blade 1 X translation displacement, node 12, m
        152   -3.937E+01                                 F               0         Blade 1 Y translation displacement, node 12, m
        153   -1.089E+02                                 F               0         Blade 1 Z translation displacement, node 12, m
        154    2.114E+00                                 F               0         Blade 1 X translation displacement, node 13, m
        155   -4.145E+01                                 F               0         Blade 1 Y translation displacement, node 13, m
        156   -1.160E+02                                 F               0         Blade 1 Z translation displacement, node 13, m
        157    1.100E+00                                 F               0         Blade 1 X translation displacement, node 14, m
        158   -4.352E+01                                 F               0         Blade 1 Y translation displacement, node 14, m
        159   -1.230E+02                                 F               0         Blade 1 Z translation displacement, node 14, m
        160    8.629E-02                                 F               0         Blade 1 X translation displacement, node 15, m
        161   -4.560E+01                                 F               0         Blade 1 Y translation displacement, node 15, m
        162   -1.301E+02                                 F               0         Blade 1 Z translation displacement, node 15, m
        163   -9.274E-01                                 F               0         Blade 1 X translation displacement, node 16, m
        164   -4.767E+01                                 F               0         Blade 1 Y translation displacement, node 16, m
        165   -1.371E+02                                 F               0         Blade 1 Z translation displacement, node 16, m
        166   -1.941E+00                                 F               0         Blade 1 X translation displacement, node 17, m
        167   -4.975E+01                                 F               0         Blade 1 Y translation displacement, node 17, m
        168   -1.442E+02                                 F               0         Blade 1 Z translation displacement, node 17, m
        169   -2.955E+00                                 F               0         Blade 1 X translation displacement, node 18, m
        170   -5.183E+01                                 F               0         Blade 1 Y translation displacement, node 18, m
        171   -1.513E+02                                 F               0         Blade 1 Z translation displacement, node 18, m
        172   -3.969E+00                                 F               0         Blade 1 X translation displacement, node 19, m
        173   -5.390E+01                                 F               0         Blade 1 Y translation displacement, node 19, m
        174   -1.583E+02                                 F               0         Blade 1 Z translation displacement, node 19, m
        175   -4.983E+00                                 F               0         Blade 1 X translation displacement, node 20, m
        176   -5.598E+01                                 F               0         Blade 1 Y translation displacement, node 20, m
        177   -1.654E+02                                 F               0         Blade 1 Z translation displacement, node 20, m
        178   -5.996E+00                                 F               0         Blade 1 X translation displacement, node 21, m
        179   -5.806E+01                                 F               0         Blade 1 Y translation displacement, node 21, m
        180   -1.724E+02                                 F               0         Blade 1 Z translation displacement, node 21, m
        181   -7.010E+00                                 F               0         Blade 1 X translation displacement, node 22, m
        182   -6.013E+01                                 F               0         Blade 1 Y translation displacement, node 22, m
        183   -1.795E+02                                 F               0         Blade 1 Z translation displacement, node 22, m
        184   -8.024E+00                                 F               0         Blade 1 X translation displacement, node 23, m
        185   -6.221E+01                                 F               0         Blade 1 Y translation displacement, node 23, m
        186   -1.865E+02                                 F               0         Blade 1 Z translation displacement, node 23, m
        187   -9.038E+00                                 F               0         Blade 1 X translation displacement, node 24, m
        188   -6.429E+01                                 F               0         Blade 1 Y translation displacement, node 24, m
        189   -1.936E+02                                 F               0         Blade 1 Z translation displacement, node 24, m
        190   -1.005E+01                                 F               0         Blade 1 X translation displacement, node 25, m
        191   -6.636E+01                                 F               0         Blade 1 Y translation displacement, node 25, m
        192   -2.006E+02                                 F               0         Blade 1 Z translation displacement, node 25, m
        193   -1.107E+01                                 F               0         Blade 1 X translation displacement, node 26, m
        194   -6.844E+01                                 F               0         Blade 1 Y translation displacement, node 26, m
        195   -2.077E+02                                 F               0         Blade 1 Z translation displacement, node 26, m
        196   -1.208E+01                                 F               0         Blade 1 X translation displacement, node 27, m
        197   -7.052E+01                                 F               0         Blade 1 Y translation displacement, node 27, m
        198   -2.147E+02                                 F               0         Blade 1 Z translation displacement, node 27, m
        199   -1.294E+01                                 F               0         Blade 1 X translation displacement, node 28, m
        200   -7.228E+01                                 F               0         Blade 1 Y translation displacement, node 28, m
        201   -2.207E+02                                 F               0         Blade 1 Z translation displacement, node 28, m
        202    8.062E-01,  4.148E-01, -4.220E-01         F               0         Blade 1 X orientation angle, node 1, rad
        203    5.703E-01, -7.346E-01,  3.675E-01         F               0         Blade 1 Y orientation angle, node 1, rad
        204   -1.576E-01, -5.369E-01, -8.288E-01         F               0         Blade 1 Z orientation angle, node 1, rad
        205    8.062E-01,  4.148E-01, -4.220E-01         F               0         Blade 1 X orientation angle, node 2, rad
        206    5.703E-01, -7.346E-01,  3.675E-01         F               0         Blade 1 Y orientation angle, node 2, rad
        207   -1.576E-01, -5.369E-01, -8.288E-01         F               0         Blade 1 Z orientation angle, node 2, rad
        208    9.184E-01,  2.288E-01, -3.229E-01         F               0         Blade 1 X orientation angle, node 3, rad
        209    3.630E-01, -8.120E-01,  4.570E-01         F               0         Blade 1 Y orientation angle, node 3, rad
        210   -1.576E-01, -5.369E-01, -8.288E-01         F               0         Blade 1 Z orientation angle, node 3, rad
        211    9.329E-01,  1.943E-01, -3.033E-01         F               0         Blade 1 X orientation angle, node 4, rad
        212    3.239E-01, -8.210E-01,  4.702E-01         F               0         Blade 1 Y orientation angle, node 4, rad
        213   -1.576E-01, -5.369E-01, -8.288E-01         F               0         Blade 1 Z orientation angle, node 4, rad
        214    9.431E-01,  1.670E-01, -2.875E-01         F               0         Blade 1 X orientation angle, node 5, rad
        215    2.928E-01, -8.270E-01,  4.800E-01         F               0         Blade 1 Y orientation angle, node 5, rad
        216   -1.576E-01, -5.369E-01, -8.288E-01         F               0         Blade 1 Z orientation angle, node 5, rad
        217    9.505E-01,  1.450E-01, -2.747E-01         F               0         Blade 1 X orientation angle, node 6, rad
        218    2.677E-01, -8.311E-01,  4.875E-01         F               0         Blade 1 Y orientation angle, node 6, rad
        219   -1.576E-01, -5.369E-01, -8.288E-01         F               0         Blade 1 Z orientation angle, node 6, rad
        220    9.561E-01,  1.269E-01, -2.640E-01         F               0         Blade 1 X orientation angle, node 7, rad
        221    2.469E-01, -8.341E-01,  4.934E-01         F               0         Blade 1 Y orientation angle, node 7, rad
        222   -1.576E-01, -5.369E-01, -8.288E-01         F               0         Blade 1 Z orientation angle, node 7, rad
        223    9.605E-01,  1.117E-01, -2.550E-01         F               0         Blade 1 X orientation angle, node 8, rad
        224    2.295E-01, -8.362E-01,  4.981E-01         F               0         Blade 1 Y orientation angle, node 8, rad
        225   -1.576E-01, -5.369E-01, -8.288E-01         F               0         Blade 1 Z orientation angle, node 8, rad
        226    9.639E-01,  9.884E-02, -2.473E-01         F               0         Blade 1 X orientation angle, node 9, rad
        227    2.147E-01, -8.378E-01,  5.019E-01         F               0         Blade 1 Y orientation angle, node 9, rad
        228   -1.576E-01, -5.369E-01, -8.288E-01         F               0         Blade 1 Z orientation angle, node 9, rad
        229    9.666E-01,  8.772E-02, -2.406E-01         F               0         Blade 1 X orientation angle, node 10, rad
        230    2.019E-01, -8.391E-01,  5.052E-01         F               0         Blade 1 Y orientation angle, node 10, rad
        231   -1.576E-01, -5.369E-01, -8.288E-01         F               0         Blade 1 Z orientation angle, node 10, rad
        232    9.689E-01,  7.820E-02, -2.349E-01         F               0         Blade 1 X orientation angle, node 11, rad
        233    1.909E-01, -8.400E-01,  5.079E-01         F               0         Blade 1 Y orientation angle, node 11, rad
        234   -1.576E-01, -5.369E-01, -8.288E-01         F               0         Blade 1 Z orientation angle, node 11, rad
        235    9.707E-01,  6.984E-02, -2.298E-01         F               0         Blade 1 X orientation angle, node 12, rad
        236    1.813E-01, -8.408E-01,  5.102E-01         F               0         Blade 1 Y orientation angle, node 12, rad
        237   -1.576E-01, -5.369E-01, -8.288E-01         F               0         Blade 1 Z orientation angle, node 12, rad
        238    9.723E-01,  6.250E-02, -2.254E-01         F               0         Blade 1 X orientation angle, node 13, rad
        239    1.728E-01, -8.413E-01,  5.122E-01         F               0         Blade 1 Y orientation angle, node 13, rad
        240   -1.576E-01, -5.369E-01, -8.288E-01         F               0         Blade 1 Z orientation angle, node 13, rad
        241    9.736E-01,  5.589E-02, -2.213E-01         F               0         Blade 1 X orientation angle, node 14, rad
        242    1.651E-01, -8.418E-01,  5.139E-01         F               0         Blade 1 Y orientation angle, node 14, rad
        243   -1.576E-01, -5.369E-01, -8.288E-01         F               0         Blade 1 Z orientation angle, node 14, rad
        244    9.747E-01,  5.001E-02, -2.177E-01         F               0         Blade 1 X orientation angle, node 15, rad
        245    1.583E-01, -8.422E-01,  5.154E-01         F               0         Blade 1 Y orientation angle, node 15, rad
        246   -1.576E-01, -5.369E-01, -8.288E-01         F               0         Blade 1 Z orientation angle, node 15, rad
        247    9.757E-01,  4.472E-02, -2.145E-01         F               0         Blade 1 X orientation angle, node 16, rad
        248    1.522E-01, -8.425E-01,  5.168E-01         F               0         Blade 1 Y orientation angle, node 16, rad
        249   -1.576E-01, -5.369E-01, -8.288E-01         F               0         Blade 1 Z orientation angle, node 16, rad
        250    9.765E-01,  4.001E-02, -2.116E-01         F               0         Blade 1 X orientation angle, node 17, rad
        251    1.468E-01, -8.427E-01,  5.180E-01         F               0         Blade 1 Y orientation angle, node 17, rad
        252   -1.576E-01, -5.369E-01, -8.288E-01         F               0         Blade 1 Z orientation angle, node 17, rad
        253    9.773E-01,  3.560E-02, -2.089E-01         F               0         Blade 1 X orientation angle, node 18, rad
        254    1.416E-01, -8.429E-01,  5.191E-01         F               0         Blade 1 Y orientation angle, node 18, rad
        255   -1.576E-01, -5.369E-01, -8.288E-01         F               0         Blade 1 Z orientation angle, node 18, rad
        256    9.779E-01,  3.162E-02, -2.064E-01         F               0         Blade 1 X orientation angle, node 19, rad
        257    1.370E-01, -8.431E-01,  5.201E-01         F               0         Blade 1 Y orientation angle, node 19, rad
        258   -1.576E-01, -5.369E-01, -8.288E-01         F               0         Blade 1 Z orientation angle, node 19, rad
        259    9.785E-01,  2.809E-02, -2.043E-01         F               0         Blade 1 X orientation angle, node 20, rad
        260    1.329E-01, -8.432E-01,  5.209E-01         F               0         Blade 1 Y orientation angle, node 20, rad
        261   -1.576E-01, -5.369E-01, -8.288E-01         F               0         Blade 1 Z orientation angle, node 20, rad
        262    9.790E-01,  2.471E-02, -2.022E-01         F               0         Blade 1 X orientation angle, node 21, rad
        263    1.290E-01, -8.433E-01,  5.217E-01         F               0         Blade 1 Y orientation angle, node 21, rad
        264   -1.576E-01, -5.369E-01, -8.288E-01         F               0         Blade 1 Z orientation angle, node 21, rad
        265    9.795E-01,  2.162E-02, -2.002E-01         F               0         Blade 1 X orientation angle, node 22, rad
        266    1.254E-01, -8.434E-01,  5.225E-01         F               0         Blade 1 Y orientation angle, node 22, rad
        267   -1.576E-01, -5.369E-01, -8.288E-01         F               0         Blade 1 Z orientation angle, node 22, rad
        268    9.799E-01,  1.882E-02, -1.985E-01         F               0         Blade 1 X orientation angle, node 23, rad
        269    1.222E-01, -8.434E-01,  5.231E-01         F               0         Blade 1 Y orientation angle, node 23, rad
        270   -1.576E-01, -5.369E-01, -8.288E-01         F               0         Blade 1 Z orientation angle, node 23, rad
        271    9.803E-01,  1.617E-02, -1.969E-01         F               0         Blade 1 X orientation angle, node 24, rad
        272    1.191E-01, -8.435E-01,  5.238E-01         F               0         Blade 1 Y orientation angle, node 24, rad
        273   -1.576E-01, -5.369E-01, -8.288E-01         F               0         Blade 1 Z orientation angle, node 24, rad
        274    9.806E-01,  1.367E-02, -1.953E-01         F               0         Blade 1 X orientation angle, node 25, rad
        275    1.162E-01, -8.435E-01,  5.243E-01         F               0         Blade 1 Y orientation angle, node 25, rad
        276   -1.576E-01, -5.369E-01, -8.288E-01         F               0         Blade 1 Z orientation angle, node 25, rad
        277    9.809E-01,  1.146E-02, -1.939E-01         F               0         Blade 1 X orientation angle, node 26, rad
        278    1.136E-01, -8.436E-01,  5.249E-01         F               0         Blade 1 Y orientation angle, node 26, rad
        279   -1.576E-01, -5.369E-01, -8.288E-01         F               0         Blade 1 Z orientation angle, node 26, rad
        280    9.812E-01,  9.250E-03, -1.926E-01         F               0         Blade 1 X orientation angle, node 27, rad
        281    1.111E-01, -8.436E-01,  5.254E-01         F               0         Blade 1 Y orientation angle, node 27, rad
        282   -1.576E-01, -5.369E-01, -8.288E-01         F               0         Blade 1 Z orientation angle, node 27, rad
        283    9.814E-01,  8.073E-03, -1.918E-01         F               0         Blade 1 X orientation angle, node 28, rad
        284    1.097E-01, -8.436E-01,  5.256E-01         F               0         Blade 1 Y orientation angle, node 28, rad
        285   -1.576E-01, -5.369E-01, -8.288E-01         F               0         Blade 1 Z orientation angle, node 28, rad
        286   -4.346E-01                                 F               0         Blade 1 X translation velocity, node 1, m/s
        287    3.310E+00                                 F               0         Blade 1 Y translation velocity, node 1, m/s
        288   -2.062E+00                                 F               0         Blade 1 Z translation velocity, node 1, m/s
        289   -5.394E-01                                 F               0         Blade 1 X translation velocity, node 2, m/s
        290    4.107E+00                                 F               0         Blade 1 Y translation velocity, node 2, m/s
        291   -2.559E+00                                 F               0         Blade 1 Z translation velocity, node 2, m/s
        292   -1.963E+00                                 F               0         Blade 1 X translation velocity, node 3, m/s
        293    1.494E+01                                 F               0         Blade 1 Y translation velocity, node 3, m/s
        294   -9.307E+00                                 F               0         Blade 1 Z translation velocity, node 3, m/s
        295   -2.267E+00                                 F               0         Blade 1 X translation velocity, node 4, m/s
        296    1.725E+01                                 F               0         Blade 1 Y translation velocity, node 4, m/s
        297   -1.074E+01                                 F               0         Blade 1 Z translation velocity, node 4, m/s
        298   -2.570E+00                                 F               0         Blade 1 X translation velocity, node 5, m/s
        299    1.956E+01                                 F               0         Blade 1 Y translation velocity, node 5, m/s
        300   -1.218E+01                                 F               0         Blade 1 Z translation velocity, node 5, m/s
        301   -2.874E+00                                 F               0         Blade 1 X translation velocity, node 6, m/s
        302    2.187E+01                                 F               0         Blade 1 Y translation velocity, node 6, m/s
        303   -1.362E+01                                 F               0         Blade 1 Z translation velocity, node 6, m/s
        304   -3.177E+00                                 F               0         Blade 1 X translation velocity, node 7, m/s
        305    2.418E+01                                 F               0         Blade 1 Y translation velocity, node 7, m/s
        306   -1.506E+01                                 F               0         Blade 1 Z translation velocity, node 7, m/s
        307   -3.481E+00                                 F               0         Blade 1 X translation velocity, node 8, m/s
