
Linearized model: Predictions were generated on 08-Jan-2024 at 09:43:14 using OpenFAST, compiled as a 64-bit application using single precision at commit v3.5.1
 linked with  NWTC Subroutine Library; ElastoDyn; InflowWind; AeroDyn; ServoDyn; HydroDyn; MoorDyn (v2.0.0, 2023-09-18)

Description from the FAST input file: CCT-9 Campign 4 model. Input files to be run with OpenFAST 3.5.0. GitHub branch from Lu Wang (https://github.com/luwang00/openfast/tree/dev) compiled on March 7, 2023.

Simulation information:
   Simulation time:                  1004.4750 s
   Rotor Speed:                         0.7075 rad/s
   Azimuth:                             2.3529 rad
   Wind Speed:                          8.0000 m/s
   Number of continuous states:         0
   Number of discrete states:           0
   Number of constraint states:         0
   Number of inputs:                 1746
   Number of outputs:                   4
   Jacobians included in this file?    No

Order of inputs:
     Column   Operating Point                     Rotating Frame? Derivative Order Description
   ---------- ---------------                     --------------- ---------------- -----------
          1    7.250E+00                                 F               0         Tower X translation displacement, node 1, m
          2   -1.277E+00                                 F               0         Tower Y translation displacement, node 1, m
          3   -1.585E-01                                 F               0         Tower Z translation displacement, node 1, m
          4    8.293E+00                                 F               0         Tower X translation displacement, node 2, m
          5   -1.818E+00                                 F               0         Tower Y translation displacement, node 2, m
          6   -2.144E-01                                 F               0         Tower Z translation displacement, node 2, m
          7    9.350E+00                                 F               0         Tower X translation displacement, node 3, m
          8   -2.364E+00                                 F               0         Tower Y translation displacement, node 3, m
          9   -2.719E-01                                 F               0         Tower Z translation displacement, node 3, m
         10    1.042E+01                                 F               0         Tower X translation displacement, node 4, m
         11   -2.915E+00                                 F               0         Tower Y translation displacement, node 4, m
         12   -3.306E-01                                 F               0         Tower Z translation displacement, node 4, m
         13    1.150E+01                                 F               0         Tower X translation displacement, node 5, m
         14   -3.469E+00                                 F               0         Tower Y translation displacement, node 5, m
         15   -3.903E-01                                 F               0         Tower Z translation displacement, node 5, m
         16    1.259E+01                                 F               0         Tower X translation displacement, node 6, m
         17   -4.026E+00                                 F               0         Tower Y translation displacement, node 6, m
         18   -4.508E-01                                 F               0         Tower Z translation displacement, node 6, m
         19    1.368E+01                                 F               0         Tower X translation displacement, node 7, m
         20   -4.585E+00                                 F               0         Tower Y translation displacement, node 7, m
         21   -5.118E-01                                 F               0         Tower Z translation displacement, node 7, m
         22    1.477E+01                                 F               0         Tower X translation displacement, node 8, m
         23   -5.147E+00                                 F               0         Tower Y translation displacement, node 8, m
         24   -5.733E-01                                 F               0         Tower Z translation displacement, node 8, m
         25    1.587E+01                                 F               0         Tower X translation displacement, node 9, m
         26   -5.709E+00                                 F               0         Tower Y translation displacement, node 9, m
         27   -6.350E-01                                 F               0         Tower Z translation displacement, node 9, m
         28    1.697E+01                                 F               0         Tower X translation displacement, node 10, m
         29   -6.273E+00                                 F               0         Tower Y translation displacement, node 10, m
         30   -6.970E-01                                 F               0         Tower Z translation displacement, node 10, m
         31    1.807E+01                                 F               0         Tower X translation displacement, node 11, m
         32   -6.838E+00                                 F               0         Tower Y translation displacement, node 11, m
         33   -7.590E-01                                 F               0         Tower Z translation displacement, node 11, m
         34    9.965E-01,  4.116E-03, -8.373E-02         F               0         Tower X orientation angle, node 1, rad
         35   -4.433E-04,  9.990E-01,  4.383E-02         F               0         Tower Y orientation angle, node 1, rad
         36    8.383E-02, -4.364E-02,  9.955E-01         F               0         Tower Z orientation angle, node 1, rad
         37    9.964E-01,  4.169E-03, -8.494E-02         F               0         Tower X orientation angle, node 2, rad
         38   -4.095E-04,  9.990E-01,  4.423E-02         F               0         Tower Y orientation angle, node 2, rad
         39    8.504E-02, -4.403E-02,  9.954E-01         F               0         Tower Z orientation angle, node 2, rad
         40    9.963E-01,  4.215E-03, -8.598E-02         F               0         Tower X orientation angle, node 3, rad
         41   -3.789E-04,  9.990E-01,  4.458E-02         F               0         Tower Y orientation angle, node 3, rad
         42    8.608E-02, -4.438E-02,  9.953E-01         F               0         Tower Z orientation angle, node 3, rad
         43    9.962E-01,  4.253E-03, -8.684E-02         F               0         Tower X orientation angle, node 4, rad
         44   -3.518E-04,  9.990E-01,  4.489E-02         F               0         Tower Y orientation angle, node 4, rad
         45    8.694E-02, -4.469E-02,  9.952E-01         F               0         Tower Z orientation angle, node 4, rad
         46    9.962E-01,  4.284E-03, -8.752E-02         F               0         Tower X orientation angle, node 5, rad
         47   -3.284E-04,  9.990E-01,  4.516E-02         F               0         Tower Y orientation angle, node 5, rad
         48    8.762E-02, -4.496E-02,  9.951E-01         F               0         Tower Z orientation angle, node 5, rad
         49    9.961E-01,  4.308E-03, -8.804E-02         F               0         Tower X orientation angle, node 6, rad
         50   -3.086E-04,  9.990E-01,  4.539E-02         F               0         Tower Y orientation angle, node 6, rad
         51    8.814E-02, -4.518E-02,  9.951E-01         F               0         Tower Z orientation angle, node 6, rad
         52    9.961E-01,  4.325E-03, -8.841E-02         F               0         Tower X orientation angle, node 7, rad
         53   -2.928E-04,  9.990E-01,  4.557E-02         F               0         Tower Y orientation angle, node 7, rad
         54    8.852E-02, -4.536E-02,  9.950E-01         F               0         Tower Z orientation angle, node 7, rad
         55    9.961E-01,  4.336E-03, -8.867E-02         F               0         Tower X orientation angle, node 8, rad
         56   -2.805E-04,  9.990E-01,  4.571E-02         F               0         Tower Y orientation angle, node 8, rad
         57    8.877E-02, -4.550E-02,  9.950E-01         F               0         Tower Z orientation angle, node 8, rad
         58    9.960E-01,  4.344E-03, -8.883E-02         F               0         Tower X orientation angle, node 9, rad
         59   -2.715E-04,  9.990E-01,  4.581E-02         F               0         Tower Y orientation angle, node 9, rad
         60    8.893E-02, -4.560E-02,  9.950E-01         F               0         Tower Z orientation angle, node 9, rad
         61    9.960E-01,  4.348E-03, -8.892E-02         F               0         Tower X orientation angle, node 10, rad
         62   -2.656E-04,  9.989E-01,  4.587E-02         F               0         Tower Y orientation angle, node 10, rad
         63    8.902E-02, -4.567E-02,  9.950E-01         F               0         Tower Z orientation angle, node 10, rad
         64    9.960E-01,  4.350E-03, -8.896E-02         F               0         Tower X orientation angle, node 11, rad
         65   -2.623E-04,  9.989E-01,  4.591E-02         F               0         Tower Y orientation angle, node 11, rad
         66    8.906E-02, -4.571E-02,  9.950E-01         F               0         Tower Z orientation angle, node 11, rad
         67    2.355E-05                                 F               0         Tower X translation velocity, node 1, m/s
         68    3.550E-04                                 F               0         Tower Y translation velocity, node 1, m/s
         69   -2.981E-03                                 F               0         Tower Z translation velocity, node 1, m/s
         70    8.449E-05                                 F               0         Tower X translation velocity, node 2, m/s
         71    7.129E-04                                 F               0         Tower Y translation velocity, node 2, m/s
         72   -2.970E-03                                 F               0         Tower Z translation velocity, node 2, m/s
         73    1.292E-04                                 F               0         Tower X translation velocity, node 3, m/s
         74    1.071E-03                                 F               0         Tower Y translation velocity, node 3, m/s
         75   -2.958E-03                                 F               0         Tower Z translation velocity, node 3, m/s
         76    1.587E-04                                 F               0         Tower X translation velocity, node 4, m/s
         77    1.429E-03                                 F               0         Tower Y translation velocity, node 4, m/s
         78   -2.945E-03                                 F               0         Tower Z translation velocity, node 4, m/s
         79    1.726E-04                                 F               0         Tower X translation velocity, node 5, m/s
         80    1.787E-03                                 F               0         Tower Y translation velocity, node 5, m/s
         81   -2.930E-03                                 F               0         Tower Z translation velocity, node 5, m/s
         82    1.710E-04                                 F               0         Tower X translation velocity, node 6, m/s
         83    2.145E-03                                 F               0         Tower Y translation velocity, node 6, m/s
         84   -2.913E-03                                 F               0         Tower Z translation velocity, node 6, m/s
         85    1.557E-04                                 F               0         Tower X translation velocity, node 7, m/s
         86    2.503E-03                                 F               0         Tower Y translation velocity, node 7, m/s
         87   -2.896E-03                                 F               0         Tower Z translation velocity, node 7, m/s
         88    1.268E-04                                 F               0         Tower X translation velocity, node 8, m/s
         89    2.860E-03                                 F               0         Tower Y translation velocity, node 8, m/s
         90   -2.877E-03                                 F               0         Tower Z translation velocity, node 8, m/s
         91    8.615E-05                                 F               0         Tower X translation velocity, node 9, m/s
         92    3.216E-03                                 F               0         Tower Y translation velocity, node 9, m/s
         93   -2.857E-03                                 F               0         Tower Z translation velocity, node 9, m/s
         94    3.632E-05                                 F               0         Tower X translation velocity, node 10, m/s
         95    3.573E-03                                 F               0         Tower Y translation velocity, node 10, m/s
         96   -2.836E-03                                 F               0         Tower Z translation velocity, node 10, m/s
         97   -1.969E-05                                 F               0         Tower X translation velocity, node 11, m/s
         98    3.929E-03                                 F               0         Tower Y translation velocity, node 11, m/s
         99   -2.815E-03                                 F               0         Tower Z translation velocity, node 11, m/s
        100    1.881E+01                                 F               0         Hub X translation displacement, node 1, m
        101   -7.244E+00                                 F               0         Hub Y translation displacement, node 1, m
        102    1.623E-01                                 F               0         Hub Z translation displacement, node 1, m
        103    9.813E-01,  9.104E-03, -1.925E-01         F               0         Hub X orientation angle, node 1, rad
        104    1.369E-01, -7.360E-01,  6.630E-01         F               0         Hub Y orientation angle, node 1, rad
        105   -1.356E-01, -6.770E-01, -7.234E-01         F               0         Hub Z orientation angle, node 1, rad
        106    6.943E-01                                 F               0         Hub X rotation velocity, node 1, rad/s
        107    6.436E-03                                 F               0         Hub Y rotation velocity, node 1, rad/s
        108   -1.362E-01                                 F               0         Hub Z rotation velocity, node 1, rad/s
        109    9.768E-01,  3.093E-02, -2.121E-01         F               0         Blade root 1 X orientation angle, node 1, rad
        110    1.659E-01, -7.354E-01,  6.570E-01         F               0         Blade root 1 Y orientation angle, node 1, rad
        111   -1.356E-01, -6.770E-01, -7.234E-01         F               0         Blade root 1 Z orientation angle, node 1, rad
        112    9.863E-01,  1.558E-02, -1.640E-01         F               0         Blade root 2 X orientation angle, node 1, rad
        113   -1.567E-01, -2.179E-01, -9.633E-01         F               0         Blade root 2 Y orientation angle, node 1, rad
        114   -5.073E-02,  9.758E-01, -2.125E-01         F               0         Blade root 2 Z orientation angle, node 1, rad
        115    9.794E-01, -1.921E-02, -2.011E-01         F               0         Blade root 3 X orientation angle, node 1, rad
        116    7.810E-02,  9.541E-01,  2.891E-01         F               0         Blade root 3 Y orientation angle, node 1, rad
        117    1.864E-01, -2.989E-01,  9.359E-01         F               0         Blade root 3 Z orientation angle, node 1, rad
        118    1.748E+01                                 F               0         Blade 1 X translation displacement, node 1, m
        119   -1.099E+01                                 F               0         Blade 1 Y translation displacement, node 1, m
        120   -9.355E+00                                 F               0         Blade 1 Z translation displacement, node 1, m
        121    1.716E+01                                 F               0         Blade 1 X translation displacement, node 2, m
        122   -1.190E+01                                 F               0         Blade 1 Y translation displacement, node 2, m
        123   -1.165E+01                                 F               0         Blade 1 Z translation displacement, node 2, m
        124    1.280E+01                                 F               0         Blade 1 X translation displacement, node 3, m
        125   -2.419E+01                                 F               0         Blade 1 Y translation displacement, node 3, m
        126   -4.283E+01                                 F               0         Blade 1 Z translation displacement, node 3, m
        127    1.187E+01                                 F               0         Blade 1 X translation displacement, node 4, m
        128   -2.680E+01                                 F               0         Blade 1 Y translation displacement, node 4, m
        129   -4.948E+01                                 F               0         Blade 1 Z translation displacement, node 4, m
        130    1.094E+01                                 F               0         Blade 1 X translation displacement, node 5, m
        131   -2.942E+01                                 F               0         Blade 1 Y translation displacement, node 5, m
        132   -5.612E+01                                 F               0         Blade 1 Z translation displacement, node 5, m
        133    1.002E+01                                 F               0         Blade 1 X translation displacement, node 6, m
        134   -3.204E+01                                 F               0         Blade 1 Y translation displacement, node 6, m
        135   -6.277E+01                                 F               0         Blade 1 Z translation displacement, node 6, m
        136    9.086E+00                                 F               0         Blade 1 X translation displacement, node 7, m
        137   -3.466E+01                                 F               0         Blade 1 Y translation displacement, node 7, m
        138   -6.941E+01                                 F               0         Blade 1 Z translation displacement, node 7, m
        139    8.157E+00                                 F               0         Blade 1 X translation displacement, node 8, m
        140   -3.728E+01                                 F               0         Blade 1 Y translation displacement, node 8, m
        141   -7.606E+01                                 F               0         Blade 1 Z translation displacement, node 8, m
        142    7.229E+00                                 F               0         Blade 1 X translation displacement, node 9, m
        143   -3.990E+01                                 F               0         Blade 1 Y translation displacement, node 9, m
        144   -8.270E+01                                 F               0         Blade 1 Z translation displacement, node 9, m
        145    6.300E+00                                 F               0         Blade 1 X translation displacement, node 10, m
        146   -4.251E+01                                 F               0         Blade 1 Y translation displacement, node 10, m
        147   -8.934E+01                                 F               0         Blade 1 Z translation displacement, node 10, m
        148    5.371E+00                                 F               0         Blade 1 X translation displacement, node 11, m
        149   -4.513E+01                                 F               0         Blade 1 Y translation displacement, node 11, m
        150   -9.599E+01                                 F               0         Blade 1 Z translation displacement, node 11, m
        151    4.442E+00                                 F               0         Blade 1 X translation displacement, node 12, m
        152   -4.775E+01                                 F               0         Blade 1 Y translation displacement, node 12, m
        153   -1.026E+02                                 F               0         Blade 1 Z translation displacement, node 12, m
        154    3.514E+00                                 F               0         Blade 1 X translation displacement, node 13, m
        155   -5.037E+01                                 F               0         Blade 1 Y translation displacement, node 13, m
        156   -1.093E+02                                 F               0         Blade 1 Z translation displacement, node 13, m
        157    2.585E+00                                 F               0         Blade 1 X translation displacement, node 14, m
        158   -5.299E+01                                 F               0         Blade 1 Y translation displacement, node 14, m
        159   -1.159E+02                                 F               0         Blade 1 Z translation displacement, node 14, m
        160    1.656E+00                                 F               0         Blade 1 X translation displacement, node 15, m
        161   -5.561E+01                                 F               0         Blade 1 Y translation displacement, node 15, m
        162   -1.226E+02                                 F               0         Blade 1 Z translation displacement, node 15, m
        163    7.270E-01                                 F               0         Blade 1 X translation displacement, node 16, m
        164   -5.822E+01                                 F               0         Blade 1 Y translation displacement, node 16, m
        165   -1.292E+02                                 F               0         Blade 1 Z translation displacement, node 16, m
        166   -2.017E-01                                 F               0         Blade 1 X translation displacement, node 17, m
        167   -6.084E+01                                 F               0         Blade 1 Y translation displacement, node 17, m
        168   -1.359E+02                                 F               0         Blade 1 Z translation displacement, node 17, m
        169   -1.130E+00                                 F               0         Blade 1 X translation displacement, node 18, m
        170   -6.346E+01                                 F               0         Blade 1 Y translation displacement, node 18, m
        171   -1.425E+02                                 F               0         Blade 1 Z translation displacement, node 18, m
        172   -2.059E+00                                 F               0         Blade 1 X translation displacement, node 19, m
        173   -6.608E+01                                 F               0         Blade 1 Y translation displacement, node 19, m
        174   -1.491E+02                                 F               0         Blade 1 Z translation displacement, node 19, m
        175   -2.988E+00                                 F               0         Blade 1 X translation displacement, node 20, m
        176   -6.870E+01                                 F               0         Blade 1 Y translation displacement, node 20, m
        177   -1.558E+02                                 F               0         Blade 1 Z translation displacement, node 20, m
        178   -3.917E+00                                 F               0         Blade 1 X translation displacement, node 21, m
        179   -7.131E+01                                 F               0         Blade 1 Y translation displacement, node 21, m
        180   -1.624E+02                                 F               0         Blade 1 Z translation displacement, node 21, m
        181   -4.846E+00                                 F               0         Blade 1 X translation displacement, node 22, m
        182   -7.393E+01                                 F               0         Blade 1 Y translation displacement, node 22, m
        183   -1.691E+02                                 F               0         Blade 1 Z translation displacement, node 22, m
        184   -5.775E+00                                 F               0         Blade 1 X translation displacement, node 23, m
        185   -7.655E+01                                 F               0         Blade 1 Y translation displacement, node 23, m
        186   -1.757E+02                                 F               0         Blade 1 Z translation displacement, node 23, m
        187   -6.703E+00                                 F               0         Blade 1 X translation displacement, node 24, m
        188   -7.917E+01                                 F               0         Blade 1 Y translation displacement, node 24, m
        189   -1.824E+02                                 F               0         Blade 1 Z translation displacement, node 24, m
        190   -7.632E+00                                 F               0         Blade 1 X translation displacement, node 25, m
        191   -8.179E+01                                 F               0         Blade 1 Y translation displacement, node 25, m
        192   -1.890E+02                                 F               0         Blade 1 Z translation displacement, node 25, m
        193   -8.561E+00                                 F               0         Blade 1 X translation displacement, node 26, m
        194   -8.441E+01                                 F               0         Blade 1 Y translation displacement, node 26, m
        195   -1.957E+02                                 F               0         Blade 1 Z translation displacement, node 26, m
        196   -9.490E+00                                 F               0         Blade 1 X translation displacement, node 27, m
        197   -8.702E+01                                 F               0         Blade 1 Y translation displacement, node 27, m
        198   -2.023E+02                                 F               0         Blade 1 Z translation displacement, node 27, m
        199   -1.028E+01                                 F               0         Blade 1 X translation displacement, node 28, m
        200   -8.924E+01                                 F               0         Blade 1 Y translation displacement, node 28, m
        201   -2.079E+02                                 F               0         Blade 1 Z translation displacement, node 28, m
        202    7.936E-01,  3.629E-01, -4.883E-01         F               0         Blade 1 X orientation angle, node 1, rad
        203    5.931E-01, -6.404E-01,  4.880E-01         F               0         Blade 1 Y orientation angle, node 1, rad
        204   -1.356E-01, -6.770E-01, -7.234E-01         F               0         Blade 1 Z orientation angle, node 1, rad
        205    7.936E-01,  3.629E-01, -4.883E-01         F               0         Blade 1 X orientation angle, node 2, rad
        206    5.931E-01, -6.404E-01,  4.880E-01         F               0         Blade 1 Y orientation angle, node 2, rad
        207   -1.356E-01, -6.770E-01, -7.234E-01         F               0         Blade 1 Z orientation angle, node 2, rad
        208    9.116E-01,  2.008E-01, -3.588E-01         F               0         Blade 1 X orientation angle, node 3, rad
        209    3.881E-01, -7.081E-01,  5.899E-01         F               0         Blade 1 Y orientation angle, node 3, rad
        210   -1.356E-01, -6.770E-01, -7.234E-01         F               0         Blade 1 Z orientation angle, node 3, rad
        211    9.272E-01,  1.707E-01, -3.335E-01         F               0         Blade 1 X orientation angle, node 4, rad
        212    3.493E-01, -7.160E-01,  6.045E-01         F               0         Blade 1 Y orientation angle, node 4, rad
        213   -1.356E-01, -6.770E-01, -7.234E-01         F               0         Blade 1 Z orientation angle, node 4, rad
        214    9.382E-01,  1.468E-01, -3.133E-01         F               0         Blade 1 X orientation angle, node 5, rad
        215    3.183E-01, -7.212E-01,  6.152E-01         F               0         Blade 1 Y orientation angle, node 5, rad
        216   -1.356E-01, -6.770E-01, -7.234E-01         F               0         Blade 1 Z orientation angle, node 5, rad
        217    9.463E-01,  1.277E-01, -2.969E-01         F               0         Blade 1 X orientation angle, node 6, rad
        218    2.933E-01, -7.249E-01,  6.233E-01         F               0         Blade 1 Y orientation angle, node 6, rad
        219   -1.356E-01, -6.770E-01, -7.234E-01         F               0         Blade 1 Z orientation angle, node 6, rad
        220    9.525E-01,  1.118E-01, -2.832E-01         F               0         Blade 1 X orientation angle, node 7, rad
        221    2.726E-01, -7.275E-01,  6.297E-01         F               0         Blade 1 Y orientation angle, node 7, rad
        222   -1.356E-01, -6.770E-01, -7.234E-01         F               0         Blade 1 Z orientation angle, node 7, rad
        223    9.573E-01,  9.860E-02, -2.717E-01         F               0         Blade 1 X orientation angle, node 8, rad
        224    2.553E-01, -7.294E-01,  6.347E-01         F               0         Blade 1 Y orientation angle, node 8, rad
        225   -1.356E-01, -6.770E-01, -7.234E-01         F               0         Blade 1 Z orientation angle, node 8, rad
        226    9.611E-01,  8.739E-02, -2.620E-01         F               0         Blade 1 X orientation angle, node 9, rad
        227    2.405E-01, -7.308E-01,  6.388E-01         F               0         Blade 1 Y orientation angle, node 9, rad
        228   -1.356E-01, -6.770E-01, -7.234E-01         F               0         Blade 1 Z orientation angle, node 9, rad
        229    9.642E-01,  7.768E-02, -2.535E-01         F               0         Blade 1 X orientation angle, node 10, rad
        230    2.278E-01, -7.319E-01,  6.422E-01         F               0         Blade 1 Y orientation angle, node 10, rad
        231   -1.356E-01, -6.770E-01, -7.234E-01         F               0         Blade 1 Z orientation angle, node 10, rad
        232    9.667E-01,  6.938E-02, -2.462E-01         F               0         Blade 1 X orientation angle, node 11, rad
        233    2.168E-01, -7.327E-01,  6.450E-01         F               0         Blade 1 Y orientation angle, node 11, rad
        234   -1.356E-01, -6.770E-01, -7.234E-01         F               0         Blade 1 Z orientation angle, node 11, rad
        235    9.689E-01,  6.208E-02, -2.397E-01         F               0         Blade 1 X orientation angle, node 12, rad
        236    2.072E-01, -7.334E-01,  6.475E-01         F               0         Blade 1 Y orientation angle, node 12, rad
        237   -1.356E-01, -6.770E-01, -7.234E-01         F               0         Blade 1 Z orientation angle, node 12, rad
        238    9.706E-01,  5.568E-02, -2.341E-01         F               0         Blade 1 X orientation angle, node 13, rad
        239    1.987E-01, -7.339E-01,  6.495E-01         F               0         Blade 1 Y orientation angle, node 13, rad
        240   -1.356E-01, -6.770E-01, -7.234E-01         F               0         Blade 1 Z orientation angle, node 13, rad
        241    9.722E-01,  4.992E-02, -2.290E-01         F               0         Blade 1 X orientation angle, node 14, rad
        242    1.911E-01, -7.343E-01,  6.513E-01         F               0         Blade 1 Y orientation angle, node 14, rad
        243   -1.356E-01, -6.770E-01, -7.234E-01         F               0         Blade 1 Z orientation angle, node 14, rad
        244    9.735E-01,  4.479E-02, -2.244E-01         F               0         Blade 1 X orientation angle, node 15, rad
        245    1.843E-01, -7.347E-01,  6.529E-01         F               0         Blade 1 Y orientation angle, node 15, rad
        246   -1.356E-01, -6.770E-01, -7.234E-01         F               0         Blade 1 Z orientation angle, node 15, rad
        247    9.746E-01,  4.017E-02, -2.203E-01         F               0         Blade 1 X orientation angle, node 16, rad
        248    1.782E-01, -7.349E-01,  6.543E-01         F               0         Blade 1 Y orientation angle, node 16, rad
        249   -1.356E-01, -6.770E-01, -7.234E-01         F               0         Blade 1 Z orientation angle, node 16, rad
        250    9.756E-01,  3.607E-02, -2.166E-01         F               0         Blade 1 X orientation angle, node 17, rad
        251    1.727E-01, -7.351E-01,  6.555E-01         F               0         Blade 1 Y orientation angle, node 17, rad
        252   -1.356E-01, -6.770E-01, -7.234E-01         F               0         Blade 1 Z orientation angle, node 17, rad
        253    9.765E-01,  3.222E-02, -2.132E-01         F               0         Blade 1 X orientation angle, node 18, rad
        254    1.676E-01, -7.353E-01,  6.567E-01         F               0         Blade 1 Y orientation angle, node 18, rad
        255   -1.356E-01, -6.770E-01, -7.234E-01         F               0         Blade 1 Z orientation angle, node 18, rad
        256    9.773E-01,  2.875E-02, -2.101E-01         F               0         Blade 1 X orientation angle, node 19, rad
        257    1.630E-01, -7.355E-01,  6.577E-01         F               0         Blade 1 Y orientation angle, node 19, rad
        258   -1.356E-01, -6.770E-01, -7.234E-01         F               0         Blade 1 Z orientation angle, node 19, rad
        259    9.779E-01,  2.567E-02, -2.074E-01         F               0         Blade 1 X orientation angle, node 20, rad
        260    1.589E-01, -7.356E-01,  6.585E-01         F               0         Blade 1 Y orientation angle, node 20, rad
        261   -1.356E-01, -6.770E-01, -7.234E-01         F               0         Blade 1 Z orientation angle, node 20, rad
        262    9.786E-01,  2.272E-02, -2.047E-01         F               0         Blade 1 X orientation angle, node 21, rad
        263    1.550E-01, -7.357E-01,  6.594E-01         F               0         Blade 1 Y orientation angle, node 21, rad
        264   -1.356E-01, -6.770E-01, -7.234E-01         F               0         Blade 1 Z orientation angle, node 21, rad
        265    9.791E-01,  2.002E-02, -2.023E-01         F               0         Blade 1 X orientation angle, node 22, rad
        266    1.514E-01, -7.357E-01,  6.601E-01         F               0         Blade 1 Y orientation angle, node 22, rad
        267   -1.356E-01, -6.770E-01, -7.234E-01         F               0         Blade 1 Z orientation angle, node 22, rad
        268    9.796E-01,  1.758E-02, -2.001E-01         F               0         Blade 1 X orientation angle, node 23, rad
        269    1.482E-01, -7.358E-01,  6.608E-01         F               0         Blade 1 Y orientation angle, node 23, rad
        270   -1.356E-01, -6.770E-01, -7.234E-01         F               0         Blade 1 Z orientation angle, node 23, rad
        271    9.801E-01,  1.527E-02, -1.980E-01         F               0         Blade 1 X orientation angle, node 24, rad
        272    1.451E-01, -7.359E-01,  6.614E-01         F               0         Blade 1 Y orientation angle, node 24, rad
        273   -1.356E-01, -6.770E-01, -7.234E-01         F               0         Blade 1 Z orientation angle, node 24, rad
        274    9.805E-01,  1.309E-02, -1.961E-01         F               0         Blade 1 X orientation angle, node 25, rad
        275    1.422E-01, -7.359E-01,  6.620E-01         F               0         Blade 1 Y orientation angle, node 25, rad
        276   -1.356E-01, -6.770E-01, -7.234E-01         F               0         Blade 1 Z orientation angle, node 25, rad
        277    9.809E-01,  1.116E-02, -1.943E-01         F               0         Blade 1 X orientation angle, node 26, rad
        278    1.396E-01, -7.359E-01,  6.625E-01         F               0         Blade 1 Y orientation angle, node 26, rad
        279   -1.356E-01, -6.770E-01, -7.234E-01         F               0         Blade 1 Z orientation angle, node 26, rad
        280    9.812E-01,  9.232E-03, -1.926E-01         F               0         Blade 1 X orientation angle, node 27, rad
        281    1.371E-01, -7.360E-01,  6.630E-01         F               0         Blade 1 Y orientation angle, node 27, rad
        282   -1.356E-01, -6.770E-01, -7.234E-01         F               0         Blade 1 Z orientation angle, node 27, rad
        283    9.814E-01,  8.205E-03, -1.917E-01         F               0         Blade 1 X orientation angle, node 28, rad
        284    1.357E-01, -7.360E-01,  6.633E-01         F               0         Blade 1 Y orientation angle, node 28, rad
        285   -1.356E-01, -6.770E-01, -7.234E-01         F               0         Blade 1 Z orientation angle, node 28, rad
        286   -5.366E-01                                 F               0         Blade 1 X translation velocity, node 1, m/s
        287    2.889E+00                                 F               0         Blade 1 Y translation velocity, node 1, m/s
        288   -2.602E+00                                 F               0         Blade 1 Z translation velocity, node 1, m/s
        289   -6.659E-01                                 F               0         Blade 1 X translation velocity, node 2, m/s
        290    3.584E+00                                 F               0         Blade 1 Y translation velocity, node 2, m/s
        291   -3.228E+00                                 F               0         Blade 1 Z translation velocity, node 2, m/s
        292   -2.424E+00                                 F               0         Blade 1 X translation velocity, node 3, m/s
        293    1.304E+01                                 F               0         Blade 1 Y translation velocity, node 3, m/s
        294   -1.174E+01                                 F               0         Blade 1 Z translation velocity, node 3, m/s
        295   -2.798E+00                                 F               0         Blade 1 X translation velocity, node 4, m/s
        296    1.505E+01                                 F               0         Blade 1 Y translation velocity, node 4, m/s
        297   -1.356E+01                                 F               0         Blade 1 Z translation velocity, node 4, m/s
        298   -3.173E+00                                 F               0         Blade 1 X translation velocity, node 5, m/s
        299    1.706E+01                                 F               0         Blade 1 Y translation velocity, node 5, m/s
        300   -1.537E+01                                 F               0         Blade 1 Z translation velocity, node 5, m/s
        301   -3.548E+00                                 F               0         Blade 1 X translation velocity, node 6, m/s
        302    1.908E+01                                 F               0         Blade 1 Y translation velocity, node 6, m/s
        303   -1.719E+01                                 F               0         Blade 1 Z translation velocity, node 6, m/s
        304   -3.922E+00                                 F               0         Blade 1 X translation velocity, node 7, m/s
        305    2.109E+01                                 F               0         Blade 1 Y translation velocity, node 7, m/s
        306   -1.900E+01                                 F               0         Blade 1 Z translation velocity, node 7, m/s
        307   -4.297E+00                                 F               0         Blade 1 X translation velocity, node 8, m/s
