
Linearized model: Predictions were generated on 08-Jan-2024 at 09:43:14 using OpenFAST, compiled as a 64-bit application using single precision at commit v3.5.1
 linked with  NWTC Subroutine Library; ElastoDyn; InflowWind; AeroDyn; ServoDyn; HydroDyn; MoorDyn (v2.0.0, 2023-09-18)

Description from the FAST input file: CCT-9 Campign 4 model. Input files to be run with OpenFAST 3.5.0. GitHub branch from Lu Wang (https://github.com/luwang00/openfast/tree/dev) compiled on March 7, 2023.

Simulation information:
   Simulation time:                  1006.7250 s
   Rotor Speed:                         0.7078 rad/s
   Azimuth:                             3.9452 rad
   Wind Speed:                          8.0000 m/s
   Number of continuous states:         0
   Number of discrete states:           0
   Number of constraint states:         0
   Number of inputs:                 1746
   Number of outputs:                   4
   Jacobians included in this file?    No

Order of inputs:
     Column   Operating Point                     Rotating Frame? Derivative Order Description
   ---------- ---------------                     --------------- ---------------- -----------
          1    7.250E+00                                 F               0         Tower X translation displacement, node 1, m
          2   -1.278E+00                                 F               0         Tower Y translation displacement, node 1, m
          3   -1.642E-01                                 F               0         Tower Z translation displacement, node 1, m
          4    8.292E+00                                 F               0         Tower X translation displacement, node 2, m
          5   -1.818E+00                                 F               0         Tower Y translation displacement, node 2, m
          6   -2.201E-01                                 F               0         Tower Z translation displacement, node 2, m
          7    9.350E+00                                 F               0         Tower X translation displacement, node 3, m
          8   -2.365E+00                                 F               0         Tower Y translation displacement, node 3, m
          9   -2.776E-01                                 F               0         Tower Z translation displacement, node 3, m
         10    1.042E+01                                 F               0         Tower X translation displacement, node 4, m
         11   -2.915E+00                                 F               0         Tower Y translation displacement, node 4, m
         12   -3.363E-01                                 F               0         Tower Z translation displacement, node 4, m
         13    1.150E+01                                 F               0         Tower X translation displacement, node 5, m
         14   -3.469E+00                                 F               0         Tower Y translation displacement, node 5, m
         15   -3.960E-01                                 F               0         Tower Z translation displacement, node 5, m
         16    1.259E+01                                 F               0         Tower X translation displacement, node 6, m
         17   -4.025E+00                                 F               0         Tower Y translation displacement, node 6, m
         18   -4.564E-01                                 F               0         Tower Z translation displacement, node 6, m
         19    1.368E+01                                 F               0         Tower X translation displacement, node 7, m
         20   -4.584E+00                                 F               0         Tower Y translation displacement, node 7, m
         21   -5.174E-01                                 F               0         Tower Z translation displacement, node 7, m
         22    1.477E+01                                 F               0         Tower X translation displacement, node 8, m
         23   -5.145E+00                                 F               0         Tower Y translation displacement, node 8, m
         24   -5.789E-01                                 F               0         Tower Z translation displacement, node 8, m
         25    1.587E+01                                 F               0         Tower X translation displacement, node 9, m
         26   -5.708E+00                                 F               0         Tower Y translation displacement, node 9, m
         27   -6.406E-01                                 F               0         Tower Z translation displacement, node 9, m
         28    1.697E+01                                 F               0         Tower X translation displacement, node 10, m
         29   -6.271E+00                                 F               0         Tower Y translation displacement, node 10, m
         30   -7.026E-01                                 F               0         Tower Z translation displacement, node 10, m
         31    1.807E+01                                 F               0         Tower X translation displacement, node 11, m
         32   -6.836E+00                                 F               0         Tower Y translation displacement, node 11, m
         33   -7.646E-01                                 F               0         Tower Z translation displacement, node 11, m
         34    9.965E-01,  4.120E-03, -8.374E-02         F               0         Tower X orientation angle, node 1, rad
         35   -4.495E-04,  9.990E-01,  4.381E-02         F               0         Tower Y orientation angle, node 1, rad
         36    8.384E-02, -4.362E-02,  9.955E-01         F               0         Tower Z orientation angle, node 1, rad
         37    9.964E-01,  4.173E-03, -8.494E-02         F               0         Tower X orientation angle, node 2, rad
         38   -4.159E-04,  9.990E-01,  4.421E-02         F               0         Tower Y orientation angle, node 2, rad
         39    8.504E-02, -4.401E-02,  9.954E-01         F               0         Tower Z orientation angle, node 2, rad
         40    9.963E-01,  4.219E-03, -8.598E-02         F               0         Tower X orientation angle, node 3, rad
         41   -3.853E-04,  9.990E-01,  4.456E-02         F               0         Tower Y orientation angle, node 3, rad
         42    8.608E-02, -4.436E-02,  9.953E-01         F               0         Tower Z orientation angle, node 3, rad
         43    9.962E-01,  4.258E-03, -8.684E-02         F               0         Tower X orientation angle, node 4, rad
         44   -3.583E-04,  9.990E-01,  4.487E-02         F               0         Tower Y orientation angle, node 4, rad
         45    8.694E-02, -4.467E-02,  9.952E-01         F               0         Tower Z orientation angle, node 4, rad
         46    9.962E-01,  4.289E-03, -8.752E-02         F               0         Tower X orientation angle, node 5, rad
         47   -3.350E-04,  9.990E-01,  4.514E-02         F               0         Tower Y orientation angle, node 5, rad
         48    8.762E-02, -4.494E-02,  9.951E-01         F               0         Tower Z orientation angle, node 5, rad
         49    9.961E-01,  4.312E-03, -8.804E-02         F               0         Tower X orientation angle, node 6, rad
         50   -3.153E-04,  9.990E-01,  4.536E-02         F               0         Tower Y orientation angle, node 6, rad
         51    8.815E-02, -4.516E-02,  9.951E-01         F               0         Tower Z orientation angle, node 6, rad
         52    9.961E-01,  4.329E-03, -8.841E-02         F               0         Tower X orientation angle, node 7, rad
         53   -2.996E-04,  9.990E-01,  4.554E-02         F               0         Tower Y orientation angle, node 7, rad
         54    8.852E-02, -4.534E-02,  9.950E-01         F               0         Tower Z orientation angle, node 7, rad
         55    9.961E-01,  4.341E-03, -8.867E-02         F               0         Tower X orientation angle, node 8, rad
         56   -2.873E-04,  9.990E-01,  4.568E-02         F               0         Tower Y orientation angle, node 8, rad
         57    8.877E-02, -4.547E-02,  9.950E-01         F               0         Tower Z orientation angle, node 8, rad
         58    9.960E-01,  4.349E-03, -8.883E-02         F               0         Tower X orientation angle, node 9, rad
         59   -2.783E-04,  9.990E-01,  4.578E-02         F               0         Tower Y orientation angle, node 9, rad
         60    8.894E-02, -4.558E-02,  9.950E-01         F               0         Tower Z orientation angle, node 9, rad
         61    9.960E-01,  4.353E-03, -8.892E-02         F               0         Tower X orientation angle, node 10, rad
         62   -2.724E-04,  9.989E-01,  4.585E-02         F               0         Tower Y orientation angle, node 10, rad
         63    8.903E-02, -4.564E-02,  9.950E-01         F               0         Tower Z orientation angle, node 10, rad
         64    9.960E-01,  4.355E-03, -8.896E-02         F               0         Tower X orientation angle, node 11, rad
         65   -2.692E-04,  9.989E-01,  4.588E-02         F               0         Tower Y orientation angle, node 11, rad
         66    8.906E-02, -4.568E-02,  9.950E-01         F               0         Tower Z orientation angle, node 11, rad
         67   -1.773E-04                                 F               0         Tower X translation velocity, node 1, m/s
         68   -9.237E-04                                 F               0         Tower Y translation velocity, node 1, m/s
         69   -1.951E-03                                 F               0         Tower Z translation velocity, node 1, m/s
         70   -1.836E-04                                 F               0         Tower X translation velocity, node 2, m/s
         71   -1.002E-03                                 F               0         Tower Y translation velocity, node 2, m/s
         72   -1.954E-03                                 F               0         Tower Z translation velocity, node 2, m/s
         73   -1.950E-04                                 F               0         Tower X translation velocity, node 3, m/s
         74   -1.070E-03                                 F               0         Tower Y translation velocity, node 3, m/s
         75   -1.956E-03                                 F               0         Tower Z translation velocity, node 3, m/s
         76   -2.112E-04                                 F               0         Tower X translation velocity, node 4, m/s
         77   -1.129E-03                                 F               0         Tower Y translation velocity, node 4, m/s
         78   -1.958E-03                                 F               0         Tower Z translation velocity, node 4, m/s
         79   -2.323E-04                                 F               0         Tower X translation velocity, node 5, m/s
         80   -1.180E-03                                 F               0         Tower Y translation velocity, node 5, m/s
         81   -1.958E-03                                 F               0         Tower Z translation velocity, node 5, m/s
         82   -2.583E-04                                 F               0         Tower X translation velocity, node 6, m/s
         83   -1.224E-03                                 F               0         Tower Y translation velocity, node 6, m/s
         84   -1.958E-03                                 F               0         Tower Z translation velocity, node 6, m/s
         85   -2.887E-04                                 F               0         Tower X translation velocity, node 7, m/s
         86   -1.262E-03                                 F               0         Tower Y translation velocity, node 7, m/s
         87   -1.957E-03                                 F               0         Tower Z translation velocity, node 7, m/s
         88   -3.235E-04                                 F               0         Tower X translation velocity, node 8, m/s
         89   -1.295E-03                                 F               0         Tower Y translation velocity, node 8, m/s
         90   -1.955E-03                                 F               0         Tower Z translation velocity, node 8, m/s
         91   -3.622E-04                                 F               0         Tower X translation velocity, node 9, m/s
         92   -1.324E-03                                 F               0         Tower Y translation velocity, node 9, m/s
         93   -1.953E-03                                 F               0         Tower Z translation velocity, node 9, m/s
         94   -4.037E-04                                 F               0         Tower X translation velocity, node 10, m/s
         95   -1.350E-03                                 F               0         Tower Y translation velocity, node 10, m/s
         96   -1.950E-03                                 F               0         Tower Z translation velocity, node 10, m/s
         97   -4.474E-04                                 F               0         Tower X translation velocity, node 11, m/s
         98   -1.374E-03                                 F               0         Tower Y translation velocity, node 11, m/s
         99   -1.948E-03                                 F               0         Tower Z translation velocity, node 11, m/s
        100    1.881E+01                                 F               0         Hub X translation displacement, node 1, m
        101   -7.241E+00                                 F               0         Hub Y translation displacement, node 1, m
        102    1.568E-01                                 F               0         Hub Z translation displacement, node 1, m
        103    9.813E-01,  9.105E-03, -1.925E-01         F               0         Hub X orientation angle, node 1, rad
        104   -1.385E-01, -6.610E-01, -7.375E-01         F               0         Hub Y orientation angle, node 1, rad
        105   -1.339E-01,  7.503E-01, -6.473E-01         F               0         Hub Z orientation angle, node 1, rad
        106    6.945E-01                                 F               0         Hub X rotation velocity, node 1, rad/s
        107    6.441E-03                                 F               0         Hub Y rotation velocity, node 1, rad/s
        108   -1.362E-01                                 F               0         Hub Z rotation velocity, node 1, rad/s
        109    9.849E-01,  2.871E-02, -1.705E-01         F               0         Blade root 1 X orientation angle, node 1, rad
        110   -1.094E-01, -6.604E-01, -7.429E-01         F               0         Blade root 1 Y orientation angle, node 1, rad
        111   -1.339E-01,  7.503E-01, -6.473E-01         F               0         Blade root 1 Z orientation angle, node 1, rad
        112    9.822E-01, -1.998E-02, -1.867E-01         F               0         Blade root 2 X orientation angle, node 1, rad
        113   -1.760E-02,  9.801E-01, -1.975E-01         F               0         Blade root 2 Y orientation angle, node 1, rad
        114    1.869E-01,  1.973E-01,  9.624E-01         F               0         Blade root 2 Z orientation angle, node 1, rad
        115    9.753E-01,  1.857E-02, -2.200E-01         F               0         Blade root 3 X orientation angle, node 1, rad
        116    2.143E-01, -3.189E-01,  9.232E-01         F               0         Blade root 3 Y orientation angle, node 1, rad
        117   -5.300E-02, -9.476E-01, -3.150E-01         F               0         Blade root 3 Z orientation angle, node 1, rad
        118    1.749E+01                                 F               0         Blade 1 X translation displacement, node 1, m
        119   -3.084E+00                                 F               0         Blade 1 Y translation displacement, node 1, m
        120   -8.939E+00                                 F               0         Blade 1 Z translation displacement, node 1, m
        121    1.717E+01                                 F               0         Blade 1 X translation displacement, node 2, m
        122   -2.083E+00                                 F               0         Blade 1 Y translation displacement, node 2, m
        123   -1.113E+01                                 F               0         Blade 1 Z translation displacement, node 2, m
        124    1.284E+01                                 F               0         Blade 1 X translation displacement, node 3, m
        125    1.154E+01                                 F               0         Blade 1 Y translation displacement, node 3, m
        126   -4.093E+01                                 F               0         Blade 1 Z translation displacement, node 3, m
        127    1.192E+01                                 F               0         Blade 1 X translation displacement, node 4, m
        128    1.444E+01                                 F               0         Blade 1 Y translation displacement, node 4, m
        129   -4.728E+01                                 F               0         Blade 1 Z translation displacement, node 4, m
        130    1.100E+01                                 F               0         Blade 1 X translation displacement, node 5, m
        131    1.734E+01                                 F               0         Blade 1 Y translation displacement, node 5, m
        132   -5.364E+01                                 F               0         Blade 1 Z translation displacement, node 5, m
        133    1.008E+01                                 F               0         Blade 1 X translation displacement, node 6, m
        134    2.024E+01                                 F               0         Blade 1 Y translation displacement, node 6, m
        135   -5.999E+01                                 F               0         Blade 1 Z translation displacement, node 6, m
        136    9.154E+00                                 F               0         Blade 1 X translation displacement, node 7, m
        137    2.315E+01                                 F               0         Blade 1 Y translation displacement, node 7, m
        138   -6.634E+01                                 F               0         Blade 1 Z translation displacement, node 7, m
        139    8.232E+00                                 F               0         Blade 1 X translation displacement, node 8, m
        140    2.605E+01                                 F               0         Blade 1 Y translation displacement, node 8, m
        141   -7.269E+01                                 F               0         Blade 1 Z translation displacement, node 8, m
        142    7.310E+00                                 F               0         Blade 1 X translation displacement, node 9, m
        143    2.895E+01                                 F               0         Blade 1 Y translation displacement, node 9, m
        144   -7.904E+01                                 F               0         Blade 1 Z translation displacement, node 9, m
        145    6.387E+00                                 F               0         Blade 1 X translation displacement, node 10, m
        146    3.185E+01                                 F               0         Blade 1 Y translation displacement, node 10, m
        147   -8.539E+01                                 F               0         Blade 1 Z translation displacement, node 10, m
        148    5.465E+00                                 F               0         Blade 1 X translation displacement, node 11, m
        149    3.475E+01                                 F               0         Blade 1 Y translation displacement, node 11, m
        150   -9.174E+01                                 F               0         Blade 1 Z translation displacement, node 11, m
        151    4.543E+00                                 F               0         Blade 1 X translation displacement, node 12, m
        152    3.766E+01                                 F               0         Blade 1 Y translation displacement, node 12, m
        153   -9.809E+01                                 F               0         Blade 1 Z translation displacement, node 12, m
        154    3.620E+00                                 F               0         Blade 1 X translation displacement, node 13, m
        155    4.056E+01                                 F               0         Blade 1 Y translation displacement, node 13, m
        156   -1.044E+02                                 F               0         Blade 1 Z translation displacement, node 13, m
        157    2.698E+00                                 F               0         Blade 1 X translation displacement, node 14, m
        158    4.346E+01                                 F               0         Blade 1 Y translation displacement, node 14, m
        159   -1.108E+02                                 F               0         Blade 1 Z translation displacement, node 14, m
        160    1.776E+00                                 F               0         Blade 1 X translation displacement, node 15, m
        161    4.636E+01                                 F               0         Blade 1 Y translation displacement, node 15, m
        162   -1.171E+02                                 F               0         Blade 1 Z translation displacement, node 15, m
        163    8.535E-01                                 F               0         Blade 1 X translation displacement, node 16, m
        164    4.927E+01                                 F               0         Blade 1 Y translation displacement, node 16, m
        165   -1.235E+02                                 F               0         Blade 1 Z translation displacement, node 16, m
        166   -6.878E-02                                 F               0         Blade 1 X translation displacement, node 17, m
        167    5.217E+01                                 F               0         Blade 1 Y translation displacement, node 17, m
        168   -1.298E+02                                 F               0         Blade 1 Z translation displacement, node 17, m
        169   -9.911E-01                                 F               0         Blade 1 X translation displacement, node 18, m
        170    5.507E+01                                 F               0         Blade 1 Y translation displacement, node 18, m
        171   -1.362E+02                                 F               0         Blade 1 Z translation displacement, node 18, m
        172   -1.913E+00                                 F               0         Blade 1 X translation displacement, node 19, m
        173    5.797E+01                                 F               0         Blade 1 Y translation displacement, node 19, m
        174   -1.425E+02                                 F               0         Blade 1 Z translation displacement, node 19, m
        175   -2.836E+00                                 F               0         Blade 1 X translation displacement, node 20, m
        176    6.087E+01                                 F               0         Blade 1 Y translation displacement, node 20, m
        177   -1.489E+02                                 F               0         Blade 1 Z translation displacement, node 20, m
        178   -3.758E+00                                 F               0         Blade 1 X translation displacement, node 21, m
        179    6.378E+01                                 F               0         Blade 1 Y translation displacement, node 21, m
        180   -1.552E+02                                 F               0         Blade 1 Z translation displacement, node 21, m
        181   -4.680E+00                                 F               0         Blade 1 X translation displacement, node 22, m
        182    6.668E+01                                 F               0         Blade 1 Y translation displacement, node 22, m
        183   -1.616E+02                                 F               0         Blade 1 Z translation displacement, node 22, m
        184   -5.603E+00                                 F               0         Blade 1 X translation displacement, node 23, m
        185    6.958E+01                                 F               0         Blade 1 Y translation displacement, node 23, m
        186   -1.679E+02                                 F               0         Blade 1 Z translation displacement, node 23, m
        187   -6.525E+00                                 F               0         Blade 1 X translation displacement, node 24, m
        188    7.248E+01                                 F               0         Blade 1 Y translation displacement, node 24, m
        189   -1.743E+02                                 F               0         Blade 1 Z translation displacement, node 24, m
        190   -7.447E+00                                 F               0         Blade 1 X translation displacement, node 25, m
        191    7.538E+01                                 F               0         Blade 1 Y translation displacement, node 25, m
        192   -1.806E+02                                 F               0         Blade 1 Z translation displacement, node 25, m
        193   -8.370E+00                                 F               0         Blade 1 X translation displacement, node 26, m
        194    7.829E+01                                 F               0         Blade 1 Y translation displacement, node 26, m
        195   -1.870E+02                                 F               0         Blade 1 Z translation displacement, node 26, m
        196   -9.292E+00                                 F               0         Blade 1 X translation displacement, node 27, m
        197    8.119E+01                                 F               0         Blade 1 Y translation displacement, node 27, m
        198   -1.933E+02                                 F               0         Blade 1 Z translation displacement, node 27, m
        199   -1.007E+01                                 F               0         Blade 1 X translation displacement, node 28, m
        200    8.365E+01                                 F               0         Blade 1 Y translation displacement, node 28, m
        201   -1.987E+02                                 F               0         Blade 1 Z translation displacement, node 28, m
        202    9.264E-01,  3.267E-01,  1.870E-01         F               0         Blade 1 X orientation angle, node 1, rad
        203    3.518E-01, -5.747E-01, -7.389E-01         F               0         Blade 1 Y orientation angle, node 1, rad
        204   -1.339E-01,  7.503E-01, -6.473E-01         F               0         Blade 1 Z orientation angle, node 1, rad
        205    9.264E-01,  3.267E-01,  1.870E-01         F               0         Blade 1 X orientation angle, node 2, rad
        206    3.518E-01, -5.747E-01, -7.389E-01         F               0         Blade 1 Y orientation angle, node 2, rad
        207   -1.339E-01,  7.503E-01, -6.473E-01         F               0         Blade 1 Z orientation angle, node 2, rad
        208    9.834E-01,  1.812E-01,  6.559E-03         F               0         Blade 1 X orientation angle, node 3, rad
        209    1.222E-01, -6.357E-01, -7.622E-01         F               0         Blade 1 Y orientation angle, node 3, rad
        210   -1.339E-01,  7.503E-01, -6.473E-01         F               0         Blade 1 Z orientation angle, node 3, rad
        211    9.877E-01,  1.542E-01, -2.563E-02         F               0         Blade 1 X orientation angle, node 4, rad
        212    8.059E-02, -6.428E-01, -7.618E-01         F               0         Blade 1 Y orientation angle, node 4, rad
        213   -1.339E-01,  7.503E-01, -6.473E-01         F               0         Blade 1 Z orientation angle, node 4, rad
        214    9.898E-01,  1.328E-01, -5.087E-02         F               0         Blade 1 X orientation angle, node 5, rad
        215    4.780E-02, -6.476E-01, -7.605E-01         F               0         Blade 1 Y orientation angle, node 5, rad
        216   -1.339E-01,  7.503E-01, -6.473E-01         F               0         Blade 1 Z orientation angle, node 5, rad
        217    9.908E-01,  1.156E-01, -7.103E-02         F               0         Blade 1 X orientation angle, node 6, rad
        218    2.152E-02, -6.509E-01, -7.589E-01         F               0         Blade 1 Y orientation angle, node 6, rad
        219   -1.339E-01,  7.503E-01, -6.473E-01         F               0         Blade 1 Z orientation angle, node 6, rad
        220    9.910E-01,  1.014E-01, -8.756E-02         F               0         Blade 1 X orientation angle, node 7, rad
        221   -9.601E-05, -6.532E-01, -7.572E-01         F               0         Blade 1 Y orientation angle, node 7, rad
        222   -1.339E-01,  7.503E-01, -6.473E-01         F               0         Blade 1 Z orientation angle, node 7, rad
        223    9.908E-01,  8.948E-02, -1.013E-01         F               0         Blade 1 X orientation angle, node 8, rad
        224   -1.808E-02, -6.550E-01, -7.554E-01         F               0         Blade 1 Y orientation angle, node 8, rad
        225   -1.339E-01,  7.503E-01, -6.473E-01         F               0         Blade 1 Z orientation angle, node 8, rad
        226    9.904E-01,  7.941E-02, -1.129E-01         F               0         Blade 1 X orientation angle, node 9, rad
        227   -3.330E-02, -6.563E-01, -7.538E-01         F               0         Blade 1 Y orientation angle, node 9, rad
        228   -1.339E-01,  7.503E-01, -6.473E-01         F               0         Blade 1 Z orientation angle, node 9, rad
        229    9.899E-01,  7.070E-02, -1.229E-01         F               0         Blade 1 X orientation angle, node 10, rad
        230   -4.643E-02, -6.573E-01, -7.522E-01         F               0         Blade 1 Y orientation angle, node 10, rad
        231   -1.339E-01,  7.503E-01, -6.473E-01         F               0         Blade 1 Z orientation angle, node 10, rad
        232    9.893E-01,  6.323E-02, -1.314E-01         F               0         Blade 1 X orientation angle, node 11, rad
        233   -5.766E-02, -6.580E-01, -7.508E-01         F               0         Blade 1 Y orientation angle, node 11, rad
        234   -1.339E-01,  7.503E-01, -6.473E-01         F               0         Blade 1 Z orientation angle, node 11, rad
        235    9.887E-01,  5.669E-02, -1.389E-01         F               0         Blade 1 X orientation angle, node 12, rad
        236   -6.750E-02, -6.586E-01, -7.494E-01         F               0         Blade 1 Y orientation angle, node 12, rad
        237   -1.339E-01,  7.503E-01, -6.473E-01         F               0         Blade 1 Z orientation angle, node 12, rad
        238    9.881E-01,  5.094E-02, -1.454E-01         F               0         Blade 1 X orientation angle, node 13, rad
        239   -7.612E-02, -6.591E-01, -7.482E-01         F               0         Blade 1 Y orientation angle, node 13, rad
        240   -1.339E-01,  7.503E-01, -6.473E-01         F               0         Blade 1 Z orientation angle, node 13, rad
        241    9.874E-01,  4.576E-02, -1.513E-01         F               0         Blade 1 X orientation angle, node 14, rad
        242   -8.388E-02, -6.595E-01, -7.470E-01         F               0         Blade 1 Y orientation angle, node 14, rad
        243   -1.339E-01,  7.503E-01, -6.473E-01         F               0         Blade 1 Z orientation angle, node 14, rad
        244    9.868E-01,  4.115E-02, -1.565E-01         F               0         Blade 1 X orientation angle, node 15, rad
        245   -9.077E-02, -6.598E-01, -7.460E-01         F               0         Blade 1 Y orientation angle, node 15, rad
        246   -1.339E-01,  7.503E-01, -6.473E-01         F               0         Blade 1 Z orientation angle, node 15, rad
        247    9.862E-01,  3.701E-02, -1.612E-01         F               0         Blade 1 X orientation angle, node 16, rad
        248   -9.697E-02, -6.600E-01, -7.450E-01         F               0         Blade 1 Y orientation angle, node 16, rad
        249   -1.339E-01,  7.503E-01, -6.473E-01         F               0         Blade 1 Z orientation angle, node 16, rad
        250    9.857E-01,  3.332E-02, -1.653E-01         F               0         Blade 1 X orientation angle, node 17, rad
        251   -1.025E-01, -6.602E-01, -7.441E-01         F               0         Blade 1 Y orientation angle, node 17, rad
        252   -1.339E-01,  7.503E-01, -6.473E-01         F               0         Blade 1 Z orientation angle, node 17, rad
        253    9.851E-01,  2.986E-02, -1.692E-01         F               0         Blade 1 X orientation angle, node 18, rad
        254   -1.076E-01, -6.604E-01, -7.432E-01         F               0         Blade 1 Y orientation angle, node 18, rad
        255   -1.339E-01,  7.503E-01, -6.473E-01         F               0         Blade 1 Z orientation angle, node 18, rad
        256    9.846E-01,  2.675E-02, -1.727E-01         F               0         Blade 1 X orientation angle, node 19, rad
        257   -1.123E-01, -6.605E-01, -7.424E-01         F               0         Blade 1 Y orientation angle, node 19, rad
        258   -1.339E-01,  7.503E-01, -6.473E-01         F               0         Blade 1 Z orientation angle, node 19, rad
        259    9.841E-01,  2.398E-02, -1.758E-01         F               0         Blade 1 X orientation angle, node 20, rad
        260   -1.164E-01, -6.606E-01, -7.416E-01         F               0         Blade 1 Y orientation angle, node 20, rad
        261   -1.339E-01,  7.503E-01, -6.473E-01         F               0         Blade 1 Z orientation angle, node 20, rad
        262    9.837E-01,  2.133E-02, -1.788E-01         F               0         Blade 1 X orientation angle, node 21, rad
        263   -1.204E-01, -6.607E-01, -7.409E-01         F               0         Blade 1 Y orientation angle, node 21, rad
        264   -1.339E-01,  7.503E-01, -6.473E-01         F               0         Blade 1 Z orientation angle, node 21, rad
        265    9.832E-01,  1.891E-02, -1.815E-01         F               0         Blade 1 X orientation angle, node 22, rad
        266   -1.240E-01, -6.608E-01, -7.403E-01         F               0         Blade 1 Y orientation angle, node 22, rad
        267   -1.339E-01,  7.503E-01, -6.473E-01         F               0         Blade 1 Z orientation angle, node 22, rad
        268    9.828E-01,  1.672E-02, -1.840E-01         F               0         Blade 1 X orientation angle, node 23, rad
        269   -1.272E-01, -6.608E-01, -7.397E-01         F               0         Blade 1 Y orientation angle, node 23, rad
        270   -1.339E-01,  7.503E-01, -6.473E-01         F               0         Blade 1 Z orientation angle, node 23, rad
        271    9.824E-01,  1.464E-02, -1.863E-01         F               0         Blade 1 X orientation angle, node 24, rad
        272   -1.303E-01, -6.609E-01, -7.391E-01         F               0         Blade 1 Y orientation angle, node 24, rad
        273   -1.339E-01,  7.503E-01, -6.473E-01         F               0         Blade 1 Z orientation angle, node 24, rad
        274    9.820E-01,  1.268E-02, -1.885E-01         F               0         Blade 1 X orientation angle, node 25, rad
        275   -1.332E-01, -6.609E-01, -7.385E-01         F               0         Blade 1 Y orientation angle, node 25, rad
        276   -1.339E-01,  7.503E-01, -6.473E-01         F               0         Blade 1 Z orientation angle, node 25, rad
        277    9.816E-01,  1.095E-02, -1.904E-01         F               0         Blade 1 X orientation angle, node 26, rad
        278   -1.358E-01, -6.610E-01, -7.380E-01         F               0         Blade 1 Y orientation angle, node 26, rad
        279   -1.339E-01,  7.503E-01, -6.473E-01         F               0         Blade 1 Z orientation angle, node 26, rad
        280    9.813E-01,  9.221E-03, -1.923E-01         F               0         Blade 1 X orientation angle, node 27, rad
        281   -1.384E-01, -6.610E-01, -7.375E-01         F               0         Blade 1 Y orientation angle, node 27, rad
        282   -1.339E-01,  7.503E-01, -6.473E-01         F               0         Blade 1 Z orientation angle, node 27, rad
        283    9.811E-01,  8.298E-03, -1.934E-01         F               0         Blade 1 X orientation angle, node 28, rad
        284   -1.397E-01, -6.610E-01, -7.373E-01         F               0         Blade 1 Y orientation angle, node 28, rad
        285   -1.339E-01,  7.503E-01, -6.473E-01         F               0         Blade 1 Z orientation angle, node 28, rad
        286    5.427E-01                                 F               0         Blade 1 X translation velocity, node 1, m/s
        287    2.590E+00                                 F               0         Blade 1 Y translation velocity, node 1, m/s
        288    2.890E+00                                 F               0         Blade 1 Z translation velocity, node 1, m/s
        289    6.736E-01                                 F               0         Blade 1 X translation velocity, node 2, m/s
        290    3.215E+00                                 F               0         Blade 1 Y translation velocity, node 2, m/s
        291    3.587E+00                                 F               0         Blade 1 Z translation velocity, node 2, m/s
        292    2.453E+00                                 F               0         Blade 1 X translation velocity, node 3, m/s
        293    1.171E+01                                 F               0         Blade 1 Y translation velocity, node 3, m/s
        294    1.306E+01                                 F               0         Blade 1 Z translation velocity, node 3, m/s
        295    2.833E+00                                 F               0         Blade 1 X translation velocity, node 4, m/s
        296    1.352E+01                                 F               0         Blade 1 Y translation velocity, node 4, m/s
        297    1.508E+01                                 F               0         Blade 1 Z translation velocity, node 4, m/s
        298    3.212E+00                                 F               0         Blade 1 X translation velocity, node 5, m/s
        299    1.533E+01                                 F               0         Blade 1 Y translation velocity, node 5, m/s
        300    1.710E+01                                 F               0         Blade 1 Z translation velocity, node 5, m/s
        301    3.591E+00                                 F               0         Blade 1 X translation velocity, node 6, m/s
        302    1.714E+01                                 F               0         Blade 1 Y translation velocity, node 6, m/s
        303    1.912E+01                                 F               0         Blade 1 Z translation velocity, node 6, m/s
        304    3.970E+00                                 F               0         Blade 1 X translation velocity, node 7, m/s
        305    1.895E+01                                 F               0         Blade 1 Y translation velocity, node 7, m/s
        306    2.114E+01                                 F               0         Blade 1 Z translation velocity, node 7, m/s
        307    4.350E+00                                 F               0         Blade 1 X translation velocity, node 8, m/s
