
Linearized model: Predictions were generated on 08-Jan-2024 at 09:43:14 using OpenFAST, compiled as a 64-bit application using single precision at commit v3.5.1
 linked with  NWTC Subroutine Library; ElastoDyn; InflowWind; AeroDyn; ServoDyn; HydroDyn; MoorDyn (v2.0.0, 2023-09-18)

Description from the FAST input file: CCT-9 Campign 4 model. Input files to be run with OpenFAST 3.5.0. GitHub branch from Lu Wang (https://github.com/luwang00/openfast/tree/dev) compiled on March 7, 2023.

Simulation information:
   Simulation time:                  1001.0000 s
   Rotor Speed:                         0.7075 rad/s
   Azimuth:                             6.1778 rad
   Wind Speed:                          8.0000 m/s
   Number of continuous states:         0
   Number of discrete states:           0
   Number of constraint states:         0
   Number of inputs:                 1746
   Number of outputs:                   4
   Jacobians included in this file?    No

Order of inputs:
     Column   Operating Point                     Rotating Frame? Derivative Order Description
   ---------- ---------------                     --------------- ---------------- -----------
          1    7.251E+00                                 F               0         Tower X translation displacement, node 1, m
          2   -1.280E+00                                 F               0         Tower Y translation displacement, node 1, m
          3   -1.481E-01                                 F               0         Tower Z translation displacement, node 1, m
          4    8.293E+00                                 F               0         Tower X translation displacement, node 2, m
          5   -1.823E+00                                 F               0         Tower Y translation displacement, node 2, m
          6   -2.041E-01                                 F               0         Tower Z translation displacement, node 2, m
          7    9.351E+00                                 F               0         Tower X translation displacement, node 3, m
          8   -2.371E+00                                 F               0         Tower Y translation displacement, node 3, m
          9   -2.617E-01                                 F               0         Tower Z translation displacement, node 3, m
         10    1.042E+01                                 F               0         Tower X translation displacement, node 4, m
         11   -2.923E+00                                 F               0         Tower Y translation displacement, node 4, m
         12   -3.205E-01                                 F               0         Tower Z translation displacement, node 4, m
         13    1.150E+01                                 F               0         Tower X translation displacement, node 5, m
         14   -3.478E+00                                 F               0         Tower Y translation displacement, node 5, m
         15   -3.803E-01                                 F               0         Tower Z translation displacement, node 5, m
         16    1.259E+01                                 F               0         Tower X translation displacement, node 6, m
         17   -4.037E+00                                 F               0         Tower Y translation displacement, node 6, m
         18   -4.408E-01                                 F               0         Tower Z translation displacement, node 6, m
         19    1.368E+01                                 F               0         Tower X translation displacement, node 7, m
         20   -4.598E+00                                 F               0         Tower Y translation displacement, node 7, m
         21   -5.019E-01                                 F               0         Tower Z translation displacement, node 7, m
         22    1.477E+01                                 F               0         Tower X translation displacement, node 8, m
         23   -5.161E+00                                 F               0         Tower Y translation displacement, node 8, m
         24   -5.634E-01                                 F               0         Tower Z translation displacement, node 8, m
         25    1.587E+01                                 F               0         Tower X translation displacement, node 9, m
         26   -5.725E+00                                 F               0         Tower Y translation displacement, node 9, m
         27   -6.253E-01                                 F               0         Tower Z translation displacement, node 9, m
         28    1.697E+01                                 F               0         Tower X translation displacement, node 10, m
         29   -6.291E+00                                 F               0         Tower Y translation displacement, node 10, m
         30   -6.873E-01                                 F               0         Tower Z translation displacement, node 10, m
         31    1.807E+01                                 F               0         Tower X translation displacement, node 11, m
         32   -6.857E+00                                 F               0         Tower Y translation displacement, node 11, m
         33   -7.494E-01                                 F               0         Tower Z translation displacement, node 11, m
         34    9.965E-01,  4.117E-03, -8.374E-02         F               0         Tower X orientation angle, node 1, rad
         35   -4.334E-04,  9.990E-01,  4.396E-02         F               0         Tower Y orientation angle, node 1, rad
         36    8.384E-02, -4.377E-02,  9.955E-01         F               0         Tower Z orientation angle, node 1, rad
         37    9.964E-01,  4.171E-03, -8.494E-02         F               0         Tower X orientation angle, node 2, rad
         38   -3.998E-04,  9.990E-01,  4.436E-02         F               0         Tower Y orientation angle, node 2, rad
         39    8.504E-02, -4.417E-02,  9.954E-01         F               0         Tower Z orientation angle, node 2, rad
         40    9.963E-01,  4.217E-03, -8.598E-02         F               0         Tower X orientation angle, node 3, rad
         41   -3.692E-04,  9.990E-01,  4.472E-02         F               0         Tower Y orientation angle, node 3, rad
         42    8.609E-02, -4.452E-02,  9.953E-01         F               0         Tower Z orientation angle, node 3, rad
         43    9.962E-01,  4.255E-03, -8.684E-02         F               0         Tower X orientation angle, node 4, rad
         44   -3.422E-04,  9.990E-01,  4.503E-02         F               0         Tower Y orientation angle, node 4, rad
         45    8.694E-02, -4.483E-02,  9.952E-01         F               0         Tower Z orientation angle, node 4, rad
         46    9.962E-01,  4.286E-03, -8.752E-02         F               0         Tower X orientation angle, node 5, rad
         47   -3.189E-04,  9.990E-01,  4.529E-02         F               0         Tower Y orientation angle, node 5, rad
         48    8.763E-02, -4.509E-02,  9.951E-01         F               0         Tower Z orientation angle, node 5, rad
         49    9.961E-01,  4.310E-03, -8.805E-02         F               0         Tower X orientation angle, node 6, rad
         50   -2.992E-04,  9.990E-01,  4.552E-02         F               0         Tower Y orientation angle, node 6, rad
         51    8.815E-02, -4.531E-02,  9.951E-01         F               0         Tower Z orientation angle, node 6, rad
         52    9.961E-01,  4.327E-03, -8.842E-02         F               0         Tower X orientation angle, node 7, rad
         53   -2.835E-04,  9.990E-01,  4.570E-02         F               0         Tower Y orientation angle, node 7, rad
         54    8.852E-02, -4.549E-02,  9.950E-01         F               0         Tower Z orientation angle, node 7, rad
         55    9.961E-01,  4.339E-03, -8.867E-02         F               0         Tower X orientation angle, node 8, rad
         56   -2.712E-04,  9.989E-01,  4.584E-02         F               0         Tower Y orientation angle, node 8, rad
         57    8.878E-02, -4.563E-02,  9.950E-01         F               0         Tower Z orientation angle, node 8, rad
         58    9.960E-01,  4.347E-03, -8.884E-02         F               0         Tower X orientation angle, node 9, rad
         59   -2.623E-04,  9.989E-01,  4.594E-02         F               0         Tower Y orientation angle, node 9, rad
         60    8.894E-02, -4.573E-02,  9.950E-01         F               0         Tower Z orientation angle, node 9, rad
         61    9.960E-01,  4.351E-03, -8.893E-02         F               0         Tower X orientation angle, node 10, rad
         62   -2.564E-04,  9.989E-01,  4.600E-02         F               0         Tower Y orientation angle, node 10, rad
         63    8.903E-02, -4.580E-02,  9.950E-01         F               0         Tower Z orientation angle, node 10, rad
         64    9.960E-01,  4.353E-03, -8.896E-02         F               0         Tower X orientation angle, node 11, rad
         65   -2.532E-04,  9.989E-01,  4.604E-02         F               0         Tower Y orientation angle, node 11, rad
         66    8.907E-02, -4.583E-02,  9.950E-01         F               0         Tower Z orientation angle, node 11, rad
         67   -2.591E-04                                 F               0         Tower X translation velocity, node 1, m/s
         68    5.616E-04                                 F               0         Tower Y translation velocity, node 1, m/s
         69   -2.462E-03                                 F               0         Tower Z translation velocity, node 1, m/s
         70   -3.157E-04                                 F               0         Tower X translation velocity, node 2, m/s
         71    8.694E-04                                 F               0         Tower Y translation velocity, node 2, m/s
         72   -2.444E-03                                 F               0         Tower Z translation velocity, node 2, m/s
         73   -3.787E-04                                 F               0         Tower X translation velocity, node 3, m/s
         74    1.175E-03                                 F               0         Tower Y translation velocity, node 3, m/s
         75   -2.425E-03                                 F               0         Tower Z translation velocity, node 3, m/s
         76   -4.470E-04                                 F               0         Tower X translation velocity, node 4, m/s
         77    1.480E-03                                 F               0         Tower Y translation velocity, node 4, m/s
         78   -2.405E-03                                 F               0         Tower Z translation velocity, node 4, m/s
         79   -5.198E-04                                 F               0         Tower X translation velocity, node 5, m/s
         80    1.783E-03                                 F               0         Tower Y translation velocity, node 5, m/s
         81   -2.385E-03                                 F               0         Tower Z translation velocity, node 5, m/s
         82   -5.966E-04                                 F               0         Tower X translation velocity, node 6, m/s
         83    2.085E-03                                 F               0         Tower Y translation velocity, node 6, m/s
         84   -2.365E-03                                 F               0         Tower Z translation velocity, node 6, m/s
         85   -6.765E-04                                 F               0         Tower X translation velocity, node 7, m/s
         86    2.385E-03                                 F               0         Tower Y translation velocity, node 7, m/s
         87   -2.344E-03                                 F               0         Tower Z translation velocity, node 7, m/s
         88   -7.592E-04                                 F               0         Tower X translation velocity, node 8, m/s
         89    2.684E-03                                 F               0         Tower Y translation velocity, node 8, m/s
         90   -2.323E-03                                 F               0         Tower Z translation velocity, node 8, m/s
         91   -8.442E-04                                 F               0         Tower X translation velocity, node 9, m/s
         92    2.982E-03                                 F               0         Tower Y translation velocity, node 9, m/s
         93   -2.301E-03                                 F               0         Tower Z translation velocity, node 9, m/s
         94   -9.307E-04                                 F               0         Tower X translation velocity, node 10, m/s
         95    3.280E-03                                 F               0         Tower Y translation velocity, node 10, m/s
         96   -2.280E-03                                 F               0         Tower Z translation velocity, node 10, m/s
         97   -1.018E-03                                 F               0         Tower X translation velocity, node 11, m/s
         98    3.576E-03                                 F               0         Tower Y translation velocity, node 11, m/s
         99   -2.259E-03                                 F               0         Tower Z translation velocity, node 11, m/s
        100    1.881E+01                                 F               0         Hub X translation displacement, node 1, m
        101   -7.264E+00                                 F               0         Hub Y translation displacement, node 1, m
        102    1.719E-01                                 F               0         Hub Z translation displacement, node 1, m
        103    9.813E-01,  9.120E-03, -1.925E-01         F               0         Hub X orientation angle, node 1, rad
        104   -2.051E-02,  9.981E-01, -5.729E-02         F               0         Hub Y orientation angle, node 1, rad
        105    1.916E-01,  6.016E-02,  9.796E-01         F               0         Hub Z orientation angle, node 1, rad
        106    6.942E-01                                 F               0         Hub X rotation velocity, node 1, rad/s
        107    6.445E-03                                 F               0         Hub Y rotation velocity, node 1, rad/s
        108   -1.362E-01                                 F               0         Hub Z rotation velocity, node 1, rad/s
        109    9.814E-01, -2.050E-02, -1.907E-01         F               0         Blade root 1 X orientation angle, node 1, rad
        110    8.606E-03,  9.980E-01, -6.297E-02         F               0         Blade root 1 Y orientation angle, node 1, rad
        111    1.916E-01,  6.016E-02,  9.796E-01         F               0         Blade root 1 Z orientation angle, node 1, rad
        112    9.756E-01,  2.238E-02, -2.184E-01         F               0         Blade root 2 X orientation angle, node 1, rad
        113    2.052E-01, -4.465E-01,  8.709E-01         F               0         Blade root 2 Y orientation angle, node 1, rad
        114   -7.804E-02, -8.945E-01, -4.402E-01         F               0         Blade root 2 Z orientation angle, node 1, rad
        115    9.854E-01,  2.547E-02, -1.681E-01         F               0         Blade root 3 X orientation angle, node 1, rad
        116   -1.265E-01, -5.507E-01, -8.251E-01         F               0         Blade root 3 Y orientation angle, node 1, rad
        117   -1.136E-01,  8.343E-01, -5.394E-01         F               0         Blade root 3 Z orientation angle, node 1, rad
        118    1.930E+01                                 F               0         Blade 1 X translation displacement, node 1, m
        119   -6.931E+00                                 F               0         Blade 1 Y translation displacement, node 1, m
        120    8.942E-02                                 F               0         Blade 1 Z translation displacement, node 1, m
        121    1.941E+01                                 F               0         Blade 1 X translation displacement, node 2, m
        122   -6.850E+00                                 F               0         Blade 1 Y translation displacement, node 2, m
        123    6.954E-02                                 F               0         Blade 1 Z translation displacement, node 2, m
        124    2.099E+01                                 F               0         Blade 1 X translation displacement, node 3, m
        125   -5.758E+00                                 F               0         Blade 1 Y translation displacement, node 3, m
        126   -2.008E-01                                 F               0         Blade 1 Z translation displacement, node 3, m
        127    2.133E+01                                 F               0         Blade 1 X translation displacement, node 4, m
        128   -5.526E+00                                 F               0         Blade 1 Y translation displacement, node 4, m
        129   -2.584E-01                                 F               0         Blade 1 Z translation displacement, node 4, m
        130    2.167E+01                                 F               0         Blade 1 X translation displacement, node 5, m
        131   -5.293E+00                                 F               0         Blade 1 Y translation displacement, node 5, m
        132   -3.160E-01                                 F               0         Blade 1 Z translation displacement, node 5, m
        133    2.200E+01                                 F               0         Blade 1 X translation displacement, node 6, m
        134   -5.060E+00                                 F               0         Blade 1 Y translation displacement, node 6, m
        135   -3.737E-01                                 F               0         Blade 1 Z translation displacement, node 6, m
        136    2.234E+01                                 F               0         Blade 1 X translation displacement, node 7, m
        137   -4.828E+00                                 F               0         Blade 1 Y translation displacement, node 7, m
        138   -4.313E-01                                 F               0         Blade 1 Z translation displacement, node 7, m
        139    2.268E+01                                 F               0         Blade 1 X translation displacement, node 8, m
        140   -4.595E+00                                 F               0         Blade 1 Y translation displacement, node 8, m
        141   -4.889E-01                                 F               0         Blade 1 Z translation displacement, node 8, m
        142    2.301E+01                                 F               0         Blade 1 X translation displacement, node 9, m
        143   -4.362E+00                                 F               0         Blade 1 Y translation displacement, node 9, m
        144   -5.465E-01                                 F               0         Blade 1 Z translation displacement, node 9, m
        145    2.335E+01                                 F               0         Blade 1 X translation displacement, node 10, m
        146   -4.130E+00                                 F               0         Blade 1 Y translation displacement, node 10, m
        147   -6.041E-01                                 F               0         Blade 1 Z translation displacement, node 10, m
        148    2.369E+01                                 F               0         Blade 1 X translation displacement, node 11, m
        149   -3.897E+00                                 F               0         Blade 1 Y translation displacement, node 11, m
        150   -6.617E-01                                 F               0         Blade 1 Z translation displacement, node 11, m
        151    2.402E+01                                 F               0         Blade 1 X translation displacement, node 12, m
        152   -3.664E+00                                 F               0         Blade 1 Y translation displacement, node 12, m
        153   -7.193E-01                                 F               0         Blade 1 Z translation displacement, node 12, m
        154    2.436E+01                                 F               0         Blade 1 X translation displacement, node 13, m
        155   -3.431E+00                                 F               0         Blade 1 Y translation displacement, node 13, m
        156   -7.769E-01                                 F               0         Blade 1 Z translation displacement, node 13, m
        157    2.470E+01                                 F               0         Blade 1 X translation displacement, node 14, m
        158   -3.199E+00                                 F               0         Blade 1 Y translation displacement, node 14, m
        159   -8.345E-01                                 F               0         Blade 1 Z translation displacement, node 14, m
        160    2.503E+01                                 F               0         Blade 1 X translation displacement, node 15, m
        161   -2.966E+00                                 F               0         Blade 1 Y translation displacement, node 15, m
        162   -8.921E-01                                 F               0         Blade 1 Z translation displacement, node 15, m
        163    2.537E+01                                 F               0         Blade 1 X translation displacement, node 16, m
        164   -2.733E+00                                 F               0         Blade 1 Y translation displacement, node 16, m
        165   -9.497E-01                                 F               0         Blade 1 Z translation displacement, node 16, m
        166    2.571E+01                                 F               0         Blade 1 X translation displacement, node 17, m
        167   -2.501E+00                                 F               0         Blade 1 Y translation displacement, node 17, m
        168   -1.007E+00                                 F               0         Blade 1 Z translation displacement, node 17, m
        169    2.604E+01                                 F               0         Blade 1 X translation displacement, node 18, m
        170   -2.268E+00                                 F               0         Blade 1 Y translation displacement, node 18, m
        171   -1.065E+00                                 F               0         Blade 1 Z translation displacement, node 18, m
        172    2.638E+01                                 F               0         Blade 1 X translation displacement, node 19, m
        173   -2.035E+00                                 F               0         Blade 1 Y translation displacement, node 19, m
        174   -1.123E+00                                 F               0         Blade 1 Z translation displacement, node 19, m
        175    2.672E+01                                 F               0         Blade 1 X translation displacement, node 20, m
        176   -1.803E+00                                 F               0         Blade 1 Y translation displacement, node 20, m
        177   -1.180E+00                                 F               0         Blade 1 Z translation displacement, node 20, m
        178    2.705E+01                                 F               0         Blade 1 X translation displacement, node 21, m
        179   -1.570E+00                                 F               0         Blade 1 Y translation displacement, node 21, m
        180   -1.238E+00                                 F               0         Blade 1 Z translation displacement, node 21, m
        181    2.739E+01                                 F               0         Blade 1 X translation displacement, node 22, m
        182   -1.337E+00                                 F               0         Blade 1 Y translation displacement, node 22, m
        183   -1.295E+00                                 F               0         Blade 1 Z translation displacement, node 22, m
        184    2.773E+01                                 F               0         Blade 1 X translation displacement, node 23, m
        185   -1.105E+00                                 F               0         Blade 1 Y translation displacement, node 23, m
        186   -1.353E+00                                 F               0         Blade 1 Z translation displacement, node 23, m
        187    2.806E+01                                 F               0         Blade 1 X translation displacement, node 24, m
        188   -8.720E-01                                 F               0         Blade 1 Y translation displacement, node 24, m
        189   -1.411E+00                                 F               0         Blade 1 Z translation displacement, node 24, m
        190    2.840E+01                                 F               0         Blade 1 X translation displacement, node 25, m
        191   -6.393E-01                                 F               0         Blade 1 Y translation displacement, node 25, m
        192   -1.468E+00                                 F               0         Blade 1 Z translation displacement, node 25, m
        193    2.874E+01                                 F               0         Blade 1 X translation displacement, node 26, m
        194   -4.066E-01                                 F               0         Blade 1 Y translation displacement, node 26, m
        195   -1.526E+00                                 F               0         Blade 1 Z translation displacement, node 26, m
        196    2.907E+01                                 F               0         Blade 1 X translation displacement, node 27, m
        197   -1.739E-01                                 F               0         Blade 1 Y translation displacement, node 27, m
        198   -1.583E+00                                 F               0         Blade 1 Z translation displacement, node 27, m
        199    2.936E+01                                 F               0         Blade 1 X translation displacement, node 28, m
        200    2.334E-02                                 F               0         Blade 1 Y translation displacement, node 28, m
        201   -1.632E+00                                 F               0         Blade 1 Z translation displacement, node 28, m
        202    8.695E-01, -4.733E-01, -1.410E-01         F               0         Blade 1 X orientation angle, node 1, rad
        203    4.552E-01,  8.788E-01, -1.430E-01         F               0         Blade 1 Y orientation angle, node 1, rad
        204    1.916E-01,  6.016E-02,  9.796E-01         F               0         Blade 1 Z orientation angle, node 1, rad
        205    8.695E-01, -4.733E-01, -1.410E-01         F               0         Blade 1 X orientation angle, node 2, rad
        206    4.552E-01,  8.788E-01, -1.430E-01         F               0         Blade 1 Y orientation angle, node 2, rad
        207    1.916E-01,  6.016E-02,  9.796E-01         F               0         Blade 1 Z orientation angle, node 2, rad
        208    9.526E-01, -2.516E-01, -1.709E-01         F               0         Blade 1 X orientation angle, node 3, rad
        209    2.361E-01,  9.660E-01, -1.055E-01         F               0         Blade 1 Y orientation angle, node 3, rad
        210    1.916E-01,  6.016E-02,  9.796E-01         F               0         Blade 1 Z orientation angle, node 3, rad
        211    9.618E-01, -2.105E-01, -1.752E-01         F               0         Blade 1 X orientation angle, node 4, rad
        212    1.957E-01,  9.757E-01, -9.820E-02         F               0         Blade 1 Y orientation angle, node 4, rad
        213    1.916E-01,  6.016E-02,  9.796E-01         F               0         Blade 1 Z orientation angle, node 4, rad
        214    9.677E-01, -1.781E-01, -1.783E-01         F               0         Blade 1 X orientation angle, node 5, rad
        215    1.637E-01,  9.822E-01, -9.234E-02         F               0         Blade 1 Y orientation angle, node 5, rad
        216    1.916E-01,  6.016E-02,  9.796E-01         F               0         Blade 1 Z orientation angle, node 5, rad
        217    9.717E-01, -1.520E-01, -1.807E-01         F               0         Blade 1 X orientation angle, node 6, rad
        218    1.380E-01,  9.866E-01, -8.757E-02         F               0         Blade 1 Y orientation angle, node 6, rad
        219    1.916E-01,  6.016E-02,  9.796E-01         F               0         Blade 1 Z orientation angle, node 6, rad
        220    9.745E-01, -1.304E-01, -1.826E-01         F               0         Blade 1 X orientation angle, node 7, rad
        221    1.168E-01,  9.896E-01, -8.361E-02         F               0         Blade 1 Y orientation angle, node 7, rad
        222    1.916E-01,  6.016E-02,  9.796E-01         F               0         Blade 1 Z orientation angle, node 7, rad
        223    9.765E-01, -1.124E-01, -1.841E-01         F               0         Blade 1 X orientation angle, node 8, rad
        224    9.905E-02,  9.918E-01, -8.028E-02         F               0         Blade 1 Y orientation angle, node 8, rad
        225    1.916E-01,  6.016E-02,  9.796E-01         F               0         Blade 1 Z orientation angle, node 8, rad
        226    9.779E-01, -9.717E-02, -1.853E-01         F               0         Blade 1 X orientation angle, node 9, rad
        227    8.405E-02,  9.934E-01, -7.745E-02         F               0         Blade 1 Y orientation angle, node 9, rad
        228    1.916E-01,  6.016E-02,  9.796E-01         F               0         Blade 1 Z orientation angle, node 9, rad
        229    9.789E-01, -8.399E-02, -1.863E-01         F               0         Blade 1 X orientation angle, node 10, rad
        230    7.107E-02,  9.946E-01, -7.498E-02         F               0         Blade 1 Y orientation angle, node 10, rad
        231    1.916E-01,  6.016E-02,  9.796E-01         F               0         Blade 1 Z orientation angle, node 10, rad
        232    9.796E-01, -7.270E-02, -1.871E-01         F               0         Blade 1 X orientation angle, node 11, rad
        233    5.996E-02,  9.955E-01, -7.286E-02         F               0         Blade 1 Y orientation angle, node 11, rad
        234    1.916E-01,  6.016E-02,  9.796E-01         F               0         Blade 1 Z orientation angle, node 11, rad
        235    9.802E-01, -6.279E-02, -1.879E-01         F               0         Blade 1 X orientation angle, node 12, rad
        236    5.021E-02,  9.962E-01, -7.100E-02         F               0         Blade 1 Y orientation angle, node 12, rad
        237    1.916E-01,  6.016E-02,  9.796E-01         F               0         Blade 1 Z orientation angle, node 12, rad
        238    9.806E-01, -5.409E-02, -1.885E-01         F               0         Blade 1 X orientation angle, node 13, rad
        239    4.165E-02,  9.967E-01, -6.936E-02         F               0         Blade 1 Y orientation angle, node 13, rad
        240    1.916E-01,  6.016E-02,  9.796E-01         F               0         Blade 1 Z orientation angle, node 13, rad
        241    9.809E-01, -4.626E-02, -1.890E-01         F               0         Blade 1 X orientation angle, node 14, rad
        242    3.395E-02,  9.971E-01, -6.787E-02         F               0         Blade 1 Y orientation angle, node 14, rad
        243    1.916E-01,  6.016E-02,  9.796E-01         F               0         Blade 1 Z orientation angle, node 14, rad
        244    9.811E-01, -3.930E-02, -1.895E-01         F               0         Blade 1 X orientation angle, node 15, rad
        245    2.710E-02,  9.974E-01, -6.655E-02         F               0         Blade 1 Y orientation angle, node 15, rad
        246    1.916E-01,  6.016E-02,  9.796E-01         F               0         Blade 1 Z orientation angle, node 15, rad
        247    9.812E-01, -3.303E-02, -1.899E-01         F               0         Blade 1 X orientation angle, node 16, rad
        248    2.094E-02,  9.976E-01, -6.536E-02         F               0         Blade 1 Y orientation angle, node 16, rad
        249    1.916E-01,  6.016E-02,  9.796E-01         F               0         Blade 1 Z orientation angle, node 16, rad
        250    9.814E-01, -2.746E-02, -1.903E-01         F               0         Blade 1 X orientation angle, node 17, rad
        251    1.546E-02,  9.978E-01, -6.430E-02         F               0         Blade 1 Y orientation angle, node 17, rad
        252    1.916E-01,  6.016E-02,  9.796E-01         F               0         Blade 1 Z orientation angle, node 17, rad
        253    9.814E-01, -2.224E-02, -1.906E-01         F               0         Blade 1 X orientation angle, node 18, rad
        254    1.032E-02,  9.979E-01, -6.330E-02         F               0         Blade 1 Y orientation angle, node 18, rad
        255    1.916E-01,  6.016E-02,  9.796E-01         F               0         Blade 1 Z orientation angle, node 18, rad
        256    9.815E-01, -1.753E-02, -1.909E-01         F               0         Blade 1 X orientation angle, node 19, rad
        257    5.694E-03,  9.980E-01, -6.240E-02         F               0         Blade 1 Y orientation angle, node 19, rad
        258    1.916E-01,  6.016E-02,  9.796E-01         F               0         Blade 1 Z orientation angle, node 19, rad
        259    9.815E-01, -1.335E-02, -1.911E-01         F               0         Blade 1 X orientation angle, node 20, rad
        260    1.582E-03,  9.981E-01, -6.160E-02         F               0         Blade 1 Y orientation angle, node 20, rad
        261    1.916E-01,  6.016E-02,  9.796E-01         F               0         Blade 1 Z orientation angle, node 20, rad
        262    9.815E-01, -9.347E-03, -1.914E-01         F               0         Blade 1 X orientation angle, node 21, rad
        263   -2.357E-03,  9.981E-01, -6.084E-02         F               0         Blade 1 Y orientation angle, node 21, rad
        264    1.916E-01,  6.016E-02,  9.796E-01         F               0         Blade 1 Z orientation angle, node 21, rad
        265    9.815E-01, -5.688E-03, -1.916E-01         F               0         Blade 1 X orientation angle, node 22, rad
        266   -5.955E-03,  9.982E-01, -6.013E-02         F               0         Blade 1 Y orientation angle, node 22, rad
        267    1.916E-01,  6.016E-02,  9.796E-01         F               0         Blade 1 Z orientation angle, node 22, rad
        268    9.814E-01, -2.378E-03, -1.918E-01         F               0         Blade 1 X orientation angle, node 23, rad
        269   -9.209E-03,  9.982E-01, -5.950E-02         F               0         Blade 1 Y orientation angle, node 23, rad
        270    1.916E-01,  6.016E-02,  9.796E-01         F               0         Blade 1 Z orientation angle, node 23, rad
        271    9.814E-01,  7.576E-04, -1.920E-01         F               0         Blade 1 X orientation angle, node 24, rad
        272   -1.229E-02,  9.982E-01, -5.890E-02         F               0         Blade 1 Y orientation angle, node 24, rad
        273    1.916E-01,  6.016E-02,  9.796E-01         F               0         Blade 1 Z orientation angle, node 24, rad
        274    9.814E-01,  3.719E-03, -1.922E-01         F               0         Blade 1 X orientation angle, node 25, rad
        275   -1.520E-02,  9.982E-01, -5.833E-02         F               0         Blade 1 Y orientation angle, node 25, rad
        276    1.916E-01,  6.016E-02,  9.796E-01         F               0         Blade 1 Z orientation angle, node 25, rad
        277    9.813E-01,  6.332E-03, -1.923E-01         F               0         Blade 1 X orientation angle, node 26, rad
        278   -1.777E-02,  9.982E-01, -5.782E-02         F               0         Blade 1 Y orientation angle, node 26, rad
        279    1.916E-01,  6.016E-02,  9.796E-01         F               0         Blade 1 Z orientation angle, node 26, rad
        280    9.813E-01,  8.946E-03, -1.925E-01         F               0         Blade 1 X orientation angle, node 27, rad
        281   -2.034E-02,  9.981E-01, -5.732E-02         F               0         Blade 1 Y orientation angle, node 27, rad
        282    1.916E-01,  6.016E-02,  9.796E-01         F               0         Blade 1 Z orientation angle, node 27, rad
        283    9.812E-01,  1.034E-02, -1.925E-01         F               0         Blade 1 X orientation angle, node 28, rad
        284   -2.171E-02,  9.981E-01, -5.705E-02         F               0         Blade 1 Y orientation angle, node 28, rad
        285    1.916E-01,  6.016E-02,  9.796E-01         F               0         Blade 1 Z orientation angle, node 28, rad
        286    7.928E-02                                 F               0         Blade 1 X translation velocity, node 1, m/s
        287   -3.908E+00                                 F               0         Blade 1 Y translation velocity, node 1, m/s
        288    2.222E-01                                 F               0         Blade 1 Z translation velocity, node 1, m/s
        289    9.865E-02                                 F               0         Blade 1 X translation velocity, node 2, m/s
        290   -4.851E+00                                 F               0         Blade 1 Y translation velocity, node 2, m/s
        291    2.763E-01                                 F               0         Blade 1 Z translation velocity, node 2, m/s
        292    3.620E-01                                 F               0         Blade 1 X translation velocity, node 3, m/s
        293   -1.767E+01                                 F               0         Blade 1 Y translation velocity, node 3, m/s
        294    1.012E+00                                 F               0         Blade 1 Z translation velocity, node 3, m/s
        295    4.181E-01                                 F               0         Blade 1 X translation velocity, node 4, m/s
        296   -2.040E+01                                 F               0         Blade 1 Y translation velocity, node 4, m/s
        297    1.169E+00                                 F               0         Blade 1 Z translation velocity, node 4, m/s
        298    4.742E-01                                 F               0         Blade 1 X translation velocity, node 5, m/s
        299   -2.313E+01                                 F               0         Blade 1 Y translation velocity, node 5, m/s
        300    1.325E+00                                 F               0         Blade 1 Z translation velocity, node 5, m/s
        301    5.303E-01                                 F               0         Blade 1 X translation velocity, node 6, m/s
        302   -2.586E+01                                 F               0         Blade 1 Y translation velocity, node 6, m/s
        303    1.482E+00                                 F               0         Blade 1 Z translation velocity, node 6, m/s
        304    5.864E-01                                 F               0         Blade 1 X translation velocity, node 7, m/s
        305   -2.859E+01                                 F               0         Blade 1 Y translation velocity, node 7, m/s
        306    1.639E+00                                 F               0         Blade 1 Z translation velocity, node 7, m/s
        307    6.425E-01                                 F               0         Blade 1 X translation velocity, node 8, m/s
