
Linearized model: Predictions were generated on 08-Jan-2024 at 09:43:14 using OpenFAST, compiled as a 64-bit application using single precision at commit v3.5.1
 linked with  NWTC Subroutine Library; ElastoDyn; InflowWind; AeroDyn; ServoDyn; HydroDyn; MoorDyn (v2.0.0, 2023-09-18)

Description from the FAST input file: CCT-9 Campign 4 model. Input files to be run with OpenFAST 3.5.0. GitHub branch from Lu Wang (https://github.com/luwang00/openfast/tree/dev) compiled on March 7, 2023.

Simulation information:
   Simulation time:                  1002.5000 s
   Rotor Speed:                         0.7074 rad/s
   Azimuth:                             0.9558 rad
   Wind Speed:                          8.0000 m/s
   Number of continuous states:         0
   Number of discrete states:           0
   Number of constraint states:         0
   Number of inputs:                 1746
   Number of outputs:                   4
   Jacobians included in this file?    No

Order of inputs:
     Column   Operating Point                     Rotating Frame? Derivative Order Description
   ---------- ---------------                     --------------- ---------------- -----------
          1    7.251E+00                                 F               0         Tower X translation displacement, node 1, m
          2   -1.278E+00                                 F               0         Tower Y translation displacement, node 1, m
          3   -1.524E-01                                 F               0         Tower Z translation displacement, node 1, m
          4    8.293E+00                                 F               0         Tower X translation displacement, node 2, m
          5   -1.821E+00                                 F               0         Tower Y translation displacement, node 2, m
          6   -2.084E-01                                 F               0         Tower Z translation displacement, node 2, m
          7    9.351E+00                                 F               0         Tower X translation displacement, node 3, m
          8   -2.368E+00                                 F               0         Tower Y translation displacement, node 3, m
          9   -2.659E-01                                 F               0         Tower Z translation displacement, node 3, m
         10    1.042E+01                                 F               0         Tower X translation displacement, node 4, m
         11   -2.919E+00                                 F               0         Tower Y translation displacement, node 4, m
         12   -3.246E-01                                 F               0         Tower Z translation displacement, node 4, m
         13    1.150E+01                                 F               0         Tower X translation displacement, node 5, m
         14   -3.474E+00                                 F               0         Tower Y translation displacement, node 5, m
         15   -3.844E-01                                 F               0         Tower Z translation displacement, node 5, m
         16    1.259E+01                                 F               0         Tower X translation displacement, node 6, m
         17   -4.032E+00                                 F               0         Tower Y translation displacement, node 6, m
         18   -4.449E-01                                 F               0         Tower Z translation displacement, node 6, m
         19    1.368E+01                                 F               0         Tower X translation displacement, node 7, m
         20   -4.593E+00                                 F               0         Tower Y translation displacement, node 7, m
         21   -5.059E-01                                 F               0         Tower Z translation displacement, node 7, m
         22    1.477E+01                                 F               0         Tower X translation displacement, node 8, m
         23   -5.155E+00                                 F               0         Tower Y translation displacement, node 8, m
         24   -5.674E-01                                 F               0         Tower Z translation displacement, node 8, m
         25    1.587E+01                                 F               0         Tower X translation displacement, node 9, m
         26   -5.719E+00                                 F               0         Tower Y translation displacement, node 9, m
         27   -6.292E-01                                 F               0         Tower Z translation displacement, node 9, m
         28    1.697E+01                                 F               0         Tower X translation displacement, node 10, m
         29   -6.284E+00                                 F               0         Tower Y translation displacement, node 10, m
         30   -6.912E-01                                 F               0         Tower Z translation displacement, node 10, m
         31    1.807E+01                                 F               0         Tower X translation displacement, node 11, m
         32   -6.849E+00                                 F               0         Tower Y translation displacement, node 11, m
         33   -7.533E-01                                 F               0         Tower Z translation displacement, node 11, m
         34    9.965E-01,  4.117E-03, -8.373E-02         F               0         Tower X orientation angle, node 1, rad
         35   -4.380E-04,  9.990E-01,  4.391E-02         F               0         Tower Y orientation angle, node 1, rad
         36    8.383E-02, -4.372E-02,  9.955E-01         F               0         Tower Z orientation angle, node 1, rad
         37    9.964E-01,  4.170E-03, -8.494E-02         F               0         Tower X orientation angle, node 2, rad
         38   -4.043E-04,  9.990E-01,  4.431E-02         F               0         Tower Y orientation angle, node 2, rad
         39    8.504E-02, -4.411E-02,  9.954E-01         F               0         Tower Z orientation angle, node 2, rad
         40    9.963E-01,  4.217E-03, -8.598E-02         F               0         Tower X orientation angle, node 3, rad
         41   -3.737E-04,  9.990E-01,  4.466E-02         F               0         Tower Y orientation angle, node 3, rad
         42    8.608E-02, -4.446E-02,  9.953E-01         F               0         Tower Z orientation angle, node 3, rad
         43    9.962E-01,  4.255E-03, -8.683E-02         F               0         Tower X orientation angle, node 4, rad
         44   -3.467E-04,  9.990E-01,  4.497E-02         F               0         Tower Y orientation angle, node 4, rad
         45    8.694E-02, -4.477E-02,  9.952E-01         F               0         Tower Z orientation angle, node 4, rad
         46    9.962E-01,  4.286E-03, -8.752E-02         F               0         Tower X orientation angle, node 5, rad
         47   -3.234E-04,  9.990E-01,  4.524E-02         F               0         Tower Y orientation angle, node 5, rad
         48    8.762E-02, -4.504E-02,  9.951E-01         F               0         Tower Z orientation angle, node 5, rad
         49    9.961E-01,  4.310E-03, -8.804E-02         F               0         Tower X orientation angle, node 6, rad
         50   -3.037E-04,  9.990E-01,  4.546E-02         F               0         Tower Y orientation angle, node 6, rad
         51    8.814E-02, -4.526E-02,  9.951E-01         F               0         Tower Z orientation angle, node 6, rad
         52    9.961E-01,  4.327E-03, -8.841E-02         F               0         Tower X orientation angle, node 7, rad
         53   -2.879E-04,  9.990E-01,  4.564E-02         F               0         Tower Y orientation angle, node 7, rad
         54    8.852E-02, -4.544E-02,  9.950E-01         F               0         Tower Z orientation angle, node 7, rad
         55    9.961E-01,  4.338E-03, -8.867E-02         F               0         Tower X orientation angle, node 8, rad
         56   -2.756E-04,  9.990E-01,  4.578E-02         F               0         Tower Y orientation angle, node 8, rad
         57    8.877E-02, -4.558E-02,  9.950E-01         F               0         Tower Z orientation angle, node 8, rad
         58    9.960E-01,  4.346E-03, -8.883E-02         F               0         Tower X orientation angle, node 9, rad
         59   -2.667E-04,  9.989E-01,  4.588E-02         F               0         Tower Y orientation angle, node 9, rad
         60    8.893E-02, -4.568E-02,  9.950E-01         F               0         Tower Z orientation angle, node 9, rad
         61    9.960E-01,  4.350E-03, -8.892E-02         F               0         Tower X orientation angle, node 10, rad
         62   -2.608E-04,  9.989E-01,  4.595E-02         F               0         Tower Y orientation angle, node 10, rad
         63    8.902E-02, -4.574E-02,  9.950E-01         F               0         Tower Z orientation angle, node 10, rad
         64    9.960E-01,  4.352E-03, -8.896E-02         F               0         Tower X orientation angle, node 11, rad
         65   -2.576E-04,  9.989E-01,  4.599E-02         F               0         Tower Y orientation angle, node 11, rad
         66    8.906E-02, -4.578E-02,  9.950E-01         F               0         Tower Z orientation angle, node 11, rad
         67   -2.656E-04                                 F               0         Tower X translation velocity, node 1, m/s
         68    1.042E-03                                 F               0         Tower Y translation velocity, node 1, m/s
         69   -3.082E-03                                 F               0         Tower Z translation velocity, node 1, m/s
         70   -3.097E-04                                 F               0         Tower X translation velocity, node 2, m/s
         71    1.599E-03                                 F               0         Tower Y translation velocity, node 2, m/s
         72   -3.053E-03                                 F               0         Tower Z translation velocity, node 2, m/s
         73   -3.448E-04                                 F               0         Tower X translation velocity, node 3, m/s
         74    2.152E-03                                 F               0         Tower Y translation velocity, node 3, m/s
         75   -3.026E-03                                 F               0         Tower Z translation velocity, node 3, m/s
         76   -3.714E-04                                 F               0         Tower X translation velocity, node 4, m/s
         77    2.701E-03                                 F               0         Tower Y translation velocity, node 4, m/s
         78   -2.999E-03                                 F               0         Tower Z translation velocity, node 4, m/s
         79   -3.895E-04                                 F               0         Tower X translation velocity, node 5, m/s
         80    3.246E-03                                 F               0         Tower Y translation velocity, node 5, m/s
         81   -2.973E-03                                 F               0         Tower Z translation velocity, node 5, m/s
         82   -3.993E-04                                 F               0         Tower X translation velocity, node 6, m/s
         83    3.787E-03                                 F               0         Tower Y translation velocity, node 6, m/s
         84   -2.947E-03                                 F               0         Tower Z translation velocity, node 6, m/s
         85   -4.019E-04                                 F               0         Tower X translation velocity, node 7, m/s
         86    4.325E-03                                 F               0         Tower Y translation velocity, node 7, m/s
         87   -2.922E-03                                 F               0         Tower Z translation velocity, node 7, m/s
         88   -3.972E-04                                 F               0         Tower X translation velocity, node 8, m/s
         89    4.861E-03                                 F               0         Tower Y translation velocity, node 8, m/s
         90   -2.898E-03                                 F               0         Tower Z translation velocity, node 8, m/s
         91   -3.864E-04                                 F               0         Tower X translation velocity, node 9, m/s
         92    5.393E-03                                 F               0         Tower Y translation velocity, node 9, m/s
         93   -2.875E-03                                 F               0         Tower Z translation velocity, node 9, m/s
         94   -3.708E-04                                 F               0         Tower X translation velocity, node 10, m/s
         95    5.924E-03                                 F               0         Tower Y translation velocity, node 10, m/s
         96   -2.852E-03                                 F               0         Tower Z translation velocity, node 10, m/s
         97   -3.520E-04                                 F               0         Tower X translation velocity, node 11, m/s
         98    6.454E-03                                 F               0         Tower Y translation velocity, node 11, m/s
         99   -2.829E-03                                 F               0         Tower Z translation velocity, node 11, m/s
        100    1.881E+01                                 F               0         Hub X translation displacement, node 1, m
        101   -7.256E+00                                 F               0         Hub Y translation displacement, node 1, m
        102    1.680E-01                                 F               0         Hub Z translation displacement, node 1, m
        103    9.813E-01,  9.114E-03, -1.925E-01         F               0         Hub X orientation angle, node 1, rad
        104    1.572E-01,  5.396E-01,  8.271E-01         F               0         Hub Y orientation angle, node 1, rad
        105    1.114E-01, -8.419E-01,  5.280E-01         F               0         Hub Z orientation angle, node 1, rad
        106    6.941E-01                                 F               0         Hub X rotation velocity, node 1, rad/s
        107    6.448E-03                                 F               0         Hub Y rotation velocity, node 1, rad/s
        108   -1.361E-01                                 F               0         Hub Z rotation velocity, node 1, rad/s
        109    9.762E-01, -6.897E-03, -2.169E-01         F               0         Blade root 1 X orientation angle, node 1, rad
        110    1.863E-01,  5.396E-01,  8.211E-01         F               0         Blade root 1 Y orientation angle, node 1, rad
        111    1.114E-01, -8.419E-01,  5.280E-01         F               0         Blade root 1 Z orientation angle, node 1, rad
        112    9.803E-01,  3.874E-02, -1.937E-01         F               0         Blade root 2 X orientation angle, node 1, rad
        113    4.695E-02, -9.982E-01,  3.798E-02         F               0         Blade root 2 Y orientation angle, node 1, rad
        114   -1.919E-01, -4.633E-02, -9.803E-01         F               0         Blade root 2 Z orientation angle, node 1, rad
        115    9.860E-01, -4.517E-03, -1.666E-01         F               0         Blade root 3 X orientation angle, node 1, rad
        116   -1.459E-01,  4.594E-01, -8.762E-01         F               0         Blade root 3 Y orientation angle, node 1, rad
        117    8.047E-02,  8.882E-01,  4.523E-01         F               0         Blade root 3 Z orientation angle, node 1, rad
        118    1.885E+01                                 F               0         Blade 1 X translation displacement, node 1, m
        119   -1.192E+01                                 F               0         Blade 1 Y translation displacement, node 1, m
        120   -2.416E+00                                 F               0         Blade 1 Z translation displacement, node 1, m
        121    1.886E+01                                 F               0         Blade 1 X translation displacement, node 2, m
        122   -1.304E+01                                 F               0         Blade 1 Y translation displacement, node 2, m
        123   -3.039E+00                                 F               0         Blade 1 Z translation displacement, node 2, m
        124    1.898E+01                                 F               0         Blade 1 X translation displacement, node 3, m
        125   -2.833E+01                                 F               0         Blade 1 Y translation displacement, node 3, m
        126   -1.151E+01                                 F               0         Blade 1 Z translation displacement, node 3, m
        127    1.901E+01                                 F               0         Blade 1 X translation displacement, node 4, m
        128   -3.158E+01                                 F               0         Blade 1 Y translation displacement, node 4, m
        129   -1.331E+01                                 F               0         Blade 1 Z translation displacement, node 4, m
        130    1.904E+01                                 F               0         Blade 1 X translation displacement, node 5, m
        131   -3.484E+01                                 F               0         Blade 1 Y translation displacement, node 5, m
        132   -1.512E+01                                 F               0         Blade 1 Z translation displacement, node 5, m
        133    1.906E+01                                 F               0         Blade 1 X translation displacement, node 6, m
        134   -3.809E+01                                 F               0         Blade 1 Y translation displacement, node 6, m
        135   -1.692E+01                                 F               0         Blade 1 Z translation displacement, node 6, m
        136    1.909E+01                                 F               0         Blade 1 X translation displacement, node 7, m
        137   -4.135E+01                                 F               0         Blade 1 Y translation displacement, node 7, m
        138   -1.872E+01                                 F               0         Blade 1 Z translation displacement, node 7, m
        139    1.912E+01                                 F               0         Blade 1 X translation displacement, node 8, m
        140   -4.461E+01                                 F               0         Blade 1 Y translation displacement, node 8, m
        141   -2.053E+01                                 F               0         Blade 1 Z translation displacement, node 8, m
        142    1.914E+01                                 F               0         Blade 1 X translation displacement, node 9, m
        143   -4.786E+01                                 F               0         Blade 1 Y translation displacement, node 9, m
        144   -2.233E+01                                 F               0         Blade 1 Z translation displacement, node 9, m
        145    1.917E+01                                 F               0         Blade 1 X translation displacement, node 10, m
        146   -5.112E+01                                 F               0         Blade 1 Y translation displacement, node 10, m
        147   -2.414E+01                                 F               0         Blade 1 Z translation displacement, node 10, m
        148    1.920E+01                                 F               0         Blade 1 X translation displacement, node 11, m
        149   -5.438E+01                                 F               0         Blade 1 Y translation displacement, node 11, m
        150   -2.594E+01                                 F               0         Blade 1 Z translation displacement, node 11, m
        151    1.922E+01                                 F               0         Blade 1 X translation displacement, node 12, m
        152   -5.763E+01                                 F               0         Blade 1 Y translation displacement, node 12, m
        153   -2.775E+01                                 F               0         Blade 1 Z translation displacement, node 12, m
        154    1.925E+01                                 F               0         Blade 1 X translation displacement, node 13, m
        155   -6.089E+01                                 F               0         Blade 1 Y translation displacement, node 13, m
        156   -2.955E+01                                 F               0         Blade 1 Z translation displacement, node 13, m
        157    1.928E+01                                 F               0         Blade 1 X translation displacement, node 14, m
        158   -6.414E+01                                 F               0         Blade 1 Y translation displacement, node 14, m
        159   -3.135E+01                                 F               0         Blade 1 Z translation displacement, node 14, m
        160    1.930E+01                                 F               0         Blade 1 X translation displacement, node 15, m
        161   -6.740E+01                                 F               0         Blade 1 Y translation displacement, node 15, m
        162   -3.316E+01                                 F               0         Blade 1 Z translation displacement, node 15, m
        163    1.933E+01                                 F               0         Blade 1 X translation displacement, node 16, m
        164   -7.066E+01                                 F               0         Blade 1 Y translation displacement, node 16, m
        165   -3.496E+01                                 F               0         Blade 1 Z translation displacement, node 16, m
        166    1.936E+01                                 F               0         Blade 1 X translation displacement, node 17, m
        167   -7.391E+01                                 F               0         Blade 1 Y translation displacement, node 17, m
        168   -3.677E+01                                 F               0         Blade 1 Z translation displacement, node 17, m
        169    1.938E+01                                 F               0         Blade 1 X translation displacement, node 18, m
        170   -7.717E+01                                 F               0         Blade 1 Y translation displacement, node 18, m
        171   -3.857E+01                                 F               0         Blade 1 Z translation displacement, node 18, m
        172    1.941E+01                                 F               0         Blade 1 X translation displacement, node 19, m
        173   -8.043E+01                                 F               0         Blade 1 Y translation displacement, node 19, m
        174   -4.038E+01                                 F               0         Blade 1 Z translation displacement, node 19, m
        175    1.943E+01                                 F               0         Blade 1 X translation displacement, node 20, m
        176   -8.368E+01                                 F               0         Blade 1 Y translation displacement, node 20, m
        177   -4.218E+01                                 F               0         Blade 1 Z translation displacement, node 20, m
        178    1.946E+01                                 F               0         Blade 1 X translation displacement, node 21, m
        179   -8.694E+01                                 F               0         Blade 1 Y translation displacement, node 21, m
        180   -4.398E+01                                 F               0         Blade 1 Z translation displacement, node 21, m
        181    1.949E+01                                 F               0         Blade 1 X translation displacement, node 22, m
        182   -9.019E+01                                 F               0         Blade 1 Y translation displacement, node 22, m
        183   -4.579E+01                                 F               0         Blade 1 Z translation displacement, node 22, m
        184    1.951E+01                                 F               0         Blade 1 X translation displacement, node 23, m
        185   -9.345E+01                                 F               0         Blade 1 Y translation displacement, node 23, m
        186   -4.759E+01                                 F               0         Blade 1 Z translation displacement, node 23, m
        187    1.954E+01                                 F               0         Blade 1 X translation displacement, node 24, m
        188   -9.671E+01                                 F               0         Blade 1 Y translation displacement, node 24, m
        189   -4.940E+01                                 F               0         Blade 1 Z translation displacement, node 24, m
        190    1.957E+01                                 F               0         Blade 1 X translation displacement, node 25, m
        191   -9.996E+01                                 F               0         Blade 1 Y translation displacement, node 25, m
        192   -5.120E+01                                 F               0         Blade 1 Z translation displacement, node 25, m
        193    1.959E+01                                 F               0         Blade 1 X translation displacement, node 26, m
        194   -1.032E+02                                 F               0         Blade 1 Y translation displacement, node 26, m
        195   -5.301E+01                                 F               0         Blade 1 Z translation displacement, node 26, m
        196    1.962E+01                                 F               0         Blade 1 X translation displacement, node 27, m
        197   -1.065E+02                                 F               0         Blade 1 Y translation displacement, node 27, m
        198   -5.481E+01                                 F               0         Blade 1 Z translation displacement, node 27, m
        199    1.964E+01                                 F               0         Blade 1 X translation displacement, node 28, m
        200   -1.092E+02                                 F               0         Blade 1 Y translation displacement, node 28, m
        201   -5.634E+01                                 F               0         Blade 1 Z translation displacement, node 28, m
        202    7.838E-01, -2.522E-01, -5.675E-01         F               0         Blade 1 X orientation angle, node 1, rad
        203    6.109E-01,  4.771E-01,  6.318E-01         F               0         Blade 1 Y orientation angle, node 1, rad
        204    1.114E-01, -8.419E-01,  5.280E-01         F               0         Blade 1 Z orientation angle, node 1, rad
        205    7.838E-01, -2.522E-01, -5.675E-01         F               0         Blade 1 X orientation angle, node 2, rad
        206    6.109E-01,  4.771E-01,  6.318E-01         F               0         Blade 1 Y orientation angle, node 2, rad
        207    1.114E-01, -8.419E-01,  5.280E-01         F               0         Blade 1 Z orientation angle, node 2, rad
        208    9.063E-01, -1.319E-01, -4.016E-01         F               0         Blade 1 X orientation angle, node 3, rad
        209    4.077E-01,  5.233E-01,  7.483E-01         F               0         Blade 1 Y orientation angle, node 3, rad
        210    1.114E-01, -8.419E-01,  5.280E-01         F               0         Blade 1 Z orientation angle, node 3, rad
        211    9.227E-01, -1.097E-01, -3.696E-01         F               0         Blade 1 X orientation angle, node 4, rad
        212    3.691E-01,  5.284E-01,  7.646E-01         F               0         Blade 1 Y orientation angle, node 4, rad
        213    1.114E-01, -8.419E-01,  5.280E-01         F               0         Blade 1 Z orientation angle, node 4, rad
        214    9.344E-01, -9.215E-02, -3.441E-01         F               0         Blade 1 X orientation angle, node 5, rad
        215    3.383E-01,  5.317E-01,  7.764E-01         F               0         Blade 1 Y orientation angle, node 5, rad
        216    1.114E-01, -8.419E-01,  5.280E-01         F               0         Blade 1 Z orientation angle, node 5, rad
        217    9.431E-01, -7.802E-02, -3.233E-01         F               0         Blade 1 X orientation angle, node 6, rad
        218    3.134E-01,  5.340E-01,  7.853E-01         F               0         Blade 1 Y orientation angle, node 6, rad
        219    1.114E-01, -8.419E-01,  5.280E-01         F               0         Blade 1 Z orientation angle, node 6, rad
        220    9.497E-01, -6.635E-02, -3.061E-01         F               0         Blade 1 X orientation angle, node 7, rad
        221    2.928E-01,  5.355E-01,  7.921E-01         F               0         Blade 1 Y orientation angle, node 7, rad
        222    1.114E-01, -8.419E-01,  5.280E-01         F               0         Blade 1 Z orientation angle, node 7, rad
        223    9.548E-01, -5.662E-02, -2.917E-01         F               0         Blade 1 X orientation angle, node 8, rad
        224    2.755E-01,  5.367E-01,  7.976E-01         F               0         Blade 1 Y orientation angle, node 8, rad
        225    1.114E-01, -8.419E-01,  5.280E-01         F               0         Blade 1 Z orientation angle, node 8, rad
        226    9.590E-01, -4.837E-02, -2.794E-01         F               0         Blade 1 X orientation angle, node 9, rad
        227    2.608E-01,  5.375E-01,  8.019E-01         F               0         Blade 1 Y orientation angle, node 9, rad
        228    1.114E-01, -8.419E-01,  5.280E-01         F               0         Blade 1 Z orientation angle, node 9, rad
        229    9.623E-01, -4.123E-02, -2.688E-01         F               0         Blade 1 X orientation angle, node 10, rad
        230    2.480E-01,  5.381E-01,  8.056E-01         F               0         Blade 1 Y orientation angle, node 10, rad
        231    1.114E-01, -8.419E-01,  5.280E-01         F               0         Blade 1 Z orientation angle, node 10, rad
        232    9.651E-01, -3.513E-02, -2.596E-01         F               0         Blade 1 X orientation angle, node 11, rad
        233    2.371E-01,  5.385E-01,  8.086E-01         F               0         Blade 1 Y orientation angle, node 11, rad
        234    1.114E-01, -8.419E-01,  5.280E-01         F               0         Blade 1 Z orientation angle, node 11, rad
        235    9.674E-01, -2.977E-02, -2.515E-01         F               0         Blade 1 X orientation angle, node 12, rad
        236    2.275E-01,  5.388E-01,  8.111E-01         F               0         Blade 1 Y orientation angle, node 12, rad
        237    1.114E-01, -8.419E-01,  5.280E-01         F               0         Blade 1 Z orientation angle, node 12, rad
        238    9.693E-01, -2.507E-02, -2.445E-01         F               0         Blade 1 X orientation angle, node 13, rad
        239    2.190E-01,  5.391E-01,  8.133E-01         F               0         Blade 1 Y orientation angle, node 13, rad
        240    1.114E-01, -8.419E-01,  5.280E-01         F               0         Blade 1 Z orientation angle, node 13, rad
        241    9.710E-01, -2.083E-02, -2.381E-01         F               0         Blade 1 X orientation angle, node 14, rad
        242    2.114E-01,  5.392E-01,  8.152E-01         F               0         Blade 1 Y orientation angle, node 14, rad
        243    1.114E-01, -8.419E-01,  5.280E-01         F               0         Blade 1 Z orientation angle, node 14, rad
        244    9.725E-01, -1.707E-02, -2.324E-01         F               0         Blade 1 X orientation angle, node 15, rad
        245    2.046E-01,  5.394E-01,  8.168E-01         F               0         Blade 1 Y orientation angle, node 15, rad
        246    1.114E-01, -8.419E-01,  5.280E-01         F               0         Blade 1 Z orientation angle, node 15, rad
        247    9.737E-01, -1.368E-02, -2.272E-01         F               0         Blade 1 X orientation angle, node 16, rad
        248    1.985E-01,  5.395E-01,  8.183E-01         F               0         Blade 1 Y orientation angle, node 16, rad
        249    1.114E-01, -8.419E-01,  5.280E-01         F               0         Blade 1 Z orientation angle, node 16, rad
        250    9.748E-01, -1.066E-02, -2.227E-01         F               0         Blade 1 X orientation angle, node 17, rad
        251    1.931E-01,  5.395E-01,  8.195E-01         F               0         Blade 1 Y orientation angle, node 17, rad
        252    1.114E-01, -8.419E-01,  5.280E-01         F               0         Blade 1 Z orientation angle, node 17, rad
        253    9.758E-01, -7.839E-03, -2.184E-01         F               0         Blade 1 X orientation angle, node 18, rad
        254    1.880E-01,  5.396E-01,  8.207E-01         F               0         Blade 1 Y orientation angle, node 18, rad
        255    1.114E-01, -8.419E-01,  5.280E-01         F               0         Blade 1 Z orientation angle, node 18, rad
        256    9.767E-01, -5.296E-03, -2.145E-01         F               0         Blade 1 X orientation angle, node 19, rad
        257    1.834E-01,  5.396E-01,  8.217E-01         F               0         Blade 1 Y orientation angle, node 19, rad
        258    1.114E-01, -8.419E-01,  5.280E-01         F               0         Blade 1 Z orientation angle, node 19, rad
        259    9.775E-01, -3.036E-03, -2.110E-01         F               0         Blade 1 X orientation angle, node 20, rad
        260    1.793E-01,  5.396E-01,  8.226E-01         F               0         Blade 1 Y orientation angle, node 20, rad
        261    1.114E-01, -8.419E-01,  5.280E-01         F               0         Blade 1 Z orientation angle, node 20, rad
        262    9.782E-01, -8.696E-04, -2.077E-01         F               0         Blade 1 X orientation angle, node 21, rad
        263    1.754E-01,  5.396E-01,  8.234E-01         F               0         Blade 1 Y orientation angle, node 21, rad
        264    1.114E-01, -8.419E-01,  5.280E-01         F               0         Blade 1 Z orientation angle, node 21, rad
        265    9.788E-01,  1.108E-03, -2.047E-01         F               0         Blade 1 X orientation angle, node 22, rad
        266    1.718E-01,  5.396E-01,  8.242E-01         F               0         Blade 1 Y orientation angle, node 22, rad
        267    1.114E-01, -8.419E-01,  5.280E-01         F               0         Blade 1 Z orientation angle, node 22, rad
        268    9.794E-01,  2.898E-03, -2.020E-01         F               0         Blade 1 X orientation angle, node 23, rad
        269    1.685E-01,  5.396E-01,  8.249E-01         F               0         Blade 1 Y orientation angle, node 23, rad
        270    1.114E-01, -8.419E-01,  5.280E-01         F               0         Blade 1 Z orientation angle, node 23, rad
        271    9.799E-01,  4.593E-03, -1.994E-01         F               0         Blade 1 X orientation angle, node 24, rad
        272    1.654E-01,  5.396E-01,  8.255E-01         F               0         Blade 1 Y orientation angle, node 24, rad
        273    1.114E-01, -8.419E-01,  5.280E-01         F               0         Blade 1 Z orientation angle, node 24, rad
        274    9.804E-01,  6.194E-03, -1.969E-01         F               0         Blade 1 X orientation angle, node 25, rad
        275    1.625E-01,  5.396E-01,  8.261E-01         F               0         Blade 1 Y orientation angle, node 25, rad
        276    1.114E-01, -8.419E-01,  5.280E-01         F               0         Blade 1 Z orientation angle, node 25, rad
        277    9.808E-01,  7.607E-03, -1.948E-01         F               0         Blade 1 X orientation angle, node 26, rad
        278    1.600E-01,  5.396E-01,  8.266E-01         F               0         Blade 1 Y orientation angle, node 26, rad
        279    1.114E-01, -8.419E-01,  5.280E-01         F               0         Blade 1 Z orientation angle, node 26, rad
        280    9.812E-01,  9.019E-03, -1.926E-01         F               0         Blade 1 X orientation angle, node 27, rad
        281    1.574E-01,  5.396E-01,  8.271E-01         F               0         Blade 1 Y orientation angle, node 27, rad
        282    1.114E-01, -8.419E-01,  5.280E-01         F               0         Blade 1 Z orientation angle, node 27, rad
        283    9.815E-01,  9.773E-03, -1.915E-01         F               0         Blade 1 X orientation angle, node 28, rad
        284    1.560E-01,  5.396E-01,  8.274E-01         F               0         Blade 1 Y orientation angle, node 28, rad
        285    1.114E-01, -8.419E-01,  5.280E-01         F               0         Blade 1 Z orientation angle, node 28, rad
        286   -6.165E-01                                 F               0         Blade 1 X translation velocity, node 1, m/s
        287   -2.107E+00                                 F               0         Blade 1 Y translation velocity, node 1, m/s
        288   -3.244E+00                                 F               0         Blade 1 Z translation velocity, node 1, m/s
        289   -7.649E-01                                 F               0         Blade 1 X translation velocity, node 2, m/s
        290   -2.617E+00                                 F               0         Blade 1 Y translation velocity, node 2, m/s
        291   -4.025E+00                                 F               0         Blade 1 Z translation velocity, node 2, m/s
        292   -2.784E+00                                 F               0         Blade 1 X translation velocity, node 3, m/s
        293   -9.545E+00                                 F               0         Blade 1 Y translation velocity, node 3, m/s
        294   -1.464E+01                                 F               0         Blade 1 Z translation velocity, node 3, m/s
        295   -3.214E+00                                 F               0         Blade 1 X translation velocity, node 4, m/s
        296   -1.102E+01                                 F               0         Blade 1 Y translation velocity, node 4, m/s
        297   -1.691E+01                                 F               0         Blade 1 Z translation velocity, node 4, m/s
        298   -3.644E+00                                 F               0         Blade 1 X translation velocity, node 5, m/s
        299   -1.250E+01                                 F               0         Blade 1 Y translation velocity, node 5, m/s
        300   -1.917E+01                                 F               0         Blade 1 Z translation velocity, node 5, m/s
        301   -4.074E+00                                 F               0         Blade 1 X translation velocity, node 6, m/s
        302   -1.397E+01                                 F               0         Blade 1 Y translation velocity, node 6, m/s
        303   -2.143E+01                                 F               0         Blade 1 Z translation velocity, node 6, m/s
        304   -4.504E+00                                 F               0         Blade 1 X translation velocity, node 7, m/s
        305   -1.545E+01                                 F               0         Blade 1 Y translation velocity, node 7, m/s
        306   -2.370E+01                                 F               0         Blade 1 Z translation velocity, node 7, m/s
        307   -4.935E+00                                 F               0         Blade 1 X translation velocity, node 8, m/s
