
Linearized model: Predictions were generated on 08-Jan-2024 at 09:43:14 using OpenFAST, compiled as a 64-bit application using single precision at commit v3.5.1
 linked with  NWTC Subroutine Library; ElastoDyn; InflowWind; AeroDyn; ServoDyn; HydroDyn; MoorDyn (v2.0.0, 2023-09-18)

Description from the FAST input file: CCT-9 Campign 4 model. Input files to be run with OpenFAST 3.5.0. GitHub branch from Lu Wang (https://github.com/luwang00/openfast/tree/dev) compiled on March 7, 2023.

Simulation information:
   Simulation time:                  1007.2250 s
   Rotor Speed:                         0.7078 rad/s
   Azimuth:                             4.2991 rad
   Wind Speed:                          8.0000 m/s
   Number of continuous states:         0
   Number of discrete states:           0
   Number of constraint states:         0
   Number of inputs:                 1746
   Number of outputs:                   4
   Jacobians included in this file?    No

Order of inputs:
     Column   Operating Point                     Rotating Frame? Derivative Order Description
   ---------- ---------------                     --------------- ---------------- -----------
          1    7.250E+00                                 F               0         Tower X translation displacement, node 1, m
          2   -1.278E+00                                 F               0         Tower Y translation displacement, node 1, m
          3   -1.651E-01                                 F               0         Tower Z translation displacement, node 1, m
          4    8.292E+00                                 F               0         Tower X translation displacement, node 2, m
          5   -1.819E+00                                 F               0         Tower Y translation displacement, node 2, m
          6   -2.210E-01                                 F               0         Tower Z translation displacement, node 2, m
          7    9.350E+00                                 F               0         Tower X translation displacement, node 3, m
          8   -2.365E+00                                 F               0         Tower Y translation displacement, node 3, m
          9   -2.785E-01                                 F               0         Tower Z translation displacement, node 3, m
         10    1.042E+01                                 F               0         Tower X translation displacement, node 4, m
         11   -2.915E+00                                 F               0         Tower Y translation displacement, node 4, m
         12   -3.372E-01                                 F               0         Tower Z translation displacement, node 4, m
         13    1.150E+01                                 F               0         Tower X translation displacement, node 5, m
         14   -3.469E+00                                 F               0         Tower Y translation displacement, node 5, m
         15   -3.969E-01                                 F               0         Tower Z translation displacement, node 5, m
         16    1.259E+01                                 F               0         Tower X translation displacement, node 6, m
         17   -4.026E+00                                 F               0         Tower Y translation displacement, node 6, m
         18   -4.573E-01                                 F               0         Tower Z translation displacement, node 6, m
         19    1.368E+01                                 F               0         Tower X translation displacement, node 7, m
         20   -4.585E+00                                 F               0         Tower Y translation displacement, node 7, m
         21   -5.183E-01                                 F               0         Tower Z translation displacement, node 7, m
         22    1.477E+01                                 F               0         Tower X translation displacement, node 8, m
         23   -5.146E+00                                 F               0         Tower Y translation displacement, node 8, m
         24   -5.798E-01                                 F               0         Tower Z translation displacement, node 8, m
         25    1.587E+01                                 F               0         Tower X translation displacement, node 9, m
         26   -5.709E+00                                 F               0         Tower Y translation displacement, node 9, m
         27   -6.415E-01                                 F               0         Tower Z translation displacement, node 9, m
         28    1.697E+01                                 F               0         Tower X translation displacement, node 10, m
         29   -6.272E+00                                 F               0         Tower Y translation displacement, node 10, m
         30   -7.035E-01                                 F               0         Tower Z translation displacement, node 10, m
         31    1.807E+01                                 F               0         Tower X translation displacement, node 11, m
         32   -6.836E+00                                 F               0         Tower Y translation displacement, node 11, m
         33   -7.655E-01                                 F               0         Tower Z translation displacement, node 11, m
         34    9.965E-01,  4.122E-03, -8.374E-02         F               0         Tower X orientation angle, node 1, rad
         35   -4.505E-04,  9.990E-01,  4.381E-02         F               0         Tower Y orientation angle, node 1, rad
         36    8.384E-02, -4.362E-02,  9.955E-01         F               0         Tower Z orientation angle, node 1, rad
         37    9.964E-01,  4.175E-03, -8.494E-02         F               0         Tower X orientation angle, node 2, rad
         38   -4.169E-04,  9.990E-01,  4.421E-02         F               0         Tower Y orientation angle, node 2, rad
         39    8.504E-02, -4.401E-02,  9.954E-01         F               0         Tower Z orientation angle, node 2, rad
         40    9.963E-01,  4.221E-03, -8.598E-02         F               0         Tower X orientation angle, node 3, rad
         41   -3.863E-04,  9.990E-01,  4.456E-02         F               0         Tower Y orientation angle, node 3, rad
         42    8.608E-02, -4.437E-02,  9.953E-01         F               0         Tower Z orientation angle, node 3, rad
         43    9.962E-01,  4.259E-03, -8.684E-02         F               0         Tower X orientation angle, node 4, rad
         44   -3.594E-04,  9.990E-01,  4.488E-02         F               0         Tower Y orientation angle, node 4, rad
         45    8.694E-02, -4.467E-02,  9.952E-01         F               0         Tower Z orientation angle, node 4, rad
         46    9.962E-01,  4.290E-03, -8.752E-02         F               0         Tower X orientation angle, node 5, rad
         47   -3.361E-04,  9.990E-01,  4.514E-02         F               0         Tower Y orientation angle, node 5, rad
         48    8.762E-02, -4.494E-02,  9.951E-01         F               0         Tower Z orientation angle, node 5, rad
         49    9.961E-01,  4.314E-03, -8.804E-02         F               0         Tower X orientation angle, node 6, rad
         50   -3.164E-04,  9.990E-01,  4.536E-02         F               0         Tower Y orientation angle, node 6, rad
         51    8.814E-02, -4.516E-02,  9.951E-01         F               0         Tower Z orientation angle, node 6, rad
         52    9.961E-01,  4.331E-03, -8.841E-02         F               0         Tower X orientation angle, node 7, rad
         53   -3.007E-04,  9.990E-01,  4.554E-02         F               0         Tower Y orientation angle, node 7, rad
         54    8.852E-02, -4.534E-02,  9.950E-01         F               0         Tower Z orientation angle, node 7, rad
         55    9.961E-01,  4.342E-03, -8.867E-02         F               0         Tower X orientation angle, node 8, rad
         56   -2.884E-04,  9.990E-01,  4.568E-02         F               0         Tower Y orientation angle, node 8, rad
         57    8.877E-02, -4.548E-02,  9.950E-01         F               0         Tower Z orientation angle, node 8, rad
         58    9.960E-01,  4.350E-03, -8.883E-02         F               0         Tower X orientation angle, node 9, rad
         59   -2.795E-04,  9.990E-01,  4.578E-02         F               0         Tower Y orientation angle, node 9, rad
         60    8.893E-02, -4.558E-02,  9.950E-01         F               0         Tower Z orientation angle, node 9, rad
         61    9.960E-01,  4.354E-03, -8.892E-02         F               0         Tower X orientation angle, node 10, rad
         62   -2.736E-04,  9.989E-01,  4.585E-02         F               0         Tower Y orientation angle, node 10, rad
         63    8.902E-02, -4.564E-02,  9.950E-01         F               0         Tower Z orientation angle, node 10, rad
         64    9.960E-01,  4.356E-03, -8.896E-02         F               0         Tower X orientation angle, node 11, rad
         65   -2.704E-04,  9.989E-01,  4.589E-02         F               0         Tower Y orientation angle, node 11, rad
         66    8.906E-02, -4.568E-02,  9.950E-01         F               0         Tower Z orientation angle, node 11, rad
         67   -1.748E-04                                 F               0         Tower X translation velocity, node 1, m/s
         68   -1.032E-03                                 F               0         Tower Y translation velocity, node 1, m/s
         69   -1.609E-03                                 F               0         Tower Z translation velocity, node 1, m/s
         70   -1.834E-04                                 F               0         Tower X translation velocity, node 2, m/s
         71   -1.141E-03                                 F               0         Tower Y translation velocity, node 2, m/s
         72   -1.613E-03                                 F               0         Tower Z translation velocity, node 2, m/s
         73   -2.055E-04                                 F               0         Tower X translation velocity, node 3, m/s
         74   -1.236E-03                                 F               0         Tower Y translation velocity, node 3, m/s
         75   -1.616E-03                                 F               0         Tower Z translation velocity, node 3, m/s
         76   -2.396E-04                                 F               0         Tower X translation velocity, node 4, m/s
         77   -1.321E-03                                 F               0         Tower Y translation velocity, node 4, m/s
         78   -1.616E-03                                 F               0         Tower Z translation velocity, node 4, m/s
         79   -2.855E-04                                 F               0         Tower X translation velocity, node 5, m/s
         80   -1.395E-03                                 F               0         Tower Y translation velocity, node 5, m/s
         81   -1.616E-03                                 F               0         Tower Z translation velocity, node 5, m/s
         82   -3.426E-04                                 F               0         Tower X translation velocity, node 6, m/s
         83   -1.460E-03                                 F               0         Tower Y translation velocity, node 6, m/s
         84   -1.614E-03                                 F               0         Tower Z translation velocity, node 6, m/s
         85   -4.093E-04                                 F               0         Tower X translation velocity, node 7, m/s
         86   -1.518E-03                                 F               0         Tower Y translation velocity, node 7, m/s
         87   -1.610E-03                                 F               0         Tower Z translation velocity, node 7, m/s
         88   -4.854E-04                                 F               0         Tower X translation velocity, node 8, m/s
         89   -1.568E-03                                 F               0         Tower Y translation velocity, node 8, m/s
         90   -1.606E-03                                 F               0         Tower Z translation velocity, node 8, m/s
         91   -5.695E-04                                 F               0         Tower X translation velocity, node 9, m/s
         92   -1.613E-03                                 F               0         Tower Y translation velocity, node 9, m/s
         93   -1.600E-03                                 F               0         Tower Z translation velocity, node 9, m/s
         94   -6.596E-04                                 F               0         Tower X translation velocity, node 10, m/s
         95   -1.654E-03                                 F               0         Tower Y translation velocity, node 10, m/s
         96   -1.594E-03                                 F               0         Tower Z translation velocity, node 10, m/s
         97   -7.538E-04                                 F               0         Tower X translation velocity, node 11, m/s
         98   -1.693E-03                                 F               0         Tower Y translation velocity, node 11, m/s
         99   -1.588E-03                                 F               0         Tower Z translation velocity, node 11, m/s
        100    1.881E+01                                 F               0         Hub X translation displacement, node 1, m
        101   -7.242E+00                                 F               0         Hub Y translation displacement, node 1, m
        102    1.559E-01                                 F               0         Hub Z translation displacement, node 1, m
        103    9.813E-01,  9.107E-03, -1.925E-01         F               0         Hub X orientation angle, node 1, rad
        104   -1.764E-01, -3.600E-01, -9.161E-01         F               0         Hub Y orientation angle, node 1, rad
        105   -7.763E-02,  9.329E-01, -3.516E-01         F               0         Hub Z orientation angle, node 1, rad
        106    6.945E-01                                 F               0         Hub X rotation velocity, node 1, rad/s
        107    6.438E-03                                 F               0         Hub Y rotation velocity, node 1, rad/s
        108   -1.362E-01                                 F               0         Hub Z rotation velocity, node 1, rad/s
        109    9.861E-01,  1.978E-02, -1.652E-01         F               0         Blade root 1 X orientation angle, node 1, rad
        110   -1.472E-01, -3.596E-01, -9.214E-01         F               0         Blade root 1 Y orientation angle, node 1, rad
        111   -7.763E-02,  9.329E-01, -3.516E-01         F               0         Blade root 1 Z orientation angle, node 1, rad
        112    9.802E-01, -2.021E-02, -1.969E-01         F               0         Blade root 2 X orientation angle, node 1, rad
        113    5.005E-02,  9.878E-01,  1.478E-01         F               0         Blade root 2 Y orientation angle, node 1, rad
        114    1.915E-01, -1.547E-01,  9.692E-01         F               0         Blade root 2 Z orientation angle, node 1, rad
        115    9.762E-01,  2.773E-02, -2.150E-01         F               0         Blade root 3 X orientation angle, node 1, rad
        116    1.844E-01, -6.274E-01,  7.565E-01         F               0         Blade root 3 Y orientation angle, node 1, rad
        117   -1.139E-01, -7.782E-01, -6.176E-01         F               0         Blade root 3 Z orientation angle, node 1, rad
        118    1.780E+01                                 F               0         Blade 1 X translation displacement, node 1, m
        119   -2.074E+00                                 F               0         Blade 1 Y translation displacement, node 1, m
        120   -7.302E+00                                 F               0         Blade 1 Z translation displacement, node 1, m
        121    1.756E+01                                 F               0         Blade 1 X translation displacement, node 2, m
        122   -8.284E-01                                 F               0         Blade 1 Y translation displacement, node 2, m
        123   -9.099E+00                                 F               0         Blade 1 Z translation displacement, node 2, m
        124    1.425E+01                                 F               0         Blade 1 X translation displacement, node 3, m
        125    1.611E+01                                 F               0         Blade 1 Y translation displacement, node 3, m
        126   -3.353E+01                                 F               0         Blade 1 Z translation displacement, node 3, m
        127    1.355E+01                                 F               0         Blade 1 X translation displacement, node 4, m
        128    1.971E+01                                 F               0         Blade 1 Y translation displacement, node 4, m
        129   -3.874E+01                                 F               0         Blade 1 Z translation displacement, node 4, m
        130    1.284E+01                                 F               0         Blade 1 X translation displacement, node 5, m
        131    2.332E+01                                 F               0         Blade 1 Y translation displacement, node 5, m
        132   -4.395E+01                                 F               0         Blade 1 Z translation displacement, node 5, m
        133    1.214E+01                                 F               0         Blade 1 X translation displacement, node 6, m
        134    2.693E+01                                 F               0         Blade 1 Y translation displacement, node 6, m
        135   -4.915E+01                                 F               0         Blade 1 Z translation displacement, node 6, m
        136    1.143E+01                                 F               0         Blade 1 X translation displacement, node 7, m
        137    3.054E+01                                 F               0         Blade 1 Y translation displacement, node 7, m
        138   -5.436E+01                                 F               0         Blade 1 Z translation displacement, node 7, m
        139    1.073E+01                                 F               0         Blade 1 X translation displacement, node 8, m
        140    3.415E+01                                 F               0         Blade 1 Y translation displacement, node 8, m
        141   -5.957E+01                                 F               0         Blade 1 Z translation displacement, node 8, m
        142    1.003E+01                                 F               0         Blade 1 X translation displacement, node 9, m
        143    3.776E+01                                 F               0         Blade 1 Y translation displacement, node 9, m
        144   -6.477E+01                                 F               0         Blade 1 Z translation displacement, node 9, m
        145    9.321E+00                                 F               0         Blade 1 X translation displacement, node 10, m
        146    4.136E+01                                 F               0         Blade 1 Y translation displacement, node 10, m
        147   -6.998E+01                                 F               0         Blade 1 Z translation displacement, node 10, m
        148    8.616E+00                                 F               0         Blade 1 X translation displacement, node 11, m
        149    4.497E+01                                 F               0         Blade 1 Y translation displacement, node 11, m
        150   -7.519E+01                                 F               0         Blade 1 Z translation displacement, node 11, m
        151    7.912E+00                                 F               0         Blade 1 X translation displacement, node 12, m
        152    4.858E+01                                 F               0         Blade 1 Y translation displacement, node 12, m
        153   -8.039E+01                                 F               0         Blade 1 Z translation displacement, node 12, m
        154    7.207E+00                                 F               0         Blade 1 X translation displacement, node 13, m
        155    5.219E+01                                 F               0         Blade 1 Y translation displacement, node 13, m
        156   -8.560E+01                                 F               0         Blade 1 Z translation displacement, node 13, m
        157    6.503E+00                                 F               0         Blade 1 X translation displacement, node 14, m
        158    5.580E+01                                 F               0         Blade 1 Y translation displacement, node 14, m
        159   -9.081E+01                                 F               0         Blade 1 Z translation displacement, node 14, m
        160    5.798E+00                                 F               0         Blade 1 X translation displacement, node 15, m
        161    5.941E+01                                 F               0         Blade 1 Y translation displacement, node 15, m
        162   -9.601E+01                                 F               0         Blade 1 Z translation displacement, node 15, m
        163    5.094E+00                                 F               0         Blade 1 X translation displacement, node 16, m
        164    6.301E+01                                 F               0         Blade 1 Y translation displacement, node 16, m
        165   -1.012E+02                                 F               0         Blade 1 Z translation displacement, node 16, m
        166    4.389E+00                                 F               0         Blade 1 X translation displacement, node 17, m
        167    6.662E+01                                 F               0         Blade 1 Y translation displacement, node 17, m
        168   -1.064E+02                                 F               0         Blade 1 Z translation displacement, node 17, m
        169    3.685E+00                                 F               0         Blade 1 X translation displacement, node 18, m
        170    7.023E+01                                 F               0         Blade 1 Y translation displacement, node 18, m
        171   -1.116E+02                                 F               0         Blade 1 Z translation displacement, node 18, m
        172    2.980E+00                                 F               0         Blade 1 X translation displacement, node 19, m
        173    7.384E+01                                 F               0         Blade 1 Y translation displacement, node 19, m
        174   -1.168E+02                                 F               0         Blade 1 Z translation displacement, node 19, m
        175    2.276E+00                                 F               0         Blade 1 X translation displacement, node 20, m
        176    7.745E+01                                 F               0         Blade 1 Y translation displacement, node 20, m
        177   -1.220E+02                                 F               0         Blade 1 Z translation displacement, node 20, m
        178    1.571E+00                                 F               0         Blade 1 X translation displacement, node 21, m
        179    8.105E+01                                 F               0         Blade 1 Y translation displacement, node 21, m
        180   -1.273E+02                                 F               0         Blade 1 Z translation displacement, node 21, m
        181    8.664E-01                                 F               0         Blade 1 X translation displacement, node 22, m
        182    8.466E+01                                 F               0         Blade 1 Y translation displacement, node 22, m
        183   -1.325E+02                                 F               0         Blade 1 Z translation displacement, node 22, m
        184    1.619E-01                                 F               0         Blade 1 X translation displacement, node 23, m
        185    8.827E+01                                 F               0         Blade 1 Y translation displacement, node 23, m
        186   -1.377E+02                                 F               0         Blade 1 Z translation displacement, node 23, m
        187   -5.426E-01                                 F               0         Blade 1 X translation displacement, node 24, m
        188    9.188E+01                                 F               0         Blade 1 Y translation displacement, node 24, m
        189   -1.429E+02                                 F               0         Blade 1 Z translation displacement, node 24, m
        190   -1.247E+00                                 F               0         Blade 1 X translation displacement, node 25, m
        191    9.549E+01                                 F               0         Blade 1 Y translation displacement, node 25, m
        192   -1.481E+02                                 F               0         Blade 1 Z translation displacement, node 25, m
        193   -1.952E+00                                 F               0         Blade 1 X translation displacement, node 26, m
        194    9.910E+01                                 F               0         Blade 1 Y translation displacement, node 26, m
        195   -1.533E+02                                 F               0         Blade 1 Z translation displacement, node 26, m
        196   -2.656E+00                                 F               0         Blade 1 X translation displacement, node 27, m
        197    1.027E+02                                 F               0         Blade 1 Y translation displacement, node 27, m
        198   -1.585E+02                                 F               0         Blade 1 Z translation displacement, node 27, m
        199   -3.253E+00                                 F               0         Blade 1 X translation displacement, node 28, m
        200    1.058E+02                                 F               0         Blade 1 Y translation displacement, node 28, m
        201   -1.629E+02                                 F               0         Blade 1 Z translation displacement, node 28, m
        202    9.447E-01,  1.816E-01,  2.732E-01         F               0         Blade 1 X orientation angle, node 1, rad
        203    3.187E-01, -3.110E-01, -8.954E-01         F               0         Blade 1 Y orientation angle, node 1, rad
        204   -7.763E-02,  9.329E-01, -3.516E-01         F               0         Blade 1 Z orientation angle, node 1, rad
        205    9.447E-01,  1.816E-01,  2.732E-01         F               0         Blade 1 X orientation angle, node 2, rad
        206    3.187E-01, -3.110E-01, -8.954E-01         F               0         Blade 1 Y orientation angle, node 2, rad
        207   -7.763E-02,  9.329E-01, -3.516E-01         F               0         Blade 1 Z orientation angle, node 2, rad
        208    9.933E-01,  1.027E-01,  5.316E-02         F               0         Blade 1 X orientation angle, node 3, rad
        209    8.570E-02, -3.451E-01, -9.346E-01         F               0         Blade 1 Y orientation angle, node 3, rad
        210   -7.763E-02,  9.329E-01, -3.516E-01         F               0         Blade 1 Z orientation angle, node 3, rad
        211    9.960E-01,  8.802E-02,  1.365E-02         F               0         Blade 1 X orientation angle, node 4, rad
        212    4.368E-02, -3.492E-01, -9.360E-01         F               0         Blade 1 Y orientation angle, node 4, rad
        213   -7.763E-02,  9.329E-01, -3.516E-01         F               0         Blade 1 Z orientation angle, node 4, rad
        214    9.969E-01,  7.640E-02, -1.740E-02         F               0         Blade 1 X orientation angle, node 5, rad
        215    1.064E-02, -3.519E-01, -9.360E-01         F               0         Blade 1 Y orientation angle, node 5, rad
        216   -7.763E-02,  9.329E-01, -3.516E-01         F               0         Blade 1 Z orientation angle, node 5, rad
        217    9.969E-01,  6.704E-02, -4.222E-02         F               0         Blade 1 X orientation angle, node 6, rad
        218   -1.581E-02, -3.538E-01, -9.352E-01         F               0         Blade 1 Y orientation angle, node 6, rad
        219   -7.763E-02,  9.329E-01, -3.516E-01         F               0         Blade 1 Z orientation angle, node 6, rad
        220    9.963E-01,  5.930E-02, -6.261E-02         F               0         Blade 1 X orientation angle, node 7, rad
        221   -3.755E-02, -3.552E-01, -9.340E-01         F               0         Blade 1 Y orientation angle, node 7, rad
        222   -7.763E-02,  9.329E-01, -3.516E-01         F               0         Blade 1 Z orientation angle, node 7, rad
        223    9.954E-01,  5.285E-02, -7.955E-02         F               0         Blade 1 X orientation angle, node 8, rad
        224   -5.563E-02, -3.562E-01, -9.328E-01         F               0         Blade 1 Y orientation angle, node 8, rad
        225   -7.763E-02,  9.329E-01, -3.516E-01         F               0         Blade 1 Z orientation angle, node 8, rad
        226    9.945E-01,  4.737E-02, -9.387E-02         F               0         Blade 1 X orientation angle, node 9, rad
        227   -7.091E-02, -3.570E-01, -9.314E-01         F               0         Blade 1 Y orientation angle, node 9, rad
        228   -7.763E-02,  9.329E-01, -3.516E-01         F               0         Blade 1 Z orientation angle, node 9, rad
        229    9.934E-01,  4.263E-02, -1.062E-01         F               0         Blade 1 X orientation angle, node 10, rad
        230   -8.410E-02, -3.576E-01, -9.301E-01         F               0         Blade 1 Y orientation angle, node 10, rad
        231   -7.763E-02,  9.329E-01, -3.516E-01         F               0         Blade 1 Z orientation angle, node 10, rad
        232    9.924E-01,  3.857E-02, -1.168E-01         F               0         Blade 1 X orientation angle, node 11, rad
        233   -9.536E-02, -3.580E-01, -9.288E-01         F               0         Blade 1 Y orientation angle, node 11, rad
        234   -7.763E-02,  9.329E-01, -3.516E-01         F               0         Blade 1 Z orientation angle, node 11, rad
        235    9.914E-01,  3.501E-02, -1.260E-01         F               0         Blade 1 X orientation angle, node 12, rad
        236   -1.052E-01, -3.584E-01, -9.276E-01         F               0         Blade 1 Y orientation angle, node 12, rad
        237   -7.763E-02,  9.329E-01, -3.516E-01         F               0         Blade 1 Z orientation angle, node 12, rad
        238    9.905E-01,  3.188E-02, -1.341E-01         F               0         Blade 1 X orientation angle, node 13, rad
        239   -1.139E-01, -3.587E-01, -9.265E-01         F               0         Blade 1 Y orientation angle, node 13, rad
        240   -7.763E-02,  9.329E-01, -3.516E-01         F               0         Blade 1 Z orientation angle, node 13, rad
        241    9.895E-01,  2.906E-02, -1.414E-01         F               0         Blade 1 X orientation angle, node 14, rad
        242   -1.217E-01, -3.589E-01, -9.254E-01         F               0         Blade 1 Y orientation angle, node 14, rad
        243   -7.763E-02,  9.329E-01, -3.516E-01         F               0         Blade 1 Z orientation angle, node 14, rad
        244    9.887E-01,  2.656E-02, -1.478E-01         F               0         Blade 1 X orientation angle, node 15, rad
        245   -1.286E-01, -3.591E-01, -9.244E-01         F               0         Blade 1 Y orientation angle, node 15, rad
        246   -7.763E-02,  9.329E-01, -3.516E-01         F               0         Blade 1 Z orientation angle, node 15, rad
        247    9.878E-01,  2.430E-02, -1.536E-01         F               0         Blade 1 X orientation angle, node 16, rad
        248   -1.348E-01, -3.593E-01, -9.234E-01         F               0         Blade 1 Y orientation angle, node 16, rad
        249   -7.763E-02,  9.329E-01, -3.516E-01         F               0         Blade 1 Z orientation angle, node 16, rad
        250    9.871E-01,  2.229E-02, -1.588E-01         F               0         Blade 1 X orientation angle, node 17, rad
        251   -1.403E-01, -3.594E-01, -9.226E-01         F               0         Blade 1 Y orientation angle, node 17, rad
        252   -7.763E-02,  9.329E-01, -3.516E-01         F               0         Blade 1 Z orientation angle, node 17, rad
        253    9.863E-01,  2.041E-02, -1.636E-01         F               0         Blade 1 X orientation angle, node 18, rad
        254   -1.454E-01, -3.595E-01, -9.217E-01         F               0         Blade 1 Y orientation angle, node 18, rad
        255   -7.763E-02,  9.329E-01, -3.516E-01         F               0         Blade 1 Z orientation angle, node 18, rad
        256    9.856E-01,  1.872E-02, -1.679E-01         F               0         Blade 1 X orientation angle, node 19, rad
        257   -1.501E-01, -3.596E-01, -9.210E-01         F               0         Blade 1 Y orientation angle, node 19, rad
        258   -7.763E-02,  9.329E-01, -3.516E-01         F               0         Blade 1 Z orientation angle, node 19, rad
        259    9.850E-01,  1.721E-02, -1.718E-01         F               0         Blade 1 X orientation angle, node 20, rad
        260   -1.542E-01, -3.597E-01, -9.202E-01         F               0         Blade 1 Y orientation angle, node 20, rad
        261   -7.763E-02,  9.329E-01, -3.516E-01         F               0         Blade 1 Z orientation angle, node 20, rad
        262    9.844E-01,  1.576E-02, -1.755E-01         F               0         Blade 1 X orientation angle, node 21, rad
        263   -1.582E-01, -3.598E-01, -9.195E-01         F               0         Blade 1 Y orientation angle, node 21, rad
        264   -7.763E-02,  9.329E-01, -3.516E-01         F               0         Blade 1 Z orientation angle, node 21, rad
        265    9.838E-01,  1.445E-02, -1.789E-01         F               0         Blade 1 X orientation angle, node 22, rad
        266   -1.618E-01, -3.598E-01, -9.189E-01         F               0         Blade 1 Y orientation angle, node 22, rad
        267   -7.763E-02,  9.329E-01, -3.516E-01         F               0         Blade 1 Z orientation angle, node 22, rad
        268    9.832E-01,  1.325E-02, -1.819E-01         F               0         Blade 1 X orientation angle, node 23, rad
        269   -1.650E-01, -3.599E-01, -9.183E-01         F               0         Blade 1 Y orientation angle, node 23, rad
        270   -7.763E-02,  9.329E-01, -3.516E-01         F               0         Blade 1 Z orientation angle, node 23, rad
        271    9.827E-01,  1.212E-02, -1.848E-01         F               0         Blade 1 X orientation angle, node 24, rad
        272   -1.681E-01, -3.599E-01, -9.177E-01         F               0         Blade 1 Y orientation angle, node 24, rad
        273   -7.763E-02,  9.329E-01, -3.516E-01         F               0         Blade 1 Z orientation angle, node 24, rad
        274    9.822E-01,  1.105E-02, -1.875E-01         F               0         Blade 1 X orientation angle, node 25, rad
        275   -1.710E-01, -3.599E-01, -9.172E-01         F               0         Blade 1 Y orientation angle, node 25, rad
        276   -7.763E-02,  9.329E-01, -3.516E-01         F               0         Blade 1 Z orientation angle, node 25, rad
        277    9.817E-01,  1.011E-02, -1.899E-01         F               0         Blade 1 X orientation angle, node 26, rad
        278   -1.736E-01, -3.600E-01, -9.167E-01         F               0         Blade 1 Y orientation angle, node 26, rad
        279   -7.763E-02,  9.329E-01, -3.516E-01         F               0         Blade 1 Z orientation angle, node 26, rad
        280    9.813E-01,  9.170E-03, -1.923E-01         F               0         Blade 1 X orientation angle, node 27, rad
        281   -1.762E-01, -3.600E-01, -9.162E-01         F               0         Blade 1 Y orientation angle, node 27, rad
        282   -7.763E-02,  9.329E-01, -3.516E-01         F               0         Blade 1 Z orientation angle, node 27, rad
        283    9.810E-01,  8.667E-03, -1.936E-01         F               0         Blade 1 X orientation angle, node 28, rad
        284   -1.776E-01, -3.600E-01, -9.159E-01         F               0         Blade 1 Y orientation angle, node 28, rad
        285   -7.763E-02,  9.329E-01, -3.516E-01         F               0         Blade 1 Z orientation angle, node 28, rad
        286    6.907E-01                                 F               0         Blade 1 X translation velocity, node 1, m/s
        287    1.410E+00                                 F               0         Blade 1 Y translation velocity, node 1, m/s
        288    3.591E+00                                 F               0         Blade 1 Z translation velocity, node 1, m/s
        289    8.574E-01                                 F               0         Blade 1 X translation velocity, node 2, m/s
        290    1.750E+00                                 F               0         Blade 1 Y translation velocity, node 2, m/s
        291    4.456E+00                                 F               0         Blade 1 Z translation velocity, node 2, m/s
        292    3.123E+00                                 F               0         Blade 1 X translation velocity, node 3, m/s
        293    6.375E+00                                 F               0         Blade 1 Y translation velocity, node 3, m/s
        294    1.623E+01                                 F               0         Blade 1 Z translation velocity, node 3, m/s
        295    3.606E+00                                 F               0         Blade 1 X translation velocity, node 4, m/s
        296    7.361E+00                                 F               0         Blade 1 Y translation velocity, node 4, m/s
        297    1.874E+01                                 F               0         Blade 1 Z translation velocity, node 4, m/s
        298    4.089E+00                                 F               0         Blade 1 X translation velocity, node 5, m/s
        299    8.346E+00                                 F               0         Blade 1 Y translation velocity, node 5, m/s
        300    2.124E+01                                 F               0         Blade 1 Z translation velocity, node 5, m/s
        301    4.572E+00                                 F               0         Blade 1 X translation velocity, node 6, m/s
        302    9.332E+00                                 F               0         Blade 1 Y translation velocity, node 6, m/s
        303    2.375E+01                                 F               0         Blade 1 Z translation velocity, node 6, m/s
        304    5.054E+00                                 F               0         Blade 1 X translation velocity, node 7, m/s
        305    1.032E+01                                 F               0         Blade 1 Y translation velocity, node 7, m/s
        306    2.626E+01                                 F               0         Blade 1 Z translation velocity, node 7, m/s
        307    5.537E+00                                 F               0         Blade 1 X translation velocity, node 8, m/s
