
Linearized model: Predictions were generated on 08-Jan-2024 at 09:43:14 using OpenFAST, compiled as a 64-bit application using single precision at commit v3.5.1
 linked with  NWTC Subroutine Library; ElastoDyn; InflowWind; AeroDyn; ServoDyn; HydroDyn; MoorDyn (v2.0.0, 2023-09-18)

Description from the FAST input file: CCT-9 Campign 4 model. Input files to be run with OpenFAST 3.5.0. GitHub branch from Lu Wang (https://github.com/luwang00/openfast/tree/dev) compiled on March 7, 2023.

Simulation information:
   Simulation time:                  1006.9750 s
   Rotor Speed:                         0.7078 rad/s
   Azimuth:                             4.1222 rad
   Wind Speed:                          8.0000 m/s
   Number of continuous states:         0
   Number of discrete states:           0
   Number of constraint states:         0
   Number of inputs:                 1746
   Number of outputs:                   4
   Jacobians included in this file?    No

Order of inputs:
     Column   Operating Point                     Rotating Frame? Derivative Order Description
   ---------- ---------------                     --------------- ---------------- -----------
          1    7.250E+00                                 F               0         Tower X translation displacement, node 1, m
          2   -1.278E+00                                 F               0         Tower Y translation displacement, node 1, m
          3   -1.647E-01                                 F               0         Tower Z translation displacement, node 1, m
          4    8.292E+00                                 F               0         Tower X translation displacement, node 2, m
          5   -1.819E+00                                 F               0         Tower Y translation displacement, node 2, m
          6   -2.206E-01                                 F               0         Tower Z translation displacement, node 2, m
          7    9.350E+00                                 F               0         Tower X translation displacement, node 3, m
          8   -2.365E+00                                 F               0         Tower Y translation displacement, node 3, m
          9   -2.781E-01                                 F               0         Tower Z translation displacement, node 3, m
         10    1.042E+01                                 F               0         Tower X translation displacement, node 4, m
         11   -2.915E+00                                 F               0         Tower Y translation displacement, node 4, m
         12   -3.368E-01                                 F               0         Tower Z translation displacement, node 4, m
         13    1.150E+01                                 F               0         Tower X translation displacement, node 5, m
         14   -3.469E+00                                 F               0         Tower Y translation displacement, node 5, m
         15   -3.965E-01                                 F               0         Tower Z translation displacement, node 5, m
         16    1.259E+01                                 F               0         Tower X translation displacement, node 6, m
         17   -4.026E+00                                 F               0         Tower Y translation displacement, node 6, m
         18   -4.569E-01                                 F               0         Tower Z translation displacement, node 6, m
         19    1.368E+01                                 F               0         Tower X translation displacement, node 7, m
         20   -4.585E+00                                 F               0         Tower Y translation displacement, node 7, m
         21   -5.179E-01                                 F               0         Tower Z translation displacement, node 7, m
         22    1.477E+01                                 F               0         Tower X translation displacement, node 8, m
         23   -5.146E+00                                 F               0         Tower Y translation displacement, node 8, m
         24   -5.794E-01                                 F               0         Tower Z translation displacement, node 8, m
         25    1.587E+01                                 F               0         Tower X translation displacement, node 9, m
         26   -5.708E+00                                 F               0         Tower Y translation displacement, node 9, m
         27   -6.411E-01                                 F               0         Tower Z translation displacement, node 9, m
         28    1.697E+01                                 F               0         Tower X translation displacement, node 10, m
         29   -6.272E+00                                 F               0         Tower Y translation displacement, node 10, m
         30   -7.030E-01                                 F               0         Tower Z translation displacement, node 10, m
         31    1.807E+01                                 F               0         Tower X translation displacement, node 11, m
         32   -6.836E+00                                 F               0         Tower Y translation displacement, node 11, m
         33   -7.651E-01                                 F               0         Tower Z translation displacement, node 11, m
         34    9.965E-01,  4.121E-03, -8.374E-02         F               0         Tower X orientation angle, node 1, rad
         35   -4.500E-04,  9.990E-01,  4.381E-02         F               0         Tower Y orientation angle, node 1, rad
         36    8.384E-02, -4.362E-02,  9.955E-01         F               0         Tower Z orientation angle, node 1, rad
         37    9.964E-01,  4.174E-03, -8.494E-02         F               0         Tower X orientation angle, node 2, rad
         38   -4.164E-04,  9.990E-01,  4.421E-02         F               0         Tower Y orientation angle, node 2, rad
         39    8.504E-02, -4.401E-02,  9.954E-01         F               0         Tower Z orientation angle, node 2, rad
         40    9.963E-01,  4.220E-03, -8.598E-02         F               0         Tower X orientation angle, node 3, rad
         41   -3.858E-04,  9.990E-01,  4.456E-02         F               0         Tower Y orientation angle, node 3, rad
         42    8.608E-02, -4.436E-02,  9.953E-01         F               0         Tower Z orientation angle, node 3, rad
         43    9.962E-01,  4.258E-03, -8.684E-02         F               0         Tower X orientation angle, node 4, rad
         44   -3.588E-04,  9.990E-01,  4.487E-02         F               0         Tower Y orientation angle, node 4, rad
         45    8.694E-02, -4.467E-02,  9.952E-01         F               0         Tower Z orientation angle, node 4, rad
         46    9.962E-01,  4.289E-03, -8.752E-02         F               0         Tower X orientation angle, node 5, rad
         47   -3.355E-04,  9.990E-01,  4.514E-02         F               0         Tower Y orientation angle, node 5, rad
         48    8.762E-02, -4.494E-02,  9.951E-01         F               0         Tower Z orientation angle, node 5, rad
         49    9.961E-01,  4.313E-03, -8.804E-02         F               0         Tower X orientation angle, node 6, rad
         50   -3.159E-04,  9.990E-01,  4.536E-02         F               0         Tower Y orientation angle, node 6, rad
         51    8.815E-02, -4.516E-02,  9.951E-01         F               0         Tower Z orientation angle, node 6, rad
         52    9.961E-01,  4.330E-03, -8.841E-02         F               0         Tower X orientation angle, node 7, rad
         53   -3.001E-04,  9.990E-01,  4.554E-02         F               0         Tower Y orientation angle, node 7, rad
         54    8.852E-02, -4.534E-02,  9.950E-01         F               0         Tower Z orientation angle, node 7, rad
         55    9.961E-01,  4.342E-03, -8.867E-02         F               0         Tower X orientation angle, node 8, rad
         56   -2.878E-04,  9.990E-01,  4.568E-02         F               0         Tower Y orientation angle, node 8, rad
         57    8.877E-02, -4.547E-02,  9.950E-01         F               0         Tower Z orientation angle, node 8, rad
         58    9.960E-01,  4.349E-03, -8.883E-02         F               0         Tower X orientation angle, node 9, rad
         59   -2.789E-04,  9.990E-01,  4.578E-02         F               0         Tower Y orientation angle, node 9, rad
         60    8.893E-02, -4.558E-02,  9.950E-01         F               0         Tower Z orientation angle, node 9, rad
         61    9.960E-01,  4.353E-03, -8.892E-02         F               0         Tower X orientation angle, node 10, rad
         62   -2.730E-04,  9.989E-01,  4.585E-02         F               0         Tower Y orientation angle, node 10, rad
         63    8.902E-02, -4.564E-02,  9.950E-01         F               0         Tower Z orientation angle, node 10, rad
         64    9.960E-01,  4.355E-03, -8.896E-02         F               0         Tower X orientation angle, node 11, rad
         65   -2.698E-04,  9.989E-01,  4.589E-02         F               0         Tower Y orientation angle, node 11, rad
         66    8.906E-02, -4.568E-02,  9.950E-01         F               0         Tower Z orientation angle, node 11, rad
         67   -1.672E-04                                 F               0         Tower X translation velocity, node 1, m/s
         68   -9.890E-04                                 F               0         Tower Y translation velocity, node 1, m/s
         69   -1.786E-03                                 F               0         Tower Z translation velocity, node 1, m/s
         70   -1.721E-04                                 F               0         Tower X translation velocity, node 2, m/s
         71   -1.087E-03                                 F               0         Tower Y translation velocity, node 2, m/s
         72   -1.790E-03                                 F               0         Tower Z translation velocity, node 2, m/s
         73   -1.876E-04                                 F               0         Tower X translation velocity, node 3, m/s
         74   -1.173E-03                                 F               0         Tower Y translation velocity, node 3, m/s
         75   -1.793E-03                                 F               0         Tower Z translation velocity, node 3, m/s
         76   -2.127E-04                                 F               0         Tower X translation velocity, node 4, m/s
         77   -1.249E-03                                 F               0         Tower Y translation velocity, node 4, m/s
         78   -1.794E-03                                 F               0         Tower Z translation velocity, node 4, m/s
         79   -2.475E-04                                 F               0         Tower X translation velocity, node 5, m/s
         80   -1.317E-03                                 F               0         Tower Y translation velocity, node 5, m/s
         81   -1.794E-03                                 F               0         Tower Z translation velocity, node 5, m/s
         82   -2.915E-04                                 F               0         Tower X translation velocity, node 6, m/s
         83   -1.376E-03                                 F               0         Tower Y translation velocity, node 6, m/s
         84   -1.792E-03                                 F               0         Tower Z translation velocity, node 6, m/s
         85   -3.436E-04                                 F               0         Tower X translation velocity, node 7, m/s
         86   -1.428E-03                                 F               0         Tower Y translation velocity, node 7, m/s
         87   -1.790E-03                                 F               0         Tower Z translation velocity, node 7, m/s
         88   -4.037E-04                                 F               0         Tower X translation velocity, node 8, m/s
         89   -1.475E-03                                 F               0         Tower Y translation velocity, node 8, m/s
         90   -1.787E-03                                 F               0         Tower Z translation velocity, node 8, m/s
         91   -4.704E-04                                 F               0         Tower X translation velocity, node 9, m/s
         92   -1.516E-03                                 F               0         Tower Y translation velocity, node 9, m/s
         93   -1.783E-03                                 F               0         Tower Z translation velocity, node 9, m/s
         94   -5.424E-04                                 F               0         Tower X translation velocity, node 10, m/s
         95   -1.554E-03                                 F               0         Tower Y translation velocity, node 10, m/s
         96   -1.778E-03                                 F               0         Tower Z translation velocity, node 10, m/s
         97   -6.178E-04                                 F               0         Tower X translation velocity, node 11, m/s
         98   -1.590E-03                                 F               0         Tower Y translation velocity, node 11, m/s
         99   -1.773E-03                                 F               0         Tower Z translation velocity, node 11, m/s
        100    1.881E+01                                 F               0         Hub X translation displacement, node 1, m
        101   -7.242E+00                                 F               0         Hub Y translation displacement, node 1, m
        102    1.563E-01                                 F               0         Hub Z translation displacement, node 1, m
        103    9.813E-01,  9.106E-03, -1.925E-01         F               0         Hub X orientation angle, node 1, rad
        104   -1.599E-01, -5.186E-01, -8.399E-01         F               0         Hub Y orientation angle, node 1, rad
        105   -1.075E-01,  8.550E-01, -5.074E-01         F               0         Hub Z orientation angle, node 1, rad
        106    6.945E-01                                 F               0         Hub X rotation velocity, node 1, rad/s
        107    6.439E-03                                 F               0         Hub Y rotation velocity, node 1, rad/s
        108   -1.362E-01                                 F               0         Hub Z rotation velocity, node 1, rad/s
        109    9.856E-01,  2.449E-02, -1.675E-01         F               0         Blade root 1 X orientation angle, node 1, rad
        110   -1.308E-01, -5.181E-01, -8.453E-01         F               0         Blade root 1 Y orientation angle, node 1, rad
        111   -1.075E-01,  8.550E-01, -5.074E-01         F               0         Blade root 1 Z orientation angle, node 1, rad
        112    9.812E-01, -2.056E-02, -1.918E-01         F               0         Blade root 2 X orientation angle, node 1, rad
        113    1.602E-02,  9.996E-01, -2.516E-02         F               0         Blade root 2 Y orientation angle, node 1, rad
        114    1.922E-01,  2.161E-02,  9.811E-01         F               0         Blade root 2 Z orientation angle, node 1, rad
        115    9.757E-01,  2.338E-02, -2.179E-01         F               0         Blade root 3 X orientation angle, node 1, rad
        116    2.021E-01, -4.807E-01,  8.533E-01         F               0         Blade root 3 Y orientation angle, node 1, rad
        117   -8.478E-02, -8.766E-01, -4.737E-01         F               0         Blade root 3 Z orientation angle, node 1, rad
        118    1.764E+01                                 F               0         Blade 1 X translation displacement, node 1, m
        119   -2.505E+00                                 F               0         Blade 1 Y translation displacement, node 1, m
        120   -8.164E+00                                 F               0         Blade 1 Z translation displacement, node 1, m
        121    1.735E+01                                 F               0         Blade 1 X translation displacement, node 2, m
        122   -1.364E+00                                 F               0         Blade 1 Y translation displacement, node 2, m
        123   -1.017E+01                                 F               0         Blade 1 Z translation displacement, node 2, m
        124    1.351E+01                                 F               0         Blade 1 X translation displacement, node 3, m
        125    1.416E+01                                 F               0         Blade 1 Y translation displacement, node 3, m
        126   -3.743E+01                                 F               0         Blade 1 Z translation displacement, node 3, m
        127    1.269E+01                                 F               0         Blade 1 X translation displacement, node 4, m
        128    1.746E+01                                 F               0         Blade 1 Y translation displacement, node 4, m
        129   -4.324E+01                                 F               0         Blade 1 Z translation displacement, node 4, m
        130    1.187E+01                                 F               0         Blade 1 X translation displacement, node 5, m
        131    2.077E+01                                 F               0         Blade 1 Y translation displacement, node 5, m
        132   -4.905E+01                                 F               0         Blade 1 Z translation displacement, node 5, m
        133    1.105E+01                                 F               0         Blade 1 X translation displacement, node 6, m
        134    2.408E+01                                 F               0         Blade 1 Y translation displacement, node 6, m
        135   -5.486E+01                                 F               0         Blade 1 Z translation displacement, node 6, m
        136    1.023E+01                                 F               0         Blade 1 X translation displacement, node 7, m
        137    2.738E+01                                 F               0         Blade 1 Y translation displacement, node 7, m
        138   -6.067E+01                                 F               0         Blade 1 Z translation displacement, node 7, m
        139    9.407E+00                                 F               0         Blade 1 X translation displacement, node 8, m
        140    3.069E+01                                 F               0         Blade 1 Y translation displacement, node 8, m
        141   -6.648E+01                                 F               0         Blade 1 Z translation displacement, node 8, m
        142    8.587E+00                                 F               0         Blade 1 X translation displacement, node 9, m
        143    3.400E+01                                 F               0         Blade 1 Y translation displacement, node 9, m
        144   -7.229E+01                                 F               0         Blade 1 Z translation displacement, node 9, m
        145    7.767E+00                                 F               0         Blade 1 X translation displacement, node 10, m
        146    3.730E+01                                 F               0         Blade 1 Y translation displacement, node 10, m
        147   -7.810E+01                                 F               0         Blade 1 Z translation displacement, node 10, m
        148    6.947E+00                                 F               0         Blade 1 X translation displacement, node 11, m
        149    4.061E+01                                 F               0         Blade 1 Y translation displacement, node 11, m
        150   -8.390E+01                                 F               0         Blade 1 Z translation displacement, node 11, m
        151    6.127E+00                                 F               0         Blade 1 X translation displacement, node 12, m
        152    4.392E+01                                 F               0         Blade 1 Y translation displacement, node 12, m
        153   -8.971E+01                                 F               0         Blade 1 Z translation displacement, node 12, m
        154    5.307E+00                                 F               0         Blade 1 X translation displacement, node 13, m
        155    4.722E+01                                 F               0         Blade 1 Y translation displacement, node 13, m
        156   -9.552E+01                                 F               0         Blade 1 Z translation displacement, node 13, m
        157    4.487E+00                                 F               0         Blade 1 X translation displacement, node 14, m
        158    5.053E+01                                 F               0         Blade 1 Y translation displacement, node 14, m
        159   -1.013E+02                                 F               0         Blade 1 Z translation displacement, node 14, m
        160    3.667E+00                                 F               0         Blade 1 X translation displacement, node 15, m
        161    5.384E+01                                 F               0         Blade 1 Y translation displacement, node 15, m
        162   -1.071E+02                                 F               0         Blade 1 Z translation displacement, node 15, m
        163    2.847E+00                                 F               0         Blade 1 X translation displacement, node 16, m
        164    5.714E+01                                 F               0         Blade 1 Y translation displacement, node 16, m
        165   -1.130E+02                                 F               0         Blade 1 Z translation displacement, node 16, m
        166    2.027E+00                                 F               0         Blade 1 X translation displacement, node 17, m
        167    6.045E+01                                 F               0         Blade 1 Y translation displacement, node 17, m
        168   -1.188E+02                                 F               0         Blade 1 Z translation displacement, node 17, m
        169    1.207E+00                                 F               0         Blade 1 X translation displacement, node 18, m
        170    6.376E+01                                 F               0         Blade 1 Y translation displacement, node 18, m
        171   -1.246E+02                                 F               0         Blade 1 Z translation displacement, node 18, m
        172    3.875E-01                                 F               0         Blade 1 X translation displacement, node 19, m
        173    6.707E+01                                 F               0         Blade 1 Y translation displacement, node 19, m
        174   -1.304E+02                                 F               0         Blade 1 Z translation displacement, node 19, m
        175   -4.324E-01                                 F               0         Blade 1 X translation displacement, node 20, m
        176    7.037E+01                                 F               0         Blade 1 Y translation displacement, node 20, m
        177   -1.362E+02                                 F               0         Blade 1 Z translation displacement, node 20, m
        178   -1.252E+00                                 F               0         Blade 1 X translation displacement, node 21, m
        179    7.368E+01                                 F               0         Blade 1 Y translation displacement, node 21, m
        180   -1.420E+02                                 F               0         Blade 1 Z translation displacement, node 21, m
        181   -2.072E+00                                 F               0         Blade 1 X translation displacement, node 22, m
        182    7.699E+01                                 F               0         Blade 1 Y translation displacement, node 22, m
        183   -1.478E+02                                 F               0         Blade 1 Z translation displacement, node 22, m
        184   -2.892E+00                                 F               0         Blade 1 X translation displacement, node 23, m
        185    8.029E+01                                 F               0         Blade 1 Y translation displacement, node 23, m
        186   -1.536E+02                                 F               0         Blade 1 Z translation displacement, node 23, m
        187   -3.712E+00                                 F               0         Blade 1 X translation displacement, node 24, m
        188    8.360E+01                                 F               0         Blade 1 Y translation displacement, node 24, m
        189   -1.594E+02                                 F               0         Blade 1 Z translation displacement, node 24, m
        190   -4.532E+00                                 F               0         Blade 1 X translation displacement, node 25, m
        191    8.691E+01                                 F               0         Blade 1 Y translation displacement, node 25, m
        192   -1.652E+02                                 F               0         Blade 1 Z translation displacement, node 25, m
        193   -5.352E+00                                 F               0         Blade 1 X translation displacement, node 26, m
        194    9.021E+01                                 F               0         Blade 1 Y translation displacement, node 26, m
        195   -1.710E+02                                 F               0         Blade 1 Z translation displacement, node 26, m
        196   -6.172E+00                                 F               0         Blade 1 X translation displacement, node 27, m
        197    9.352E+01                                 F               0         Blade 1 Y translation displacement, node 27, m
        198   -1.768E+02                                 F               0         Blade 1 Z translation displacement, node 27, m
        199   -6.867E+00                                 F               0         Blade 1 X translation displacement, node 28, m
        200    9.632E+01                                 F               0         Blade 1 Y translation displacement, node 28, m
        201   -1.818E+02                                 F               0         Blade 1 Z translation displacement, node 28, m
        202    9.368E-01,  2.580E-01,  2.364E-01         F               0         Blade 1 X orientation angle, node 1, rad
        203    3.331E-01, -4.499E-01, -8.286E-01         F               0         Blade 1 Y orientation angle, node 1, rad
        204   -1.075E-01,  8.550E-01, -5.074E-01         F               0         Blade 1 Z orientation angle, node 1, rad
        205    9.368E-01,  2.580E-01,  2.364E-01         F               0         Blade 1 X orientation angle, node 2, rad
        206    3.331E-01, -4.499E-01, -8.286E-01         F               0         Blade 1 Y orientation angle, node 2, rad
        207   -1.075E-01,  8.550E-01, -5.074E-01         F               0         Blade 1 Z orientation angle, node 2, rad
        208    9.890E-01,  1.441E-01,  3.328E-02         F               0         Blade 1 X orientation angle, node 3, rad
        209    1.015E-01, -4.983E-01, -8.611E-01         F               0         Blade 1 Y orientation angle, node 3, rad
        210   -1.075E-01,  8.550E-01, -5.074E-01         F               0         Blade 1 Z orientation angle, node 3, rad
        211    9.924E-01,  1.229E-01, -3.108E-03         F               0         Blade 1 X orientation angle, node 4, rad
        212    5.970E-02, -5.039E-01, -8.617E-01         F               0         Blade 1 Y orientation angle, node 4, rad
        213   -1.075E-01,  8.550E-01, -5.074E-01         F               0         Blade 1 Z orientation angle, node 4, rad
        214    9.938E-01,  1.061E-01, -3.168E-02         F               0         Blade 1 X orientation angle, node 5, rad
        215    2.676E-02, -5.077E-01, -8.611E-01         F               0         Blade 1 Y orientation angle, node 5, rad
        216   -1.075E-01,  8.550E-01, -5.074E-01         F               0         Blade 1 Z orientation angle, node 5, rad
        217    9.942E-01,  9.261E-02, -5.451E-02         F               0         Blade 1 X orientation angle, node 6, rad
        218    3.900E-04, -5.103E-01, -8.600E-01         F               0         Blade 1 Y orientation angle, node 6, rad
        219   -1.075E-01,  8.550E-01, -5.074E-01         F               0         Blade 1 Z orientation angle, node 6, rad
        220    9.940E-01,  8.146E-02, -7.325E-02         F               0         Blade 1 X orientation angle, node 7, rad
        221   -2.130E-02, -5.122E-01, -8.586E-01         F               0         Blade 1 Y orientation angle, node 7, rad
        222   -1.075E-01,  8.550E-01, -5.074E-01         F               0         Blade 1 Z orientation angle, node 7, rad
        223    9.934E-01,  7.215E-02, -8.883E-02         F               0         Blade 1 X orientation angle, node 8, rad
        224   -3.934E-02, -5.136E-01, -8.571E-01         F               0         Blade 1 Y orientation angle, node 8, rad
        225   -1.075E-01,  8.550E-01, -5.074E-01         F               0         Blade 1 Z orientation angle, node 8, rad
        226    9.927E-01,  6.425E-02, -1.020E-01         F               0         Blade 1 X orientation angle, node 9, rad
        227   -5.459E-02, -5.147E-01, -8.557E-01         F               0         Blade 1 Y orientation angle, node 9, rad
        228   -1.075E-01,  8.550E-01, -5.074E-01         F               0         Blade 1 Z orientation angle, node 9, rad
        229    9.919E-01,  5.742E-02, -1.133E-01         F               0         Blade 1 X orientation angle, node 10, rad
        230   -6.775E-02, -5.155E-01, -8.542E-01         F               0         Blade 1 Y orientation angle, node 10, rad
        231   -1.075E-01,  8.550E-01, -5.074E-01         F               0         Blade 1 Z orientation angle, node 10, rad
        232    9.911E-01,  5.157E-02, -1.230E-01         F               0         Blade 1 X orientation angle, node 11, rad
        233   -7.900E-02, -5.161E-01, -8.529E-01         F               0         Blade 1 Y orientation angle, node 11, rad
        234   -1.075E-01,  8.550E-01, -5.074E-01         F               0         Blade 1 Z orientation angle, node 11, rad
        235    9.902E-01,  4.643E-02, -1.315E-01         F               0         Blade 1 X orientation angle, node 12, rad
        236   -8.886E-02, -5.166E-01, -8.516E-01         F               0         Blade 1 Y orientation angle, node 12, rad
        237   -1.075E-01,  8.550E-01, -5.074E-01         F               0         Blade 1 Z orientation angle, node 12, rad
        238    9.894E-01,  4.192E-02, -1.389E-01         F               0         Blade 1 X orientation angle, node 13, rad
        239   -9.749E-02, -5.170E-01, -8.504E-01         F               0         Blade 1 Y orientation angle, node 13, rad
        240   -1.075E-01,  8.550E-01, -5.074E-01         F               0         Blade 1 Z orientation angle, node 13, rad
        241    9.886E-01,  3.786E-02, -1.456E-01         F               0         Blade 1 X orientation angle, node 14, rad
        242   -1.053E-01, -5.173E-01, -8.493E-01         F               0         Blade 1 Y orientation angle, node 14, rad
        243   -1.075E-01,  8.550E-01, -5.074E-01         F               0         Blade 1 Z orientation angle, node 14, rad
        244    9.879E-01,  3.425E-02, -1.515E-01         F               0         Blade 1 X orientation angle, node 15, rad
        245   -1.122E-01, -5.175E-01, -8.483E-01         F               0         Blade 1 Y orientation angle, node 15, rad
        246   -1.075E-01,  8.550E-01, -5.074E-01         F               0         Blade 1 Z orientation angle, node 15, rad
        247    9.871E-01,  3.099E-02, -1.568E-01         F               0         Blade 1 X orientation angle, node 16, rad
        248   -1.184E-01, -5.177E-01, -8.473E-01         F               0         Blade 1 Y orientation angle, node 16, rad
        249   -1.075E-01,  8.550E-01, -5.074E-01         F               0         Blade 1 Z orientation angle, node 16, rad
        250    9.865E-01,  2.810E-02, -1.616E-01         F               0         Blade 1 X orientation angle, node 17, rad
        251   -1.239E-01, -5.179E-01, -8.464E-01         F               0         Blade 1 Y orientation angle, node 17, rad
        252   -1.075E-01,  8.550E-01, -5.074E-01         F               0         Blade 1 Z orientation angle, node 17, rad
        253    9.858E-01,  2.539E-02, -1.660E-01         F               0         Blade 1 X orientation angle, node 18, rad
        254   -1.290E-01, -5.180E-01, -8.456E-01         F               0         Blade 1 Y orientation angle, node 18, rad
        255   -1.075E-01,  8.550E-01, -5.074E-01         F               0         Blade 1 Z orientation angle, node 18, rad
        256    9.852E-01,  2.295E-02, -1.700E-01         F               0         Blade 1 X orientation angle, node 19, rad
        257   -1.337E-01, -5.182E-01, -8.448E-01         F               0         Blade 1 Y orientation angle, node 19, rad
        258   -1.075E-01,  8.550E-01, -5.074E-01         F               0         Blade 1 Z orientation angle, node 19, rad
        259    9.846E-01,  2.078E-02, -1.735E-01         F               0         Blade 1 X orientation angle, node 20, rad
        260   -1.378E-01, -5.182E-01, -8.441E-01         F               0         Blade 1 Y orientation angle, node 20, rad
        261   -1.075E-01,  8.550E-01, -5.074E-01         F               0         Blade 1 Z orientation angle, node 20, rad
        262    9.841E-01,  1.870E-02, -1.769E-01         F               0         Blade 1 X orientation angle, node 21, rad
        263   -1.418E-01, -5.183E-01, -8.434E-01         F               0         Blade 1 Y orientation angle, node 21, rad
        264   -1.075E-01,  8.550E-01, -5.074E-01         F               0         Blade 1 Z orientation angle, node 21, rad
        265    9.835E-01,  1.680E-02, -1.800E-01         F               0         Blade 1 X orientation angle, node 22, rad
        266   -1.454E-01, -5.184E-01, -8.427E-01         F               0         Blade 1 Y orientation angle, node 22, rad
        267   -1.075E-01,  8.550E-01, -5.074E-01         F               0         Blade 1 Z orientation angle, node 22, rad
        268    9.830E-01,  1.508E-02, -1.828E-01         F               0         Blade 1 X orientation angle, node 23, rad
        269   -1.486E-01, -5.184E-01, -8.421E-01         F               0         Blade 1 Y orientation angle, node 23, rad
        270   -1.075E-01,  8.550E-01, -5.074E-01         F               0         Blade 1 Z orientation angle, node 23, rad
        271    9.826E-01,  1.345E-02, -1.854E-01         F               0         Blade 1 X orientation angle, node 24, rad
        272   -1.517E-01, -5.185E-01, -8.415E-01         F               0         Blade 1 Y orientation angle, node 24, rad
        273   -1.075E-01,  8.550E-01, -5.074E-01         F               0         Blade 1 Z orientation angle, node 24, rad
        274    9.821E-01,  1.191E-02, -1.879E-01         F               0         Blade 1 X orientation angle, node 25, rad
        275   -1.546E-01, -5.185E-01, -8.410E-01         F               0         Blade 1 Y orientation angle, node 25, rad
        276   -1.075E-01,  8.550E-01, -5.074E-01         F               0         Blade 1 Z orientation angle, node 25, rad
        277    9.817E-01,  1.055E-02, -1.901E-01         F               0         Blade 1 X orientation angle, node 26, rad
        278   -1.572E-01, -5.186E-01, -8.405E-01         F               0         Blade 1 Y orientation angle, node 26, rad
        279   -1.075E-01,  8.550E-01, -5.074E-01         F               0         Blade 1 Z orientation angle, node 26, rad
        280    9.813E-01,  9.197E-03, -1.923E-01         F               0         Blade 1 X orientation angle, node 27, rad
        281   -1.598E-01, -5.186E-01, -8.400E-01         F               0         Blade 1 Y orientation angle, node 27, rad
        282   -1.075E-01,  8.550E-01, -5.074E-01         F               0         Blade 1 Z orientation angle, node 27, rad
        283    9.811E-01,  8.472E-03, -1.935E-01         F               0         Blade 1 X orientation angle, node 28, rad
        284   -1.611E-01, -5.186E-01, -8.397E-01         F               0         Blade 1 Y orientation angle, node 28, rad
        285   -1.075E-01,  8.550E-01, -5.074E-01         F               0         Blade 1 Z orientation angle, node 28, rad
        286    6.265E-01                                 F               0         Blade 1 X translation velocity, node 1, m/s
        287    2.032E+00                                 F               0         Blade 1 Y translation velocity, node 1, m/s
        288    3.292E+00                                 F               0         Blade 1 Z translation velocity, node 1, m/s
        289    7.776E-01                                 F               0         Blade 1 X translation velocity, node 2, m/s
        290    2.522E+00                                 F               0         Blade 1 Y translation velocity, node 2, m/s
        291    4.085E+00                                 F               0         Blade 1 Z translation velocity, node 2, m/s
        292    2.833E+00                                 F               0         Blade 1 X translation velocity, node 3, m/s
        293    9.185E+00                                 F               0         Blade 1 Y translation velocity, node 3, m/s
        294    1.488E+01                                 F               0         Blade 1 Z translation velocity, node 3, m/s
        295    3.270E+00                                 F               0         Blade 1 X translation velocity, node 4, m/s
        296    1.060E+01                                 F               0         Blade 1 Y translation velocity, node 4, m/s
        297    1.718E+01                                 F               0         Blade 1 Z translation velocity, node 4, m/s
        298    3.708E+00                                 F               0         Blade 1 X translation velocity, node 5, m/s
        299    1.202E+01                                 F               0         Blade 1 Y translation velocity, node 5, m/s
        300    1.948E+01                                 F               0         Blade 1 Z translation velocity, node 5, m/s
        301    4.146E+00                                 F               0         Blade 1 X translation velocity, node 6, m/s
        302    1.344E+01                                 F               0         Blade 1 Y translation velocity, node 6, m/s
        303    2.178E+01                                 F               0         Blade 1 Z translation velocity, node 6, m/s
        304    4.584E+00                                 F               0         Blade 1 X translation velocity, node 7, m/s
        305    1.486E+01                                 F               0         Blade 1 Y translation velocity, node 7, m/s
        306    2.407E+01                                 F               0         Blade 1 Z translation velocity, node 7, m/s
        307    5.022E+00                                 F               0         Blade 1 X translation velocity, node 8, m/s
