
Linearized model: Predictions were generated on 08-Jan-2024 at 09:43:14 using OpenFAST, compiled as a 64-bit application using single precision at commit v3.5.1
 linked with  NWTC Subroutine Library; ElastoDyn; InflowWind; AeroDyn; ServoDyn; HydroDyn; MoorDyn (v2.0.0, 2023-09-18)

Description from the FAST input file: CCT-9 Campign 4 model. Input files to be run with OpenFAST 3.5.0. GitHub branch from Lu Wang (https://github.com/luwang00/openfast/tree/dev) compiled on March 7, 2023.

Simulation information:
   Simulation time:                  1002.0000 s
   Rotor Speed:                         0.7074 rad/s
   Azimuth:                             0.6021 rad
   Wind Speed:                          8.0000 m/s
   Number of continuous states:         0
   Number of discrete states:           0
   Number of constraint states:         0
   Number of inputs:                 1746
   Number of outputs:                   4
   Jacobians included in this file?    No

Order of inputs:
     Column   Operating Point                     Rotating Frame? Derivative Order Description
   ---------- ---------------                     --------------- ---------------- -----------
          1    7.251E+00                                 F               0         Tower X translation displacement, node 1, m
          2   -1.279E+00                                 F               0         Tower Y translation displacement, node 1, m
          3   -1.509E-01                                 F               0         Tower Z translation displacement, node 1, m
          4    8.293E+00                                 F               0         Tower X translation displacement, node 2, m
          5   -1.821E+00                                 F               0         Tower Y translation displacement, node 2, m
          6   -2.069E-01                                 F               0         Tower Z translation displacement, node 2, m
          7    9.351E+00                                 F               0         Tower X translation displacement, node 3, m
          8   -2.369E+00                                 F               0         Tower Y translation displacement, node 3, m
          9   -2.644E-01                                 F               0         Tower Z translation displacement, node 3, m
         10    1.042E+01                                 F               0         Tower X translation displacement, node 4, m
         11   -2.921E+00                                 F               0         Tower Y translation displacement, node 4, m
         12   -3.232E-01                                 F               0         Tower Z translation displacement, node 4, m
         13    1.150E+01                                 F               0         Tower X translation displacement, node 5, m
         14   -3.476E+00                                 F               0         Tower Y translation displacement, node 5, m
         15   -3.829E-01                                 F               0         Tower Z translation displacement, node 5, m
         16    1.259E+01                                 F               0         Tower X translation displacement, node 6, m
         17   -4.034E+00                                 F               0         Tower Y translation displacement, node 6, m
         18   -4.434E-01                                 F               0         Tower Z translation displacement, node 6, m
         19    1.368E+01                                 F               0         Tower X translation displacement, node 7, m
         20   -4.595E+00                                 F               0         Tower Y translation displacement, node 7, m
         21   -5.045E-01                                 F               0         Tower Z translation displacement, node 7, m
         22    1.477E+01                                 F               0         Tower X translation displacement, node 8, m
         23   -5.157E+00                                 F               0         Tower Y translation displacement, node 8, m
         24   -5.660E-01                                 F               0         Tower Z translation displacement, node 8, m
         25    1.587E+01                                 F               0         Tower X translation displacement, node 9, m
         26   -5.721E+00                                 F               0         Tower Y translation displacement, node 9, m
         27   -6.278E-01                                 F               0         Tower Z translation displacement, node 9, m
         28    1.697E+01                                 F               0         Tower X translation displacement, node 10, m
         29   -6.286E+00                                 F               0         Tower Y translation displacement, node 10, m
         30   -6.898E-01                                 F               0         Tower Z translation displacement, node 10, m
         31    1.807E+01                                 F               0         Tower X translation displacement, node 11, m
         32   -6.852E+00                                 F               0         Tower Y translation displacement, node 11, m
         33   -7.519E-01                                 F               0         Tower Z translation displacement, node 11, m
         34    9.965E-01,  4.117E-03, -8.373E-02         F               0         Tower X orientation angle, node 1, rad
         35   -4.364E-04,  9.990E-01,  4.393E-02         F               0         Tower Y orientation angle, node 1, rad
         36    8.383E-02, -4.374E-02,  9.955E-01         F               0         Tower Z orientation angle, node 1, rad
         37    9.964E-01,  4.171E-03, -8.494E-02         F               0         Tower X orientation angle, node 2, rad
         38   -4.027E-04,  9.990E-01,  4.433E-02         F               0         Tower Y orientation angle, node 2, rad
         39    8.504E-02, -4.413E-02,  9.954E-01         F               0         Tower Z orientation angle, node 2, rad
         40    9.963E-01,  4.217E-03, -8.598E-02         F               0         Tower X orientation angle, node 3, rad
         41   -3.721E-04,  9.990E-01,  4.468E-02         F               0         Tower Y orientation angle, node 3, rad
         42    8.608E-02, -4.449E-02,  9.953E-01         F               0         Tower Z orientation angle, node 3, rad
         43    9.962E-01,  4.255E-03, -8.684E-02         F               0         Tower X orientation angle, node 4, rad
         44   -3.451E-04,  9.990E-01,  4.499E-02         F               0         Tower Y orientation angle, node 4, rad
         45    8.694E-02, -4.479E-02,  9.952E-01         F               0         Tower Z orientation angle, node 4, rad
         46    9.962E-01,  4.286E-03, -8.752E-02         F               0         Tower X orientation angle, node 5, rad
         47   -3.218E-04,  9.990E-01,  4.526E-02         F               0         Tower Y orientation angle, node 5, rad
         48    8.762E-02, -4.506E-02,  9.951E-01         F               0         Tower Z orientation angle, node 5, rad
         49    9.961E-01,  4.310E-03, -8.804E-02         F               0         Tower X orientation angle, node 6, rad
         50   -3.021E-04,  9.990E-01,  4.549E-02         F               0         Tower Y orientation angle, node 6, rad
         51    8.814E-02, -4.528E-02,  9.951E-01         F               0         Tower Z orientation angle, node 6, rad
         52    9.961E-01,  4.327E-03, -8.841E-02         F               0         Tower X orientation angle, node 7, rad
         53   -2.864E-04,  9.990E-01,  4.566E-02         F               0         Tower Y orientation angle, node 7, rad
         54    8.852E-02, -4.546E-02,  9.950E-01         F               0         Tower Z orientation angle, node 7, rad
         55    9.961E-01,  4.339E-03, -8.867E-02         F               0         Tower X orientation angle, node 8, rad
         56   -2.741E-04,  9.990E-01,  4.580E-02         F               0         Tower Y orientation angle, node 8, rad
         57    8.877E-02, -4.560E-02,  9.950E-01         F               0         Tower Z orientation angle, node 8, rad
         58    9.960E-01,  4.346E-03, -8.883E-02         F               0         Tower X orientation angle, node 9, rad
         59   -2.651E-04,  9.989E-01,  4.590E-02         F               0         Tower Y orientation angle, node 9, rad
         60    8.893E-02, -4.570E-02,  9.950E-01         F               0         Tower Z orientation angle, node 9, rad
         61    9.960E-01,  4.350E-03, -8.892E-02         F               0         Tower X orientation angle, node 10, rad
         62   -2.593E-04,  9.989E-01,  4.597E-02         F               0         Tower Y orientation angle, node 10, rad
         63    8.902E-02, -4.577E-02,  9.950E-01         F               0         Tower Z orientation angle, node 10, rad
         64    9.960E-01,  4.352E-03, -8.896E-02         F               0         Tower X orientation angle, node 11, rad
         65   -2.560E-04,  9.989E-01,  4.601E-02         F               0         Tower Y orientation angle, node 11, rad
         66    8.906E-02, -4.580E-02,  9.950E-01         F               0         Tower Z orientation angle, node 11, rad
         67   -2.279E-04                                 F               0         Tower X translation velocity, node 1, m/s
         68    9.570E-04                                 F               0         Tower Y translation velocity, node 1, m/s
         69   -2.954E-03                                 F               0         Tower Z translation velocity, node 1, m/s
         70   -2.662E-04                                 F               0         Tower X translation velocity, node 2, m/s
         71    1.463E-03                                 F               0         Tower Y translation velocity, node 2, m/s
         72   -2.929E-03                                 F               0         Tower Z translation velocity, node 2, m/s
         73   -3.079E-04                                 F               0         Tower X translation velocity, node 3, m/s
         74    1.966E-03                                 F               0         Tower Y translation velocity, node 3, m/s
         75   -2.903E-03                                 F               0         Tower Z translation velocity, node 3, m/s
         76   -3.522E-04                                 F               0         Tower X translation velocity, node 4, m/s
         77    2.467E-03                                 F               0         Tower Y translation velocity, node 4, m/s
         78   -2.876E-03                                 F               0         Tower Z translation velocity, node 4, m/s
         79   -3.986E-04                                 F               0         Tower X translation velocity, node 5, m/s
         80    2.966E-03                                 F               0         Tower Y translation velocity, node 5, m/s
         81   -2.850E-03                                 F               0         Tower Z translation velocity, node 5, m/s
         82   -4.466E-04                                 F               0         Tower X translation velocity, node 6, m/s
         83    3.462E-03                                 F               0         Tower Y translation velocity, node 6, m/s
         84   -2.823E-03                                 F               0         Tower Z translation velocity, node 6, m/s
         85   -4.959E-04                                 F               0         Tower X translation velocity, node 7, m/s
         86    3.957E-03                                 F               0         Tower Y translation velocity, node 7, m/s
         87   -2.796E-03                                 F               0         Tower Z translation velocity, node 7, m/s
         88   -5.462E-04                                 F               0         Tower X translation velocity, node 8, m/s
         89    4.450E-03                                 F               0         Tower Y translation velocity, node 8, m/s
         90   -2.769E-03                                 F               0         Tower Z translation velocity, node 8, m/s
         91   -5.971E-04                                 F               0         Tower X translation velocity, node 9, m/s
         92    4.942E-03                                 F               0         Tower Y translation velocity, node 9, m/s
         93   -2.742E-03                                 F               0         Tower Z translation velocity, node 9, m/s
         94   -6.485E-04                                 F               0         Tower X translation velocity, node 10, m/s
         95    5.433E-03                                 F               0         Tower Y translation velocity, node 10, m/s
         96   -2.715E-03                                 F               0         Tower Z translation velocity, node 10, m/s
         97   -7.001E-04                                 F               0         Tower X translation velocity, node 11, m/s
         98    5.923E-03                                 F               0         Tower Y translation velocity, node 11, m/s
         99   -2.688E-03                                 F               0         Tower Z translation velocity, node 11, m/s
        100    1.881E+01                                 F               0         Hub X translation displacement, node 1, m
        101   -7.259E+00                                 F               0         Hub Y translation displacement, node 1, m
        102    1.694E-01                                 F               0         Hub Z translation displacement, node 1, m
        103    9.813E-01,  9.116E-03, -1.925E-01         F               0         Hub X orientation angle, node 1, rad
        104    1.089E-01,  7.977E-01,  5.931E-01         F               0         Hub Y orientation angle, node 1, rad
        105    1.590E-01, -6.029E-01,  7.818E-01         F               0         Hub Z orientation angle, node 1, rad
        106    6.941E-01                                 F               0         Hub X rotation velocity, node 1, rad/s
        107    6.444E-03                                 F               0         Hub Y rotation velocity, node 1, rad/s
        108   -1.361E-01                                 F               0         Hub Z rotation velocity, node 1, rad/s
        109    9.776E-01, -1.455E-02, -2.100E-01         F               0         Blade root 1 X orientation angle, node 1, rad
        110    1.380E-01,  7.977E-01,  5.871E-01         F               0         Blade root 1 Y orientation angle, node 1, rad
        111    1.590E-01, -6.029E-01,  7.818E-01         F               0         Blade root 1 Z orientation angle, node 1, rad
        112    9.784E-01,  3.644E-02, -2.037E-01         F               0         Blade root 2 X orientation angle, node 1, rad
        113    1.123E-01, -9.203E-01,  3.747E-01         F               0         Blade root 2 Y orientation angle, node 1, rad
        114   -1.738E-01, -3.894E-01, -9.045E-01         F               0         Blade root 2 Z orientation angle, node 1, rad
        115    9.865E-01,  5.455E-03, -1.635E-01         F               0         Blade root 3 X orientation angle, node 1, rad
        116   -1.629E-01,  1.235E-01, -9.789E-01         F               0         Blade root 3 Y orientation angle, node 1, rad
        117    1.485E-02,  9.923E-01,  1.227E-01         F               0         Blade root 3 Z orientation angle, node 1, rad
        118    1.911E+01                                 F               0         Blade 1 X translation displacement, node 1, m
        119   -1.060E+01                                 F               0         Blade 1 Y translation displacement, node 1, m
        120   -1.009E+00                                 F               0         Blade 1 Z translation displacement, node 1, m
        121    1.919E+01                                 F               0         Blade 1 X translation displacement, node 2, m
        122   -1.140E+01                                 F               0         Blade 1 Y translation displacement, node 2, m
        123   -1.293E+00                                 F               0         Blade 1 Z translation displacement, node 2, m
        124    2.017E+01                                 F               0         Blade 1 X translation displacement, node 3, m
        125   -2.235E+01                                 F               0         Blade 1 Y translation displacement, node 3, m
        126   -5.154E+00                                 F               0         Blade 1 Z translation displacement, node 3, m
        127    2.038E+01                                 F               0         Blade 1 X translation displacement, node 4, m
        128   -2.468E+01                                 F               0         Blade 1 Y translation displacement, node 4, m
        129   -5.977E+00                                 F               0         Blade 1 Z translation displacement, node 4, m
        130    2.060E+01                                 F               0         Blade 1 X translation displacement, node 5, m
        131   -2.701E+01                                 F               0         Blade 1 Y translation displacement, node 5, m
        132   -6.800E+00                                 F               0         Blade 1 Z translation displacement, node 5, m
        133    2.081E+01                                 F               0         Blade 1 X translation displacement, node 6, m
        134   -2.934E+01                                 F               0         Blade 1 Y translation displacement, node 6, m
        135   -7.622E+00                                 F               0         Blade 1 Z translation displacement, node 6, m
        136    2.102E+01                                 F               0         Blade 1 X translation displacement, node 7, m
        137   -3.168E+01                                 F               0         Blade 1 Y translation displacement, node 7, m
        138   -8.445E+00                                 F               0         Blade 1 Z translation displacement, node 7, m
        139    2.123E+01                                 F               0         Blade 1 X translation displacement, node 8, m
        140   -3.401E+01                                 F               0         Blade 1 Y translation displacement, node 8, m
        141   -9.268E+00                                 F               0         Blade 1 Z translation displacement, node 8, m
        142    2.144E+01                                 F               0         Blade 1 X translation displacement, node 9, m
        143   -3.634E+01                                 F               0         Blade 1 Y translation displacement, node 9, m
        144   -1.009E+01                                 F               0         Blade 1 Z translation displacement, node 9, m
        145    2.165E+01                                 F               0         Blade 1 X translation displacement, node 10, m
        146   -3.867E+01                                 F               0         Blade 1 Y translation displacement, node 10, m
        147   -1.091E+01                                 F               0         Blade 1 Z translation displacement, node 10, m
        148    2.186E+01                                 F               0         Blade 1 X translation displacement, node 11, m
        149   -4.100E+01                                 F               0         Blade 1 Y translation displacement, node 11, m
        150   -1.174E+01                                 F               0         Blade 1 Z translation displacement, node 11, m
        151    2.207E+01                                 F               0         Blade 1 X translation displacement, node 12, m
        152   -4.334E+01                                 F               0         Blade 1 Y translation displacement, node 12, m
        153   -1.256E+01                                 F               0         Blade 1 Z translation displacement, node 12, m
        154    2.228E+01                                 F               0         Blade 1 X translation displacement, node 13, m
        155   -4.567E+01                                 F               0         Blade 1 Y translation displacement, node 13, m
        156   -1.338E+01                                 F               0         Blade 1 Z translation displacement, node 13, m
        157    2.249E+01                                 F               0         Blade 1 X translation displacement, node 14, m
        158   -4.800E+01                                 F               0         Blade 1 Y translation displacement, node 14, m
        159   -1.420E+01                                 F               0         Blade 1 Z translation displacement, node 14, m
        160    2.270E+01                                 F               0         Blade 1 X translation displacement, node 15, m
        161   -5.033E+01                                 F               0         Blade 1 Y translation displacement, node 15, m
        162   -1.503E+01                                 F               0         Blade 1 Z translation displacement, node 15, m
        163    2.291E+01                                 F               0         Blade 1 X translation displacement, node 16, m
        164   -5.266E+01                                 F               0         Blade 1 Y translation displacement, node 16, m
        165   -1.585E+01                                 F               0         Blade 1 Z translation displacement, node 16, m
        166    2.312E+01                                 F               0         Blade 1 X translation displacement, node 17, m
        167   -5.500E+01                                 F               0         Blade 1 Y translation displacement, node 17, m
        168   -1.667E+01                                 F               0         Blade 1 Z translation displacement, node 17, m
        169    2.333E+01                                 F               0         Blade 1 X translation displacement, node 18, m
        170   -5.733E+01                                 F               0         Blade 1 Y translation displacement, node 18, m
        171   -1.750E+01                                 F               0         Blade 1 Z translation displacement, node 18, m
        172    2.354E+01                                 F               0         Blade 1 X translation displacement, node 19, m
        173   -5.966E+01                                 F               0         Blade 1 Y translation displacement, node 19, m
        174   -1.832E+01                                 F               0         Blade 1 Z translation displacement, node 19, m
        175    2.375E+01                                 F               0         Blade 1 X translation displacement, node 20, m
        176   -6.199E+01                                 F               0         Blade 1 Y translation displacement, node 20, m
        177   -1.914E+01                                 F               0         Blade 1 Z translation displacement, node 20, m
        178    2.396E+01                                 F               0         Blade 1 X translation displacement, node 21, m
        179   -6.432E+01                                 F               0         Blade 1 Y translation displacement, node 21, m
        180   -1.996E+01                                 F               0         Blade 1 Z translation displacement, node 21, m
        181    2.417E+01                                 F               0         Blade 1 X translation displacement, node 22, m
        182   -6.665E+01                                 F               0         Blade 1 Y translation displacement, node 22, m
        183   -2.079E+01                                 F               0         Blade 1 Z translation displacement, node 22, m
        184    2.438E+01                                 F               0         Blade 1 X translation displacement, node 23, m
        185   -6.899E+01                                 F               0         Blade 1 Y translation displacement, node 23, m
        186   -2.161E+01                                 F               0         Blade 1 Z translation displacement, node 23, m
        187    2.459E+01                                 F               0         Blade 1 X translation displacement, node 24, m
        188   -7.132E+01                                 F               0         Blade 1 Y translation displacement, node 24, m
        189   -2.243E+01                                 F               0         Blade 1 Z translation displacement, node 24, m
        190    2.481E+01                                 F               0         Blade 1 X translation displacement, node 25, m
        191   -7.365E+01                                 F               0         Blade 1 Y translation displacement, node 25, m
        192   -2.325E+01                                 F               0         Blade 1 Z translation displacement, node 25, m
        193    2.502E+01                                 F               0         Blade 1 X translation displacement, node 26, m
        194   -7.598E+01                                 F               0         Blade 1 Y translation displacement, node 26, m
        195   -2.408E+01                                 F               0         Blade 1 Z translation displacement, node 26, m
        196    2.523E+01                                 F               0         Blade 1 X translation displacement, node 27, m
        197   -7.831E+01                                 F               0         Blade 1 Y translation displacement, node 27, m
        198   -2.490E+01                                 F               0         Blade 1 Z translation displacement, node 27, m
        199    2.540E+01                                 F               0         Blade 1 X translation displacement, node 28, m
        200   -8.029E+01                                 F               0         Blade 1 Y translation displacement, node 28, m
        201   -2.560E+01                                 F               0         Blade 1 Z translation displacement, node 28, m
        202    8.071E-01, -3.767E-01, -4.546E-01         F               0         Blade 1 X orientation angle, node 1, rad
        203    5.686E-01,  7.033E-01,  4.267E-01         F               0         Blade 1 Y orientation angle, node 1, rad
        204    1.590E-01, -6.029E-01,  7.818E-01         F               0         Blade 1 Z orientation angle, node 1, rad
        205    8.071E-01, -3.767E-01, -4.546E-01         F               0         Blade 1 X orientation angle, node 2, rad
        206    5.686E-01,  7.033E-01,  4.267E-01         F               0         Blade 1 Y orientation angle, node 2, rad
        207    1.590E-01, -6.029E-01,  7.818E-01         F               0         Blade 1 Z orientation angle, node 2, rad
        208    9.189E-01, -1.993E-01, -3.405E-01         F               0         Blade 1 X orientation angle, node 3, rad
        209    3.611E-01,  7.725E-01,  5.223E-01         F               0         Blade 1 Y orientation angle, node 3, rad
        210    1.590E-01, -6.029E-01,  7.818E-01         F               0         Blade 1 Z orientation angle, node 3, rad
        211    9.333E-01, -1.665E-01, -3.181E-01         F               0         Blade 1 X orientation angle, node 4, rad
        212    3.220E-01,  7.802E-01,  5.362E-01         F               0         Blade 1 Y orientation angle, node 4, rad
        213    1.590E-01, -6.029E-01,  7.818E-01         F               0         Blade 1 Z orientation angle, node 4, rad
        214    9.435E-01, -1.405E-01, -3.002E-01         F               0         Blade 1 X orientation angle, node 5, rad
        215    2.909E-01,  7.853E-01,  5.465E-01         F               0         Blade 1 Y orientation angle, node 5, rad
        216    1.590E-01, -6.029E-01,  7.818E-01         F               0         Blade 1 Z orientation angle, node 5, rad
        217    9.509E-01, -1.196E-01, -2.856E-01         F               0         Blade 1 X orientation angle, node 6, rad
        218    2.657E-01,  7.888E-01,  5.543E-01         F               0         Blade 1 Y orientation angle, node 6, rad
        219    1.590E-01, -6.029E-01,  7.818E-01         F               0         Blade 1 Z orientation angle, node 6, rad
        220    9.564E-01, -1.024E-01, -2.734E-01         F               0         Blade 1 X orientation angle, node 7, rad
        221    2.449E-01,  7.912E-01,  5.604E-01         F               0         Blade 1 Y orientation angle, node 7, rad
        222    1.590E-01, -6.029E-01,  7.818E-01         F               0         Blade 1 Z orientation angle, node 7, rad
        223    9.607E-01, -8.803E-02, -2.632E-01         F               0         Blade 1 X orientation angle, node 8, rad
        224    2.275E-01,  7.929E-01,  5.652E-01         F               0         Blade 1 Y orientation angle, node 8, rad
        225    1.590E-01, -6.029E-01,  7.818E-01         F               0         Blade 1 Z orientation angle, node 8, rad
        226    9.641E-01, -7.585E-02, -2.545E-01         F               0         Blade 1 X orientation angle, node 9, rad
        227    2.127E-01,  7.942E-01,  5.692E-01         F               0         Blade 1 Y orientation angle, node 9, rad
        228    1.590E-01, -6.029E-01,  7.818E-01         F               0         Blade 1 Z orientation angle, node 9, rad
        229    9.668E-01, -6.531E-02, -2.469E-01         F               0         Blade 1 X orientation angle, node 10, rad
        230    1.999E-01,  7.951E-01,  5.725E-01         F               0         Blade 1 Y orientation angle, node 10, rad
        231    1.590E-01, -6.029E-01,  7.818E-01         F               0         Blade 1 Z orientation angle, node 10, rad
        232    9.690E-01, -5.628E-02, -2.404E-01         F               0         Blade 1 X orientation angle, node 11, rad
        233    1.890E-01,  7.958E-01,  5.753E-01         F               0         Blade 1 Y orientation angle, node 11, rad
        234    1.590E-01, -6.029E-01,  7.818E-01         F               0         Blade 1 Z orientation angle, node 11, rad
        235    9.709E-01, -4.836E-02, -2.347E-01         F               0         Blade 1 X orientation angle, node 12, rad
        236    1.793E-01,  7.963E-01,  5.777E-01         F               0         Blade 1 Y orientation angle, node 12, rad
        237    1.590E-01, -6.029E-01,  7.818E-01         F               0         Blade 1 Z orientation angle, node 12, rad
        238    9.724E-01, -4.141E-02, -2.296E-01         F               0         Blade 1 X orientation angle, node 13, rad
        239    1.708E-01,  7.967E-01,  5.797E-01         F               0         Blade 1 Y orientation angle, node 13, rad
        240    1.590E-01, -6.029E-01,  7.818E-01         F               0         Blade 1 Z orientation angle, node 13, rad
        241    9.737E-01, -3.515E-02, -2.251E-01         F               0         Blade 1 X orientation angle, node 14, rad
        242    1.632E-01,  7.970E-01,  5.815E-01         F               0         Blade 1 Y orientation angle, node 14, rad
        243    1.590E-01, -6.029E-01,  7.818E-01         F               0         Blade 1 Z orientation angle, node 14, rad
        244    9.748E-01, -2.959E-02, -2.210E-01         F               0         Blade 1 X orientation angle, node 15, rad
        245    1.564E-01,  7.973E-01,  5.830E-01         F               0         Blade 1 Y orientation angle, node 15, rad
        246    1.590E-01, -6.029E-01,  7.818E-01         F               0         Blade 1 Z orientation angle, node 15, rad
        247    9.758E-01, -2.458E-02, -2.173E-01         F               0         Blade 1 X orientation angle, node 16, rad
        248    1.503E-01,  7.974E-01,  5.844E-01         F               0         Blade 1 Y orientation angle, node 16, rad
        249    1.590E-01, -6.029E-01,  7.818E-01         F               0         Blade 1 Z orientation angle, node 16, rad
        250    9.766E-01, -2.012E-02, -2.141E-01         F               0         Blade 1 X orientation angle, node 17, rad
        251    1.448E-01,  7.975E-01,  5.856E-01         F               0         Blade 1 Y orientation angle, node 17, rad
        252    1.590E-01, -6.029E-01,  7.818E-01         F               0         Blade 1 Z orientation angle, node 17, rad
        253    9.774E-01, -1.595E-02, -2.110E-01         F               0         Blade 1 X orientation angle, node 18, rad
        254    1.397E-01,  7.976E-01,  5.867E-01         F               0         Blade 1 Y orientation angle, node 18, rad
        255    1.590E-01, -6.029E-01,  7.818E-01         F               0         Blade 1 Z orientation angle, node 18, rad
        256    9.780E-01, -1.219E-02, -2.082E-01         F               0         Blade 1 X orientation angle, node 19, rad
        257    1.351E-01,  7.977E-01,  5.877E-01         F               0         Blade 1 Y orientation angle, node 19, rad
        258    1.590E-01, -6.029E-01,  7.818E-01         F               0         Blade 1 Z orientation angle, node 19, rad
        259    9.786E-01, -8.846E-03, -2.058E-01         F               0         Blade 1 X orientation angle, node 20, rad
        260    1.310E-01,  7.978E-01,  5.886E-01         F               0         Blade 1 Y orientation angle, node 20, rad
        261    1.590E-01, -6.029E-01,  7.818E-01         F               0         Blade 1 Z orientation angle, node 20, rad
        262    9.791E-01, -5.643E-03, -2.034E-01         F               0         Blade 1 X orientation angle, node 21, rad
        263    1.271E-01,  7.978E-01,  5.894E-01         F               0         Blade 1 Y orientation angle, node 21, rad
        264    1.590E-01, -6.029E-01,  7.818E-01         F               0         Blade 1 Z orientation angle, node 21, rad
        265    9.795E-01, -2.719E-03, -2.013E-01         F               0         Blade 1 X orientation angle, node 22, rad
        266    1.235E-01,  7.978E-01,  5.901E-01         F               0         Blade 1 Y orientation angle, node 22, rad
        267    1.590E-01, -6.029E-01,  7.818E-01         F               0         Blade 1 Z orientation angle, node 22, rad
        268    9.799E-01, -7.374E-05, -1.993E-01         F               0         Blade 1 X orientation angle, node 23, rad
        269    1.202E-01,  7.978E-01,  5.908E-01         F               0         Blade 1 Y orientation angle, node 23, rad
        270    1.590E-01, -6.029E-01,  7.818E-01         F               0         Blade 1 Z orientation angle, node 23, rad
        271    9.803E-01,  2.433E-03, -1.974E-01         F               0         Blade 1 X orientation angle, node 24, rad
        272    1.171E-01,  7.978E-01,  5.914E-01         F               0         Blade 1 Y orientation angle, node 24, rad
        273    1.590E-01, -6.029E-01,  7.818E-01         F               0         Blade 1 Z orientation angle, node 24, rad
        274    9.807E-01,  4.800E-03, -1.957E-01         F               0         Blade 1 X orientation angle, node 25, rad
        275    1.142E-01,  7.978E-01,  5.920E-01         F               0         Blade 1 Y orientation angle, node 25, rad
        276    1.590E-01, -6.029E-01,  7.818E-01         F               0         Blade 1 Z orientation angle, node 25, rad
        277    9.810E-01,  6.888E-03, -1.941E-01         F               0         Blade 1 X orientation angle, node 26, rad
        278    1.117E-01,  7.978E-01,  5.925E-01         F               0         Blade 1 Y orientation angle, node 26, rad
        279    1.590E-01, -6.029E-01,  7.818E-01         F               0         Blade 1 Z orientation angle, node 26, rad
        280    9.812E-01,  8.977E-03, -1.926E-01         F               0         Blade 1 X orientation angle, node 27, rad
        281    1.091E-01,  7.978E-01,  5.930E-01         F               0         Blade 1 Y orientation angle, node 27, rad
        282    1.590E-01, -6.029E-01,  7.818E-01         F               0         Blade 1 Z orientation angle, node 27, rad
        283    9.814E-01,  1.009E-02, -1.917E-01         F               0         Blade 1 X orientation angle, node 28, rad
        284    1.077E-01,  7.977E-01,  5.933E-01         F               0         Blade 1 Y orientation angle, node 28, rad
        285    1.590E-01, -6.029E-01,  7.818E-01         F               0         Blade 1 Z orientation angle, node 28, rad
        286   -4.276E-01                                 F               0         Blade 1 X translation velocity, node 1, m/s
        287   -3.120E+00                                 F               0         Blade 1 Y translation velocity, node 1, m/s
        288   -2.327E+00                                 F               0         Blade 1 Z translation velocity, node 1, m/s
        289   -5.304E-01                                 F               0         Blade 1 X translation velocity, node 2, m/s
        290   -3.873E+00                                 F               0         Blade 1 Y translation velocity, node 2, m/s
        291   -2.887E+00                                 F               0         Blade 1 Z translation velocity, node 2, m/s
        292   -1.929E+00                                 F               0         Blade 1 X translation velocity, node 3, m/s
        293   -1.412E+01                                 F               0         Blade 1 Y translation velocity, node 3, m/s
        294   -1.050E+01                                 F               0         Blade 1 Z translation velocity, node 3, m/s
        295   -2.227E+00                                 F               0         Blade 1 X translation velocity, node 4, m/s
        296   -1.630E+01                                 F               0         Blade 1 Y translation velocity, node 4, m/s
        297   -1.212E+01                                 F               0         Blade 1 Z translation velocity, node 4, m/s
        298   -2.525E+00                                 F               0         Blade 1 X translation velocity, node 5, m/s
        299   -1.848E+01                                 F               0         Blade 1 Y translation velocity, node 5, m/s
        300   -1.375E+01                                 F               0         Blade 1 Z translation velocity, node 5, m/s
        301   -2.823E+00                                 F               0         Blade 1 X translation velocity, node 6, m/s
        302   -2.066E+01                                 F               0         Blade 1 Y translation velocity, node 6, m/s
        303   -1.537E+01                                 F               0         Blade 1 Z translation velocity, node 6, m/s
        304   -3.121E+00                                 F               0         Blade 1 X translation velocity, node 7, m/s
        305   -2.285E+01                                 F               0         Blade 1 Y translation velocity, node 7, m/s
        306   -1.699E+01                                 F               0         Blade 1 Z translation velocity, node 7, m/s
        307   -3.419E+00                                 F               0         Blade 1 X translation velocity, node 8, m/s
