
Linearized model: Predictions were generated on 08-Jan-2024 at 09:43:14 using OpenFAST, compiled as a 64-bit application using single precision at commit v3.5.1
 linked with  NWTC Subroutine Library; ElastoDyn; InflowWind; AeroDyn; ServoDyn; HydroDyn; MoorDyn (v2.0.0, 2023-09-18)

Description from the FAST input file: CCT-9 Campign 4 model. Input files to be run with OpenFAST 3.5.0. GitHub branch from Lu Wang (https://github.com/luwang00/openfast/tree/dev) compiled on March 7, 2023.

Simulation information:
   Simulation time:                  1002.7500 s
   Rotor Speed:                         0.7074 rad/s
   Azimuth:                             1.1326 rad
   Wind Speed:                          8.0000 m/s
   Number of continuous states:         0
   Number of discrete states:           0
   Number of constraint states:         0
   Number of inputs:                 1746
   Number of outputs:                   4
   Jacobians included in this file?    No

Order of inputs:
     Column   Operating Point                     Rotating Frame? Derivative Order Description
   ---------- ---------------                     --------------- ---------------- -----------
          1    7.251E+00                                 F               0         Tower X translation displacement, node 1, m
          2   -1.278E+00                                 F               0         Tower Y translation displacement, node 1, m
          3   -1.532E-01                                 F               0         Tower Z translation displacement, node 1, m
          4    8.293E+00                                 F               0         Tower X translation displacement, node 2, m
          5   -1.820E+00                                 F               0         Tower Y translation displacement, node 2, m
          6   -2.091E-01                                 F               0         Tower Z translation displacement, node 2, m
          7    9.351E+00                                 F               0         Tower X translation displacement, node 3, m
          8   -2.367E+00                                 F               0         Tower Y translation displacement, node 3, m
          9   -2.667E-01                                 F               0         Tower Z translation displacement, node 3, m
         10    1.042E+01                                 F               0         Tower X translation displacement, node 4, m
         11   -2.919E+00                                 F               0         Tower Y translation displacement, node 4, m
         12   -3.254E-01                                 F               0         Tower Z translation displacement, node 4, m
         13    1.150E+01                                 F               0         Tower X translation displacement, node 5, m
         14   -3.474E+00                                 F               0         Tower Y translation displacement, node 5, m
         15   -3.851E-01                                 F               0         Tower Z translation displacement, node 5, m
         16    1.259E+01                                 F               0         Tower X translation displacement, node 6, m
         17   -4.031E+00                                 F               0         Tower Y translation displacement, node 6, m
         18   -4.456E-01                                 F               0         Tower Z translation displacement, node 6, m
         19    1.368E+01                                 F               0         Tower X translation displacement, node 7, m
         20   -4.592E+00                                 F               0         Tower Y translation displacement, node 7, m
         21   -5.067E-01                                 F               0         Tower Z translation displacement, node 7, m
         22    1.477E+01                                 F               0         Tower X translation displacement, node 8, m
         23   -5.154E+00                                 F               0         Tower Y translation displacement, node 8, m
         24   -5.682E-01                                 F               0         Tower Z translation displacement, node 8, m
         25    1.587E+01                                 F               0         Tower X translation displacement, node 9, m
         26   -5.717E+00                                 F               0         Tower Y translation displacement, node 9, m
         27   -6.300E-01                                 F               0         Tower Z translation displacement, node 9, m
         28    1.697E+01                                 F               0         Tower X translation displacement, node 10, m
         29   -6.282E+00                                 F               0         Tower Y translation displacement, node 10, m
         30   -6.919E-01                                 F               0         Tower Z translation displacement, node 10, m
         31    1.807E+01                                 F               0         Tower X translation displacement, node 11, m
         32   -6.848E+00                                 F               0         Tower Y translation displacement, node 11, m
         33   -7.540E-01                                 F               0         Tower Z translation displacement, node 11, m
         34    9.965E-01,  4.117E-03, -8.373E-02         F               0         Tower X orientation angle, node 1, rad
         35   -4.387E-04,  9.990E-01,  4.390E-02         F               0         Tower Y orientation angle, node 1, rad
         36    8.383E-02, -4.371E-02,  9.955E-01         F               0         Tower Z orientation angle, node 1, rad
         37    9.964E-01,  4.170E-03, -8.494E-02         F               0         Tower X orientation angle, node 2, rad
         38   -4.051E-04,  9.990E-01,  4.430E-02         F               0         Tower Y orientation angle, node 2, rad
         39    8.504E-02, -4.410E-02,  9.954E-01         F               0         Tower Z orientation angle, node 2, rad
         40    9.963E-01,  4.216E-03, -8.598E-02         F               0         Tower X orientation angle, node 3, rad
         41   -3.744E-04,  9.990E-01,  4.465E-02         F               0         Tower Y orientation angle, node 3, rad
         42    8.608E-02, -4.445E-02,  9.953E-01         F               0         Tower Z orientation angle, node 3, rad
         43    9.962E-01,  4.255E-03, -8.683E-02         F               0         Tower X orientation angle, node 4, rad
         44   -3.474E-04,  9.990E-01,  4.496E-02         F               0         Tower Y orientation angle, node 4, rad
         45    8.694E-02, -4.476E-02,  9.952E-01         F               0         Tower Z orientation angle, node 4, rad
         46    9.962E-01,  4.285E-03, -8.752E-02         F               0         Tower X orientation angle, node 5, rad
         47   -3.241E-04,  9.990E-01,  4.523E-02         F               0         Tower Y orientation angle, node 5, rad
         48    8.762E-02, -4.503E-02,  9.951E-01         F               0         Tower Z orientation angle, node 5, rad
         49    9.961E-01,  4.309E-03, -8.804E-02         F               0         Tower X orientation angle, node 6, rad
         50   -3.044E-04,  9.990E-01,  4.545E-02         F               0         Tower Y orientation angle, node 6, rad
         51    8.814E-02, -4.525E-02,  9.951E-01         F               0         Tower Z orientation angle, node 6, rad
         52    9.961E-01,  4.326E-03, -8.841E-02         F               0         Tower X orientation angle, node 7, rad
         53   -2.886E-04,  9.990E-01,  4.563E-02         F               0         Tower Y orientation angle, node 7, rad
         54    8.852E-02, -4.543E-02,  9.950E-01         F               0         Tower Z orientation angle, node 7, rad
         55    9.961E-01,  4.338E-03, -8.867E-02         F               0         Tower X orientation angle, node 8, rad
         56   -2.763E-04,  9.990E-01,  4.577E-02         F               0         Tower Y orientation angle, node 8, rad
         57    8.877E-02, -4.557E-02,  9.950E-01         F               0         Tower Z orientation angle, node 8, rad
         58    9.960E-01,  4.346E-03, -8.883E-02         F               0         Tower X orientation angle, node 9, rad
         59   -2.673E-04,  9.989E-01,  4.587E-02         F               0         Tower Y orientation angle, node 9, rad
         60    8.893E-02, -4.567E-02,  9.950E-01         F               0         Tower Z orientation angle, node 9, rad
         61    9.960E-01,  4.350E-03, -8.892E-02         F               0         Tower X orientation angle, node 10, rad
         62   -2.615E-04,  9.989E-01,  4.594E-02         F               0         Tower Y orientation angle, node 10, rad
         63    8.902E-02, -4.573E-02,  9.950E-01         F               0         Tower Z orientation angle, node 10, rad
         64    9.960E-01,  4.352E-03, -8.896E-02         F               0         Tower X orientation angle, node 11, rad
         65   -2.582E-04,  9.989E-01,  4.598E-02         F               0         Tower Y orientation angle, node 11, rad
         66    8.906E-02, -4.577E-02,  9.950E-01         F               0         Tower Z orientation angle, node 11, rad
         67   -2.642E-04                                 F               0         Tower X translation velocity, node 1, m/s
         68    1.049E-03                                 F               0         Tower Y translation velocity, node 1, m/s
         69   -3.119E-03                                 F               0         Tower Z translation velocity, node 1, m/s
         70   -3.050E-04                                 F               0         Tower X translation velocity, node 2, m/s
         71    1.618E-03                                 F               0         Tower Y translation velocity, node 2, m/s
         72   -3.091E-03                                 F               0         Tower Z translation velocity, node 2, m/s
         73   -3.332E-04                                 F               0         Tower X translation velocity, node 3, m/s
         74    2.181E-03                                 F               0         Tower Y translation velocity, node 3, m/s
         75   -3.063E-03                                 F               0         Tower Z translation velocity, node 3, m/s
         76   -3.501E-04                                 F               0         Tower X translation velocity, node 4, m/s
         77    2.738E-03                                 F               0         Tower Y translation velocity, node 4, m/s
         78   -3.037E-03                                 F               0         Tower Z translation velocity, node 4, m/s
         79   -3.558E-04                                 F               0         Tower X translation velocity, node 5, m/s
         80    3.291E-03                                 F               0         Tower Y translation velocity, node 5, m/s
         81   -3.011E-03                                 F               0         Tower Z translation velocity, node 5, m/s
         82   -3.510E-04                                 F               0         Tower X translation velocity, node 6, m/s
         83    3.839E-03                                 F               0         Tower Y translation velocity, node 6, m/s
         84   -2.987E-03                                 F               0         Tower Z translation velocity, node 6, m/s
         85   -3.369E-04                                 F               0         Tower X translation velocity, node 7, m/s
         86    4.383E-03                                 F               0         Tower Y translation velocity, node 7, m/s
         87   -2.963E-03                                 F               0         Tower Z translation velocity, node 7, m/s
         88   -3.139E-04                                 F               0         Tower X translation velocity, node 8, m/s
         89    4.923E-03                                 F               0         Tower Y translation velocity, node 8, m/s
         90   -2.941E-03                                 F               0         Tower Z translation velocity, node 8, m/s
         91   -2.833E-04                                 F               0         Tower X translation velocity, node 9, m/s
         92    5.460E-03                                 F               0         Tower Y translation velocity, node 9, m/s
         93   -2.919E-03                                 F               0         Tower Z translation velocity, node 9, m/s
         94   -2.470E-04                                 F               0         Tower X translation velocity, node 10, m/s
         95    5.994E-03                                 F               0         Tower Y translation velocity, node 10, m/s
         96   -2.898E-03                                 F               0         Tower Z translation velocity, node 10, m/s
         97   -2.067E-04                                 F               0         Tower X translation velocity, node 11, m/s
         98    6.526E-03                                 F               0         Tower Y translation velocity, node 11, m/s
         99   -2.877E-03                                 F               0         Tower Z translation velocity, node 11, m/s
        100    1.881E+01                                 F               0         Hub X translation displacement, node 1, m
        101   -7.254E+00                                 F               0         Hub Y translation displacement, node 1, m
        102    1.673E-01                                 F               0         Hub Z translation displacement, node 1, m
        103    9.813E-01,  9.112E-03, -1.925E-01         F               0         Hub X orientation angle, node 1, rad
        104    1.744E-01,  3.831E-01,  9.071E-01         F               0         Hub Y orientation angle, node 1, rad
        105    8.199E-02, -9.237E-01,  3.743E-01         F               0         Hub Z orientation angle, node 1, rad
        106    6.941E-01                                 F               0         Hub X rotation velocity, node 1, rad/s
        107    6.449E-03                                 F               0         Hub Y rotation velocity, node 1, rad/s
        108   -1.361E-01                                 F               0         Hub Z rotation velocity, node 1, rad/s
        109    9.757E-01, -2.256E-03, -2.193E-01         F               0         Blade root 1 X orientation angle, node 1, rad
        110    2.034E-01,  3.832E-01,  9.010E-01         F               0         Blade root 1 Y orientation angle, node 1, rad
        111    8.199E-02, -9.237E-01,  3.743E-01         F               0         Blade root 1 Z orientation angle, node 1, rad
        112    9.813E-01,  3.852E-02, -1.885E-01         F               0         Blade root 2 X orientation angle, node 1, rad
        113    1.294E-02, -9.908E-01, -1.351E-01         F               0         Blade root 2 Y orientation angle, node 1, rad
        114   -1.920E-01,  1.301E-01, -9.727E-01         F               0         Blade root 2 Z orientation angle, node 1, rad
        115    9.855E-01, -8.941E-03, -1.693E-01         F               0         Blade root 3 X orientation angle, node 1, rad
        116   -1.290E-01,  6.084E-01, -7.831E-01         F               0         Blade root 3 Y orientation angle, node 1, rad
        117    1.100E-01,  7.936E-01,  5.984E-01         F               0         Blade root 3 Z orientation angle, node 1, rad
        118    1.869E+01                                 F               0         Blade 1 X translation displacement, node 1, m
        119   -1.237E+01                                 F               0         Blade 1 Y translation displacement, node 1, m
        120   -3.269E+00                                 F               0         Blade 1 Z translation displacement, node 1, m
        121    1.866E+01                                 F               0         Blade 1 X translation displacement, node 2, m
        122   -1.360E+01                                 F               0         Blade 1 Y translation displacement, node 2, m
        123   -4.097E+00                                 F               0         Blade 1 Z translation displacement, node 2, m
        124    1.825E+01                                 F               0         Blade 1 X translation displacement, node 3, m
        125   -3.037E+01                                 F               0         Blade 1 Y translation displacement, node 3, m
        126   -1.536E+01                                 F               0         Blade 1 Z translation displacement, node 3, m
        127    1.816E+01                                 F               0         Blade 1 X translation displacement, node 4, m
        128   -3.394E+01                                 F               0         Blade 1 Y translation displacement, node 4, m
        129   -1.775E+01                                 F               0         Blade 1 Z translation displacement, node 4, m
        130    1.807E+01                                 F               0         Blade 1 X translation displacement, node 5, m
        131   -3.752E+01                                 F               0         Blade 1 Y translation displacement, node 5, m
        132   -2.015E+01                                 F               0         Blade 1 Z translation displacement, node 5, m
        133    1.799E+01                                 F               0         Blade 1 X translation displacement, node 6, m
        134   -4.109E+01                                 F               0         Blade 1 Y translation displacement, node 6, m
        135   -2.255E+01                                 F               0         Blade 1 Z translation displacement, node 6, m
        136    1.790E+01                                 F               0         Blade 1 X translation displacement, node 7, m
        137   -4.466E+01                                 F               0         Blade 1 Y translation displacement, node 7, m
        138   -2.495E+01                                 F               0         Blade 1 Z translation displacement, node 7, m
        139    1.781E+01                                 F               0         Blade 1 X translation displacement, node 8, m
        140   -4.823E+01                                 F               0         Blade 1 Y translation displacement, node 8, m
        141   -2.735E+01                                 F               0         Blade 1 Z translation displacement, node 8, m
        142    1.772E+01                                 F               0         Blade 1 X translation displacement, node 9, m
        143   -5.181E+01                                 F               0         Blade 1 Y translation displacement, node 9, m
        144   -2.975E+01                                 F               0         Blade 1 Z translation displacement, node 9, m
        145    1.764E+01                                 F               0         Blade 1 X translation displacement, node 10, m
        146   -5.538E+01                                 F               0         Blade 1 Y translation displacement, node 10, m
        147   -3.215E+01                                 F               0         Blade 1 Z translation displacement, node 10, m
        148    1.755E+01                                 F               0         Blade 1 X translation displacement, node 11, m
        149   -5.895E+01                                 F               0         Blade 1 Y translation displacement, node 11, m
        150   -3.455E+01                                 F               0         Blade 1 Z translation displacement, node 11, m
        151    1.746E+01                                 F               0         Blade 1 X translation displacement, node 12, m
        152   -6.252E+01                                 F               0         Blade 1 Y translation displacement, node 12, m
        153   -3.695E+01                                 F               0         Blade 1 Z translation displacement, node 12, m
        154    1.738E+01                                 F               0         Blade 1 X translation displacement, node 13, m
        155   -6.610E+01                                 F               0         Blade 1 Y translation displacement, node 13, m
        156   -3.934E+01                                 F               0         Blade 1 Z translation displacement, node 13, m
        157    1.729E+01                                 F               0         Blade 1 X translation displacement, node 14, m
        158   -6.967E+01                                 F               0         Blade 1 Y translation displacement, node 14, m
        159   -4.174E+01                                 F               0         Blade 1 Z translation displacement, node 14, m
        160    1.720E+01                                 F               0         Blade 1 X translation displacement, node 15, m
        161   -7.324E+01                                 F               0         Blade 1 Y translation displacement, node 15, m
        162   -4.414E+01                                 F               0         Blade 1 Z translation displacement, node 15, m
        163    1.711E+01                                 F               0         Blade 1 X translation displacement, node 16, m
        164   -7.681E+01                                 F               0         Blade 1 Y translation displacement, node 16, m
        165   -4.654E+01                                 F               0         Blade 1 Z translation displacement, node 16, m
        166    1.703E+01                                 F               0         Blade 1 X translation displacement, node 17, m
        167   -8.039E+01                                 F               0         Blade 1 Y translation displacement, node 17, m
        168   -4.894E+01                                 F               0         Blade 1 Z translation displacement, node 17, m
        169    1.694E+01                                 F               0         Blade 1 X translation displacement, node 18, m
        170   -8.396E+01                                 F               0         Blade 1 Y translation displacement, node 18, m
        171   -5.134E+01                                 F               0         Blade 1 Z translation displacement, node 18, m
        172    1.685E+01                                 F               0         Blade 1 X translation displacement, node 19, m
        173   -8.753E+01                                 F               0         Blade 1 Y translation displacement, node 19, m
        174   -5.374E+01                                 F               0         Blade 1 Z translation displacement, node 19, m
        175    1.677E+01                                 F               0         Blade 1 X translation displacement, node 20, m
        176   -9.110E+01                                 F               0         Blade 1 Y translation displacement, node 20, m
        177   -5.614E+01                                 F               0         Blade 1 Z translation displacement, node 20, m
        178    1.668E+01                                 F               0         Blade 1 X translation displacement, node 21, m
        179   -9.468E+01                                 F               0         Blade 1 Y translation displacement, node 21, m
        180   -5.854E+01                                 F               0         Blade 1 Z translation displacement, node 21, m
        181    1.659E+01                                 F               0         Blade 1 X translation displacement, node 22, m
        182   -9.825E+01                                 F               0         Blade 1 Y translation displacement, node 22, m
        183   -6.093E+01                                 F               0         Blade 1 Z translation displacement, node 22, m
        184    1.650E+01                                 F               0         Blade 1 X translation displacement, node 23, m
        185   -1.018E+02                                 F               0         Blade 1 Y translation displacement, node 23, m
        186   -6.333E+01                                 F               0         Blade 1 Z translation displacement, node 23, m
        187    1.642E+01                                 F               0         Blade 1 X translation displacement, node 24, m
        188   -1.054E+02                                 F               0         Blade 1 Y translation displacement, node 24, m
        189   -6.573E+01                                 F               0         Blade 1 Z translation displacement, node 24, m
        190    1.633E+01                                 F               0         Blade 1 X translation displacement, node 25, m
        191   -1.090E+02                                 F               0         Blade 1 Y translation displacement, node 25, m
        192   -6.813E+01                                 F               0         Blade 1 Z translation displacement, node 25, m
        193    1.624E+01                                 F               0         Blade 1 X translation displacement, node 26, m
        194   -1.125E+02                                 F               0         Blade 1 Y translation displacement, node 26, m
        195   -7.053E+01                                 F               0         Blade 1 Z translation displacement, node 26, m
        196    1.616E+01                                 F               0         Blade 1 X translation displacement, node 27, m
        197   -1.161E+02                                 F               0         Blade 1 Y translation displacement, node 27, m
        198   -7.293E+01                                 F               0         Blade 1 Z translation displacement, node 27, m
        199    1.608E+01                                 F               0         Blade 1 X translation displacement, node 28, m
        200   -1.191E+02                                 F               0         Blade 1 Y translation displacement, node 28, m
        201   -7.496E+01                                 F               0         Blade 1 Z translation displacement, node 28, m
        202    7.756E-01, -1.767E-01, -6.060E-01         F               0         Blade 1 X orientation angle, node 1, rad
        203    6.259E-01,  3.400E-01,  7.019E-01         F               0         Blade 1 Y orientation angle, node 1, rad
        204    8.199E-02, -9.237E-01,  3.743E-01         F               0         Blade 1 Z orientation angle, node 1, rad
        205    7.756E-01, -1.767E-01, -6.060E-01         F               0         Blade 1 X orientation angle, node 2, rad
        206    6.259E-01,  3.400E-01,  7.019E-01         F               0         Blade 1 Y orientation angle, node 2, rad
        207    8.199E-02, -9.237E-01,  3.743E-01         F               0         Blade 1 Z orientation angle, node 2, rad
        208    9.018E-01, -9.112E-02, -4.224E-01         F               0         Blade 1 X orientation angle, node 3, rad
        209    4.243E-01,  3.722E-01,  8.255E-01         F               0         Blade 1 Y orientation angle, node 3, rad
        210    8.199E-02, -9.237E-01,  3.743E-01         F               0         Blade 1 Z orientation angle, node 3, rad
        211    9.189E-01, -7.532E-02, -3.872E-01         F               0         Blade 1 X orientation angle, node 4, rad
        212    3.858E-01,  3.757E-01,  8.426E-01         F               0         Blade 1 Y orientation angle, node 4, rad
        213    8.199E-02, -9.237E-01,  3.743E-01         F               0         Blade 1 Z orientation angle, node 4, rad
        214    9.312E-01, -6.283E-02, -3.590E-01         F               0         Blade 1 X orientation angle, node 5, rad
        215    3.552E-01,  3.780E-01,  8.550E-01         F               0         Blade 1 Y orientation angle, node 5, rad
        216    8.199E-02, -9.237E-01,  3.743E-01         F               0         Blade 1 Z orientation angle, node 5, rad
        217    9.403E-01, -5.278E-02, -3.362E-01         F               0         Blade 1 X orientation angle, node 6, rad
        218    3.303E-01,  3.795E-01,  8.642E-01         F               0         Blade 1 Y orientation angle, node 6, rad
        219    8.199E-02, -9.237E-01,  3.743E-01         F               0         Blade 1 Z orientation angle, node 6, rad
        220    9.473E-01, -4.449E-02, -3.173E-01         F               0         Blade 1 X orientation angle, node 7, rad
        221    3.097E-01,  3.806E-01,  8.713E-01         F               0         Blade 1 Y orientation angle, node 7, rad
        222    8.199E-02, -9.237E-01,  3.743E-01         F               0         Blade 1 Z orientation angle, node 7, rad
        223    9.527E-01, -3.757E-02, -3.014E-01         F               0         Blade 1 X orientation angle, node 8, rad
        224    2.925E-01,  3.813E-01,  8.770E-01         F               0         Blade 1 Y orientation angle, node 8, rad
        225    8.199E-02, -9.237E-01,  3.743E-01         F               0         Blade 1 Z orientation angle, node 8, rad
        226    9.571E-01, -3.171E-02, -2.879E-01         F               0         Blade 1 X orientation angle, node 9, rad
        227    2.778E-01,  3.818E-01,  8.815E-01         F               0         Blade 1 Y orientation angle, node 9, rad
        228    8.199E-02, -9.237E-01,  3.743E-01         F               0         Blade 1 Z orientation angle, node 9, rad
        229    9.607E-01, -2.664E-02, -2.762E-01         F               0         Blade 1 X orientation angle, node 10, rad
        230    2.651E-01,  3.822E-01,  8.852E-01         F               0         Blade 1 Y orientation angle, node 10, rad
        231    8.199E-02, -9.237E-01,  3.743E-01         F               0         Blade 1 Z orientation angle, node 10, rad
        232    9.637E-01, -2.231E-02, -2.662E-01         F               0         Blade 1 X orientation angle, node 11, rad
        233    2.542E-01,  3.825E-01,  8.883E-01         F               0         Blade 1 Y orientation angle, node 11, rad
        234    8.199E-02, -9.237E-01,  3.743E-01         F               0         Blade 1 Z orientation angle, node 11, rad
        235    9.662E-01, -1.850E-02, -2.573E-01         F               0         Blade 1 X orientation angle, node 12, rad
        236    2.446E-01,  3.827E-01,  8.909E-01         F               0         Blade 1 Y orientation angle, node 12, rad
        237    8.199E-02, -9.237E-01,  3.743E-01         F               0         Blade 1 Z orientation angle, node 12, rad
        238    9.683E-01, -1.516E-02, -2.495E-01         F               0         Blade 1 X orientation angle, node 13, rad
        239    2.362E-01,  3.829E-01,  8.931E-01         F               0         Blade 1 Y orientation angle, node 13, rad
        240    8.199E-02, -9.237E-01,  3.743E-01         F               0         Blade 1 Z orientation angle, node 13, rad
        241    9.701E-01, -1.215E-02, -2.425E-01         F               0         Blade 1 X orientation angle, node 14, rad
        242    2.285E-01,  3.830E-01,  8.950E-01         F               0         Blade 1 Y orientation angle, node 14, rad
        243    8.199E-02, -9.237E-01,  3.743E-01         F               0         Blade 1 Z orientation angle, node 14, rad
        244    9.716E-01, -9.477E-03, -2.362E-01         F               0         Blade 1 X orientation angle, node 15, rad
        245    2.218E-01,  3.830E-01,  8.967E-01         F               0         Blade 1 Y orientation angle, node 15, rad
        246    8.199E-02, -9.237E-01,  3.743E-01         F               0         Blade 1 Z orientation angle, node 15, rad
        247    9.730E-01, -7.070E-03, -2.306E-01         F               0         Blade 1 X orientation angle, node 16, rad
        248    2.157E-01,  3.831E-01,  8.982E-01         F               0         Blade 1 Y orientation angle, node 16, rad
        249    8.199E-02, -9.237E-01,  3.743E-01         F               0         Blade 1 Z orientation angle, node 16, rad
        250    9.742E-01, -4.930E-03, -2.256E-01         F               0         Blade 1 X orientation angle, node 17, rad
        251    2.102E-01,  3.831E-01,  8.995E-01         F               0         Blade 1 Y orientation angle, node 17, rad
        252    8.199E-02, -9.237E-01,  3.743E-01         F               0         Blade 1 Z orientation angle, node 17, rad
        253    9.753E-01, -2.924E-03, -2.209E-01         F               0         Blade 1 X orientation angle, node 18, rad
        254    2.051E-01,  3.832E-01,  9.006E-01         F               0         Blade 1 Y orientation angle, node 18, rad
        255    8.199E-02, -9.237E-01,  3.743E-01         F               0         Blade 1 Z orientation angle, node 18, rad
        256    9.763E-01, -1.119E-03, -2.166E-01         F               0         Blade 1 X orientation angle, node 19, rad
        257    2.005E-01,  3.832E-01,  9.017E-01         F               0         Blade 1 Y orientation angle, node 19, rad
        258    8.199E-02, -9.237E-01,  3.743E-01         F               0         Blade 1 Z orientation angle, node 19, rad
        259    9.771E-01,  4.863E-04, -2.128E-01         F               0         Blade 1 X orientation angle, node 20, rad
        260    1.964E-01,  3.832E-01,  9.026E-01         F               0         Blade 1 Y orientation angle, node 20, rad
        261    8.199E-02, -9.237E-01,  3.743E-01         F               0         Blade 1 Z orientation angle, node 20, rad
        262    9.779E-01,  2.024E-03, -2.092E-01         F               0         Blade 1 X orientation angle, node 21, rad
        263    1.925E-01,  3.832E-01,  9.034E-01         F               0         Blade 1 Y orientation angle, node 21, rad
        264    8.199E-02, -9.237E-01,  3.743E-01         F               0         Blade 1 Z orientation angle, node 21, rad
        265    9.786E-01,  3.429E-03, -2.059E-01         F               0         Blade 1 X orientation angle, node 22, rad
        266    1.889E-01,  3.831E-01,  9.042E-01         F               0         Blade 1 Y orientation angle, node 22, rad
        267    8.199E-02, -9.237E-01,  3.743E-01         F               0         Blade 1 Z orientation angle, node 22, rad
        268    9.792E-01,  4.699E-03, -2.029E-01         F               0         Blade 1 X orientation angle, node 23, rad
        269    1.857E-01,  3.831E-01,  9.048E-01         F               0         Blade 1 Y orientation angle, node 23, rad
        270    8.199E-02, -9.237E-01,  3.743E-01         F               0         Blade 1 Z orientation angle, node 23, rad
        271    9.798E-01,  5.903E-03, -2.001E-01         F               0         Blade 1 X orientation angle, node 24, rad
        272    1.826E-01,  3.831E-01,  9.055E-01         F               0         Blade 1 Y orientation angle, node 24, rad
        273    8.199E-02, -9.237E-01,  3.743E-01         F               0         Blade 1 Z orientation angle, node 24, rad
        274    9.803E-01,  7.040E-03, -1.974E-01         F               0         Blade 1 X orientation angle, node 25, rad
        275    1.797E-01,  3.831E-01,  9.061E-01         F               0         Blade 1 Y orientation angle, node 25, rad
        276    8.199E-02, -9.237E-01,  3.743E-01         F               0         Blade 1 Z orientation angle, node 25, rad
        277    9.808E-01,  8.042E-03, -1.950E-01         F               0         Blade 1 X orientation angle, node 26, rad
        278    1.771E-01,  3.831E-01,  9.066E-01         F               0         Blade 1 Y orientation angle, node 26, rad
        279    8.199E-02, -9.237E-01,  3.743E-01         F               0         Blade 1 Z orientation angle, node 26, rad
        280    9.812E-01,  9.045E-03, -1.926E-01         F               0         Blade 1 X orientation angle, node 27, rad
        281    1.745E-01,  3.831E-01,  9.071E-01         F               0         Blade 1 Y orientation angle, node 27, rad
        282    8.199E-02, -9.237E-01,  3.743E-01         F               0         Blade 1 Z orientation angle, node 27, rad
        283    9.815E-01,  9.580E-03, -1.914E-01         F               0         Blade 1 X orientation angle, node 28, rad
        284    1.732E-01,  3.830E-01,  9.074E-01         F               0         Blade 1 Y orientation angle, node 28, rad
        285    8.199E-02, -9.237E-01,  3.743E-01         F               0         Blade 1 Z orientation angle, node 28, rad
        286   -6.835E-01                                 F               0         Blade 1 X translation velocity, node 1, m/s
        287   -1.494E+00                                 F               0         Blade 1 Y translation velocity, node 1, m/s
        288   -3.557E+00                                 F               0         Blade 1 Z translation velocity, node 1, m/s
        289   -8.481E-01                                 F               0         Blade 1 X translation velocity, node 2, m/s
        290   -1.856E+00                                 F               0         Blade 1 Y translation velocity, node 2, m/s
        291   -4.414E+00                                 F               0         Blade 1 Z translation velocity, node 2, m/s
        292   -3.087E+00                                 F               0         Blade 1 X translation velocity, node 3, m/s
        293   -6.774E+00                                 F               0         Blade 1 Y translation velocity, node 3, m/s
        294   -1.606E+01                                 F               0         Blade 1 Z translation velocity, node 3, m/s
        295   -3.564E+00                                 F               0         Blade 1 X translation velocity, node 4, m/s
        296   -7.822E+00                                 F               0         Blade 1 Y translation velocity, node 4, m/s
        297   -1.854E+01                                 F               0         Blade 1 Z translation velocity, node 4, m/s
        298   -4.041E+00                                 F               0         Blade 1 X translation velocity, node 5, m/s
        299   -8.870E+00                                 F               0         Blade 1 Y translation velocity, node 5, m/s
        300   -2.102E+01                                 F               0         Blade 1 Z translation velocity, node 5, m/s
        301   -4.518E+00                                 F               0         Blade 1 X translation velocity, node 6, m/s
        302   -9.918E+00                                 F               0         Blade 1 Y translation velocity, node 6, m/s
        303   -2.351E+01                                 F               0         Blade 1 Z translation velocity, node 6, m/s
        304   -4.995E+00                                 F               0         Blade 1 X translation velocity, node 7, m/s
        305   -1.097E+01                                 F               0         Blade 1 Y translation velocity, node 7, m/s
        306   -2.599E+01                                 F               0         Blade 1 Z translation velocity, node 7, m/s
        307   -5.472E+00                                 F               0         Blade 1 X translation velocity, node 8, m/s
