
Linearized model: Predictions were generated on 08-Jan-2024 at 09:43:14 using OpenFAST, compiled as a 64-bit application using single precision at commit v3.5.1
 linked with  NWTC Subroutine Library; ElastoDyn; InflowWind; AeroDyn; ServoDyn; HydroDyn; MoorDyn (v2.0.0, 2023-09-18)

Description from the FAST input file: CCT-9 Campign 4 model. Input files to be run with OpenFAST 3.5.0. GitHub branch from Lu Wang (https://github.com/luwang00/openfast/tree/dev) compiled on March 7, 2023.

Simulation information:
   Simulation time:                  1002.2500 s
   Rotor Speed:                         0.7074 rad/s
   Azimuth:                             0.7789 rad
   Wind Speed:                          8.0000 m/s
   Number of continuous states:         0
   Number of discrete states:           0
   Number of constraint states:         0
   Number of inputs:                 1746
   Number of outputs:                   4
   Jacobians included in this file?    No

Order of inputs:
     Column   Operating Point                     Rotating Frame? Derivative Order Description
   ---------- ---------------                     --------------- ---------------- -----------
          1    7.251E+00                                 F               0         Tower X translation displacement, node 1, m
          2   -1.279E+00                                 F               0         Tower Y translation displacement, node 1, m
          3   -1.516E-01                                 F               0         Tower Z translation displacement, node 1, m
          4    8.293E+00                                 F               0         Tower X translation displacement, node 2, m
          5   -1.821E+00                                 F               0         Tower Y translation displacement, node 2, m
          6   -2.076E-01                                 F               0         Tower Z translation displacement, node 2, m
          7    9.351E+00                                 F               0         Tower X translation displacement, node 3, m
          8   -2.368E+00                                 F               0         Tower Y translation displacement, node 3, m
          9   -2.651E-01                                 F               0         Tower Z translation displacement, node 3, m
         10    1.042E+01                                 F               0         Tower X translation displacement, node 4, m
         11   -2.920E+00                                 F               0         Tower Y translation displacement, node 4, m
         12   -3.239E-01                                 F               0         Tower Z translation displacement, node 4, m
         13    1.150E+01                                 F               0         Tower X translation displacement, node 5, m
         14   -3.475E+00                                 F               0         Tower Y translation displacement, node 5, m
         15   -3.836E-01                                 F               0         Tower Z translation displacement, node 5, m
         16    1.259E+01                                 F               0         Tower X translation displacement, node 6, m
         17   -4.033E+00                                 F               0         Tower Y translation displacement, node 6, m
         18   -4.441E-01                                 F               0         Tower Z translation displacement, node 6, m
         19    1.368E+01                                 F               0         Tower X translation displacement, node 7, m
         20   -4.594E+00                                 F               0         Tower Y translation displacement, node 7, m
         21   -5.052E-01                                 F               0         Tower Z translation displacement, node 7, m
         22    1.477E+01                                 F               0         Tower X translation displacement, node 8, m
         23   -5.156E+00                                 F               0         Tower Y translation displacement, node 8, m
         24   -5.667E-01                                 F               0         Tower Z translation displacement, node 8, m
         25    1.587E+01                                 F               0         Tower X translation displacement, node 9, m
         26   -5.720E+00                                 F               0         Tower Y translation displacement, node 9, m
         27   -6.285E-01                                 F               0         Tower Z translation displacement, node 9, m
         28    1.697E+01                                 F               0         Tower X translation displacement, node 10, m
         29   -6.285E+00                                 F               0         Tower Y translation displacement, node 10, m
         30   -6.905E-01                                 F               0         Tower Z translation displacement, node 10, m
         31    1.807E+01                                 F               0         Tower X translation displacement, node 11, m
         32   -6.851E+00                                 F               0         Tower Y translation displacement, node 11, m
         33   -7.526E-01                                 F               0         Tower Z translation displacement, node 11, m
         34    9.965E-01,  4.117E-03, -8.373E-02         F               0         Tower X orientation angle, node 1, rad
         35   -4.372E-04,  9.990E-01,  4.392E-02         F               0         Tower Y orientation angle, node 1, rad
         36    8.383E-02, -4.373E-02,  9.955E-01         F               0         Tower Z orientation angle, node 1, rad
         37    9.964E-01,  4.170E-03, -8.494E-02         F               0         Tower X orientation angle, node 2, rad
         38   -4.036E-04,  9.990E-01,  4.432E-02         F               0         Tower Y orientation angle, node 2, rad
         39    8.504E-02, -4.412E-02,  9.954E-01         F               0         Tower Z orientation angle, node 2, rad
         40    9.963E-01,  4.217E-03, -8.598E-02         F               0         Tower X orientation angle, node 3, rad
         41   -3.729E-04,  9.990E-01,  4.467E-02         F               0         Tower Y orientation angle, node 3, rad
         42    8.608E-02, -4.448E-02,  9.953E-01         F               0         Tower Z orientation angle, node 3, rad
         43    9.962E-01,  4.255E-03, -8.683E-02         F               0         Tower X orientation angle, node 4, rad
         44   -3.459E-04,  9.990E-01,  4.498E-02         F               0         Tower Y orientation angle, node 4, rad
         45    8.694E-02, -4.478E-02,  9.952E-01         F               0         Tower Z orientation angle, node 4, rad
         46    9.962E-01,  4.286E-03, -8.752E-02         F               0         Tower X orientation angle, node 5, rad
         47   -3.226E-04,  9.990E-01,  4.525E-02         F               0         Tower Y orientation angle, node 5, rad
         48    8.762E-02, -4.505E-02,  9.951E-01         F               0         Tower Z orientation angle, node 5, rad
         49    9.961E-01,  4.310E-03, -8.804E-02         F               0         Tower X orientation angle, node 6, rad
         50   -3.029E-04,  9.990E-01,  4.547E-02         F               0         Tower Y orientation angle, node 6, rad
         51    8.814E-02, -4.527E-02,  9.951E-01         F               0         Tower Z orientation angle, node 6, rad
         52    9.961E-01,  4.327E-03, -8.841E-02         F               0         Tower X orientation angle, node 7, rad
         53   -2.872E-04,  9.990E-01,  4.565E-02         F               0         Tower Y orientation angle, node 7, rad
         54    8.852E-02, -4.545E-02,  9.950E-01         F               0         Tower Z orientation angle, node 7, rad
         55    9.961E-01,  4.339E-03, -8.867E-02         F               0         Tower X orientation angle, node 8, rad
         56   -2.749E-04,  9.990E-01,  4.579E-02         F               0         Tower Y orientation angle, node 8, rad
         57    8.877E-02, -4.559E-02,  9.950E-01         F               0         Tower Z orientation angle, node 8, rad
         58    9.960E-01,  4.346E-03, -8.883E-02         F               0         Tower X orientation angle, node 9, rad
         59   -2.659E-04,  9.989E-01,  4.589E-02         F               0         Tower Y orientation angle, node 9, rad
         60    8.893E-02, -4.569E-02,  9.950E-01         F               0         Tower Z orientation angle, node 9, rad
         61    9.960E-01,  4.350E-03, -8.892E-02         F               0         Tower X orientation angle, node 10, rad
         62   -2.601E-04,  9.989E-01,  4.596E-02         F               0         Tower Y orientation angle, node 10, rad
         63    8.902E-02, -4.575E-02,  9.950E-01         F               0         Tower Z orientation angle, node 10, rad
         64    9.960E-01,  4.352E-03, -8.896E-02         F               0         Tower X orientation angle, node 11, rad
         65   -2.568E-04,  9.989E-01,  4.600E-02         F               0         Tower Y orientation angle, node 11, rad
         66    8.906E-02, -4.579E-02,  9.950E-01         F               0         Tower Z orientation angle, node 11, rad
         67   -2.501E-04                                 F               0         Tower X translation velocity, node 1, m/s
         68    1.010E-03                                 F               0         Tower Y translation velocity, node 1, m/s
         69   -3.027E-03                                 F               0         Tower Z translation velocity, node 1, m/s
         70   -2.924E-04                                 F               0         Tower X translation velocity, node 2, m/s
         71    1.546E-03                                 F               0         Tower Y translation velocity, node 2, m/s
         72   -3.000E-03                                 F               0         Tower Z translation velocity, node 2, m/s
         73   -3.315E-04                                 F               0         Tower X translation velocity, node 3, m/s
         74    2.079E-03                                 F               0         Tower Y translation velocity, node 3, m/s
         75   -2.973E-03                                 F               0         Tower Z translation velocity, node 3, m/s
         76   -3.672E-04                                 F               0         Tower X translation velocity, node 4, m/s
         77    2.608E-03                                 F               0         Tower Y translation velocity, node 4, m/s
         78   -2.946E-03                                 F               0         Tower Z translation velocity, node 4, m/s
         79   -3.995E-04                                 F               0         Tower X translation velocity, node 5, m/s
         80    3.135E-03                                 F               0         Tower Y translation velocity, node 5, m/s
         81   -2.919E-03                                 F               0         Tower Z translation velocity, node 5, m/s
         82   -4.280E-04                                 F               0         Tower X translation velocity, node 6, m/s
         83    3.659E-03                                 F               0         Tower Y translation velocity, node 6, m/s
         84   -2.893E-03                                 F               0         Tower Z translation velocity, node 6, m/s
         85   -4.532E-04                                 F               0         Tower X translation velocity, node 7, m/s
         86    4.181E-03                                 F               0         Tower Y translation velocity, node 7, m/s
         87   -2.867E-03                                 F               0         Tower Z translation velocity, node 7, m/s
         88   -4.750E-04                                 F               0         Tower X translation velocity, node 8, m/s
         89    4.701E-03                                 F               0         Tower Y translation velocity, node 8, m/s
         90   -2.841E-03                                 F               0         Tower Z translation velocity, node 8, m/s
         91   -4.937E-04                                 F               0         Tower X translation velocity, node 9, m/s
         92    5.219E-03                                 F               0         Tower Y translation velocity, node 9, m/s
         93   -2.816E-03                                 F               0         Tower Z translation velocity, node 9, m/s
         94   -5.100E-04                                 F               0         Tower X translation velocity, node 10, m/s
         95    5.736E-03                                 F               0         Tower Y translation velocity, node 10, m/s
         96   -2.791E-03                                 F               0         Tower Z translation velocity, node 10, m/s
         97   -5.247E-04                                 F               0         Tower X translation velocity, node 11, m/s
         98    6.251E-03                                 F               0         Tower Y translation velocity, node 11, m/s
         99   -2.766E-03                                 F               0         Tower Z translation velocity, node 11, m/s
        100    1.881E+01                                 F               0         Hub X translation displacement, node 1, m
        101   -7.257E+00                                 F               0         Hub Y translation displacement, node 1, m
        102    1.687E-01                                 F               0         Hub Z translation displacement, node 1, m
        103    9.813E-01,  9.115E-03, -1.925E-01         F               0         Hub X orientation angle, node 1, rad
        104    1.352E-01,  6.792E-01,  7.214E-01         F               0         Hub Y orientation angle, node 1, rad
        105    1.373E-01, -7.339E-01,  6.653E-01         F               0         Hub Z orientation angle, node 1, rad
        106    6.941E-01                                 F               0         Hub X rotation velocity, node 1, rad/s
        107    6.446E-03                                 F               0         Hub Y rotation velocity, node 1, rad/s
        108   -1.361E-01                                 F               0         Hub Z rotation velocity, node 1, rad/s
        109    9.768E-01, -1.104E-02, -2.138E-01         F               0         Blade root 1 X orientation angle, node 1, rad
        110    1.642E-01,  6.792E-01,  7.153E-01         F               0         Blade root 1 Y orientation angle, node 1, rad
        111    1.373E-01, -7.339E-01,  6.653E-01         F               0         Blade root 1 Z orientation angle, node 1, rad
        112    9.793E-01,  3.804E-02, -1.988E-01         F               0         Blade root 2 X orientation angle, node 1, rad
        113    8.041E-02, -9.745E-01,  2.097E-01         F               0         Blade root 2 Y orientation angle, node 1, rad
        114   -1.857E-01, -2.213E-01, -9.574E-01         F               0         Blade root 2 Z orientation angle, node 1, rad
        115    9.864E-01,  3.323E-04, -1.646E-01         F               0         Blade root 3 X orientation angle, node 1, rad
        116   -1.573E-01,  2.961E-01, -9.421E-01         F               0         Blade root 3 Y orientation angle, node 1, rad
        117    4.842E-02,  9.552E-01,  2.921E-01         F               0         Blade root 3 Z orientation angle, node 1, rad
        118    1.899E+01                                 F               0         Blade 1 X translation displacement, node 1, m
        119   -1.132E+01                                 F               0         Blade 1 Y translation displacement, node 1, m
        120   -1.655E+00                                 F               0         Blade 1 Z translation displacement, node 1, m
        121    1.904E+01                                 F               0         Blade 1 X translation displacement, node 2, m
        122   -1.230E+01                                 F               0         Blade 1 Y translation displacement, node 2, m
        123   -2.095E+00                                 F               0         Blade 1 Z translation displacement, node 2, m
        124    1.963E+01                                 F               0         Blade 1 X translation displacement, node 3, m
        125   -2.562E+01                                 F               0         Blade 1 Y translation displacement, node 3, m
        126   -8.071E+00                                 F               0         Blade 1 Z translation displacement, node 3, m
        127    1.976E+01                                 F               0         Blade 1 X translation displacement, node 4, m
        128   -2.846E+01                                 F               0         Blade 1 Y translation displacement, node 4, m
        129   -9.344E+00                                 F               0         Blade 1 Z translation displacement, node 4, m
        130    1.989E+01                                 F               0         Blade 1 X translation displacement, node 5, m
        131   -3.130E+01                                 F               0         Blade 1 Y translation displacement, node 5, m
        132   -1.062E+01                                 F               0         Blade 1 Z translation displacement, node 5, m
        133    2.001E+01                                 F               0         Blade 1 X translation displacement, node 6, m
        134   -3.414E+01                                 F               0         Blade 1 Y translation displacement, node 6, m
        135   -1.189E+01                                 F               0         Blade 1 Z translation displacement, node 6, m
        136    2.014E+01                                 F               0         Blade 1 X translation displacement, node 7, m
        137   -3.698E+01                                 F               0         Blade 1 Y translation displacement, node 7, m
        138   -1.316E+01                                 F               0         Blade 1 Z translation displacement, node 7, m
        139    2.027E+01                                 F               0         Blade 1 X translation displacement, node 8, m
        140   -3.982E+01                                 F               0         Blade 1 Y translation displacement, node 8, m
        141   -1.444E+01                                 F               0         Blade 1 Z translation displacement, node 8, m
        142    2.039E+01                                 F               0         Blade 1 X translation displacement, node 9, m
        143   -4.265E+01                                 F               0         Blade 1 Y translation displacement, node 9, m
        144   -1.571E+01                                 F               0         Blade 1 Z translation displacement, node 9, m
        145    2.052E+01                                 F               0         Blade 1 X translation displacement, node 10, m
        146   -4.549E+01                                 F               0         Blade 1 Y translation displacement, node 10, m
        147   -1.698E+01                                 F               0         Blade 1 Z translation displacement, node 10, m
        148    2.065E+01                                 F               0         Blade 1 X translation displacement, node 11, m
        149   -4.833E+01                                 F               0         Blade 1 Y translation displacement, node 11, m
        150   -1.826E+01                                 F               0         Blade 1 Z translation displacement, node 11, m
        151    2.077E+01                                 F               0         Blade 1 X translation displacement, node 12, m
        152   -5.117E+01                                 F               0         Blade 1 Y translation displacement, node 12, m
        153   -1.953E+01                                 F               0         Blade 1 Z translation displacement, node 12, m
        154    2.090E+01                                 F               0         Blade 1 X translation displacement, node 13, m
        155   -5.401E+01                                 F               0         Blade 1 Y translation displacement, node 13, m
        156   -2.081E+01                                 F               0         Blade 1 Z translation displacement, node 13, m
        157    2.103E+01                                 F               0         Blade 1 X translation displacement, node 14, m
        158   -5.684E+01                                 F               0         Blade 1 Y translation displacement, node 14, m
        159   -2.208E+01                                 F               0         Blade 1 Z translation displacement, node 14, m
        160    2.115E+01                                 F               0         Blade 1 X translation displacement, node 15, m
        161   -5.968E+01                                 F               0         Blade 1 Y translation displacement, node 15, m
        162   -2.335E+01                                 F               0         Blade 1 Z translation displacement, node 15, m
        163    2.128E+01                                 F               0         Blade 1 X translation displacement, node 16, m
        164   -6.252E+01                                 F               0         Blade 1 Y translation displacement, node 16, m
        165   -2.463E+01                                 F               0         Blade 1 Z translation displacement, node 16, m
        166    2.141E+01                                 F               0         Blade 1 X translation displacement, node 17, m
        167   -6.536E+01                                 F               0         Blade 1 Y translation displacement, node 17, m
        168   -2.590E+01                                 F               0         Blade 1 Z translation displacement, node 17, m
        169    2.153E+01                                 F               0         Blade 1 X translation displacement, node 18, m
        170   -6.820E+01                                 F               0         Blade 1 Y translation displacement, node 18, m
        171   -2.717E+01                                 F               0         Blade 1 Z translation displacement, node 18, m
        172    2.166E+01                                 F               0         Blade 1 X translation displacement, node 19, m
        173   -7.104E+01                                 F               0         Blade 1 Y translation displacement, node 19, m
        174   -2.845E+01                                 F               0         Blade 1 Z translation displacement, node 19, m
        175    2.179E+01                                 F               0         Blade 1 X translation displacement, node 20, m
        176   -7.388E+01                                 F               0         Blade 1 Y translation displacement, node 20, m
        177   -2.972E+01                                 F               0         Blade 1 Z translation displacement, node 20, m
        178    2.191E+01                                 F               0         Blade 1 X translation displacement, node 21, m
        179   -7.671E+01                                 F               0         Blade 1 Y translation displacement, node 21, m
        180   -3.099E+01                                 F               0         Blade 1 Z translation displacement, node 21, m
        181    2.204E+01                                 F               0         Blade 1 X translation displacement, node 22, m
        182   -7.955E+01                                 F               0         Blade 1 Y translation displacement, node 22, m
        183   -3.227E+01                                 F               0         Blade 1 Z translation displacement, node 22, m
        184    2.217E+01                                 F               0         Blade 1 X translation displacement, node 23, m
        185   -8.239E+01                                 F               0         Blade 1 Y translation displacement, node 23, m
        186   -3.354E+01                                 F               0         Blade 1 Z translation displacement, node 23, m
        187    2.230E+01                                 F               0         Blade 1 X translation displacement, node 24, m
        188   -8.523E+01                                 F               0         Blade 1 Y translation displacement, node 24, m
        189   -3.481E+01                                 F               0         Blade 1 Z translation displacement, node 24, m
        190    2.242E+01                                 F               0         Blade 1 X translation displacement, node 25, m
        191   -8.807E+01                                 F               0         Blade 1 Y translation displacement, node 25, m
        192   -3.609E+01                                 F               0         Blade 1 Z translation displacement, node 25, m
        193    2.255E+01                                 F               0         Blade 1 X translation displacement, node 26, m
        194   -9.091E+01                                 F               0         Blade 1 Y translation displacement, node 26, m
        195   -3.736E+01                                 F               0         Blade 1 Z translation displacement, node 26, m
        196    2.268E+01                                 F               0         Blade 1 X translation displacement, node 27, m
        197   -9.374E+01                                 F               0         Blade 1 Y translation displacement, node 27, m
        198   -3.863E+01                                 F               0         Blade 1 Z translation displacement, node 27, m
        199    2.278E+01                                 F               0         Blade 1 X translation displacement, node 28, m
        200   -9.615E+01                                 F               0         Blade 1 Y translation displacement, node 28, m
        201   -3.971E+01                                 F               0         Blade 1 Z translation displacement, node 28, m
        202    7.945E-01, -3.196E-01, -5.165E-01         F               0         Blade 1 X orientation angle, node 1, rad
        203    5.916E-01,  5.995E-01,  5.391E-01         F               0         Blade 1 Y orientation angle, node 1, rad
        204    1.373E-01, -7.339E-01,  6.653E-01         F               0         Blade 1 Z orientation angle, node 1, rad
        205    7.945E-01, -3.196E-01, -5.165E-01         F               0         Blade 1 X orientation angle, node 2, rad
        206    5.916E-01,  5.995E-01,  5.391E-01         F               0         Blade 1 Y orientation angle, node 2, rad
        207    1.373E-01, -7.339E-01,  6.653E-01         F               0         Blade 1 Z orientation angle, node 2, rad
        208    9.120E-01, -1.684E-01, -3.740E-01         F               0         Blade 1 X orientation angle, node 3, rad
        209    3.865E-01,  6.581E-01,  6.462E-01         F               0         Blade 1 Y orientation angle, node 3, rad
        210    1.373E-01, -7.339E-01,  6.653E-01         F               0         Blade 1 Z orientation angle, node 3, rad
        211    9.275E-01, -1.404E-01, -3.463E-01         F               0         Blade 1 X orientation angle, node 4, rad
        212    3.476E-01,  6.646E-01,  6.614E-01         F               0         Blade 1 Y orientation angle, node 4, rad
        213    1.373E-01, -7.339E-01,  6.653E-01         F               0         Blade 1 Z orientation angle, node 4, rad
        214    9.385E-01, -1.183E-01, -3.242E-01         F               0         Blade 1 X orientation angle, node 5, rad
        215    3.167E-01,  6.689E-01,  6.725E-01         F               0         Blade 1 Y orientation angle, node 5, rad
        216    1.373E-01, -7.339E-01,  6.653E-01         F               0         Blade 1 Z orientation angle, node 5, rad
        217    9.466E-01, -1.005E-01, -3.063E-01         F               0         Blade 1 X orientation angle, node 6, rad
        218    2.917E-01,  6.718E-01,  6.809E-01         F               0         Blade 1 Y orientation angle, node 6, rad
        219    1.373E-01, -7.339E-01,  6.653E-01         F               0         Blade 1 Z orientation angle, node 6, rad
        220    9.528E-01, -8.586E-02, -2.914E-01         F               0         Blade 1 X orientation angle, node 7, rad
        221    2.709E-01,  6.739E-01,  6.874E-01         F               0         Blade 1 Y orientation angle, node 7, rad
        222    1.373E-01, -7.339E-01,  6.653E-01         F               0         Blade 1 Z orientation angle, node 7, rad
        223    9.575E-01, -7.361E-02, -2.788E-01         F               0         Blade 1 X orientation angle, node 8, rad
        224    2.536E-01,  6.753E-01,  6.926E-01         F               0         Blade 1 Y orientation angle, node 8, rad
        225    1.373E-01, -7.339E-01,  6.653E-01         F               0         Blade 1 Z orientation angle, node 8, rad
        226    9.613E-01, -6.323E-02, -2.682E-01         F               0         Blade 1 X orientation angle, node 9, rad
        227    2.389E-01,  6.764E-01,  6.968E-01         F               0         Blade 1 Y orientation angle, node 9, rad
        228    1.373E-01, -7.339E-01,  6.653E-01         F               0         Blade 1 Z orientation angle, node 9, rad
        229    9.644E-01, -5.426E-02, -2.589E-01         F               0         Blade 1 X orientation angle, node 10, rad
        230    2.261E-01,  6.771E-01,  7.003E-01         F               0         Blade 1 Y orientation angle, node 10, rad
        231    1.373E-01, -7.339E-01,  6.653E-01         F               0         Blade 1 Z orientation angle, node 10, rad
        232    9.669E-01, -4.657E-02, -2.509E-01         F               0         Blade 1 X orientation angle, node 11, rad
        233    2.151E-01,  6.777E-01,  7.032E-01         F               0         Blade 1 Y orientation angle, node 11, rad
        234    1.373E-01, -7.339E-01,  6.653E-01         F               0         Blade 1 Z orientation angle, node 11, rad
        235    9.690E-01, -3.983E-02, -2.439E-01         F               0         Blade 1 X orientation angle, node 12, rad
        236    2.055E-01,  6.781E-01,  7.056E-01         F               0         Blade 1 Y orientation angle, node 12, rad
        237    1.373E-01, -7.339E-01,  6.653E-01         F               0         Blade 1 Z orientation angle, node 12, rad
        238    9.707E-01, -3.391E-02, -2.378E-01         F               0         Blade 1 X orientation angle, node 13, rad
        239    1.970E-01,  6.785E-01,  7.077E-01         F               0         Blade 1 Y orientation angle, node 13, rad
        240    1.373E-01, -7.339E-01,  6.653E-01         F               0         Blade 1 Z orientation angle, node 13, rad
        241    9.723E-01, -2.858E-02, -2.322E-01         F               0         Blade 1 X orientation angle, node 14, rad
        242    1.894E-01,  6.787E-01,  7.096E-01         F               0         Blade 1 Y orientation angle, node 14, rad
        243    1.373E-01, -7.339E-01,  6.653E-01         F               0         Blade 1 Z orientation angle, node 14, rad
        244    9.735E-01, -2.384E-02, -2.272E-01         F               0         Blade 1 X orientation angle, node 15, rad
        245    1.826E-01,  6.789E-01,  7.112E-01         F               0         Blade 1 Y orientation angle, node 15, rad
        246    1.373E-01, -7.339E-01,  6.653E-01         F               0         Blade 1 Z orientation angle, node 15, rad
        247    9.747E-01, -1.957E-02, -2.228E-01         F               0         Blade 1 X orientation angle, node 16, rad
        248    1.765E-01,  6.790E-01,  7.126E-01         F               0         Blade 1 Y orientation angle, node 16, rad
        249    1.373E-01, -7.339E-01,  6.653E-01         F               0         Blade 1 Z orientation angle, node 16, rad
        250    9.756E-01, -1.578E-02, -2.188E-01         F               0         Blade 1 X orientation angle, node 17, rad
        251    1.710E-01,  6.791E-01,  7.138E-01         F               0         Blade 1 Y orientation angle, node 17, rad
        252    1.373E-01, -7.339E-01,  6.653E-01         F               0         Blade 1 Z orientation angle, node 17, rad
        253    9.765E-01, -1.223E-02, -2.150E-01         F               0         Blade 1 X orientation angle, node 18, rad
        254    1.659E-01,  6.792E-01,  7.149E-01         F               0         Blade 1 Y orientation angle, node 18, rad
        255    1.373E-01, -7.339E-01,  6.653E-01         F               0         Blade 1 Z orientation angle, node 18, rad
        256    9.773E-01, -9.025E-03, -2.117E-01         F               0         Blade 1 X orientation angle, node 19, rad
        257    1.613E-01,  6.792E-01,  7.160E-01         F               0         Blade 1 Y orientation angle, node 19, rad
        258    1.373E-01, -7.339E-01,  6.653E-01         F               0         Blade 1 Z orientation angle, node 19, rad
        259    9.780E-01, -6.179E-03, -2.087E-01         F               0         Blade 1 X orientation angle, node 20, rad
        260    1.572E-01,  6.793E-01,  7.168E-01         F               0         Blade 1 Y orientation angle, node 20, rad
        261    1.373E-01, -7.339E-01,  6.653E-01         F               0         Blade 1 Z orientation angle, node 20, rad
        262    9.786E-01, -3.452E-03, -2.058E-01         F               0         Blade 1 X orientation angle, node 21, rad
        263    1.533E-01,  6.793E-01,  7.177E-01         F               0         Blade 1 Y orientation angle, node 21, rad
        264    1.373E-01, -7.339E-01,  6.653E-01         F               0         Blade 1 Z orientation angle, node 21, rad
        265    9.791E-01, -9.626E-04, -2.032E-01         F               0         Blade 1 X orientation angle, node 22, rad
        266    1.497E-01,  6.793E-01,  7.184E-01         F               0         Blade 1 Y orientation angle, node 22, rad
        267    1.373E-01, -7.339E-01,  6.653E-01         F               0         Blade 1 Z orientation angle, node 22, rad
        268    9.796E-01,  1.290E-03, -2.008E-01         F               0         Blade 1 X orientation angle, node 23, rad
        269    1.465E-01,  6.793E-01,  7.191E-01         F               0         Blade 1 Y orientation angle, node 23, rad
        270    1.373E-01, -7.339E-01,  6.653E-01         F               0         Blade 1 Z orientation angle, node 23, rad
        271    9.801E-01,  3.424E-03, -1.985E-01         F               0         Blade 1 X orientation angle, node 24, rad
        272    1.434E-01,  6.793E-01,  7.197E-01         F               0         Blade 1 Y orientation angle, node 24, rad
        273    1.373E-01, -7.339E-01,  6.653E-01         F               0         Blade 1 Z orientation angle, node 24, rad
        274    9.805E-01,  5.440E-03, -1.964E-01         F               0         Blade 1 X orientation angle, node 25, rad
        275    1.405E-01,  6.793E-01,  7.203E-01         F               0         Blade 1 Y orientation angle, node 25, rad
        276    1.373E-01, -7.339E-01,  6.653E-01         F               0         Blade 1 Z orientation angle, node 25, rad
        277    9.809E-01,  7.218E-03, -1.945E-01         F               0         Blade 1 X orientation angle, node 26, rad
        278    1.379E-01,  6.793E-01,  7.208E-01         F               0         Blade 1 Y orientation angle, node 26, rad
        279    1.373E-01, -7.339E-01,  6.653E-01         F               0         Blade 1 Z orientation angle, node 26, rad
        280    9.812E-01,  8.996E-03, -1.926E-01         F               0         Blade 1 X orientation angle, node 27, rad
        281    1.354E-01,  6.792E-01,  7.213E-01         F               0         Blade 1 Y orientation angle, node 27, rad
        282    1.373E-01, -7.339E-01,  6.653E-01         F               0         Blade 1 Z orientation angle, node 27, rad
        283    9.814E-01,  9.945E-03, -1.916E-01         F               0         Blade 1 X orientation angle, node 28, rad
        284    1.340E-01,  6.792E-01,  7.216E-01         F               0         Blade 1 Y orientation angle, node 28, rad
        285    1.373E-01, -7.339E-01,  6.653E-01         F               0         Blade 1 Z orientation angle, node 28, rad
        286   -5.303E-01                                 F               0         Blade 1 X translation velocity, node 1, m/s
        287   -2.655E+00                                 F               0         Blade 1 Y translation velocity, node 1, m/s
        288   -2.829E+00                                 F               0         Blade 1 Z translation velocity, node 1, m/s
        289   -6.579E-01                                 F               0         Blade 1 X translation velocity, node 2, m/s
        290   -3.296E+00                                 F               0         Blade 1 Y translation velocity, node 2, m/s
        291   -3.511E+00                                 F               0         Blade 1 Z translation velocity, node 2, m/s
        292   -2.394E+00                                 F               0         Blade 1 X translation velocity, node 3, m/s
        293   -1.202E+01                                 F               0         Blade 1 Y translation velocity, node 3, m/s
        294   -1.277E+01                                 F               0         Blade 1 Z translation velocity, node 3, m/s
        295   -2.764E+00                                 F               0         Blade 1 X translation velocity, node 4, m/s
        296   -1.388E+01                                 F               0         Blade 1 Y translation velocity, node 4, m/s
        297   -1.475E+01                                 F               0         Blade 1 Z translation velocity, node 4, m/s
        298   -3.133E+00                                 F               0         Blade 1 X translation velocity, node 5, m/s
        299   -1.573E+01                                 F               0         Blade 1 Y translation velocity, node 5, m/s
        300   -1.672E+01                                 F               0         Blade 1 Z translation velocity, node 5, m/s
        301   -3.503E+00                                 F               0         Blade 1 X translation velocity, node 6, m/s
        302   -1.759E+01                                 F               0         Blade 1 Y translation velocity, node 6, m/s
        303   -1.869E+01                                 F               0         Blade 1 Z translation velocity, node 6, m/s
        304   -3.873E+00                                 F               0         Blade 1 X translation velocity, node 7, m/s
        305   -1.945E+01                                 F               0         Blade 1 Y translation velocity, node 7, m/s
        306   -2.067E+01                                 F               0         Blade 1 Z translation velocity, node 7, m/s
        307   -4.243E+00                                 F               0         Blade 1 X translation velocity, node 8, m/s
