
Linearized model: Predictions were generated on 08-Jan-2024 at 09:43:14 using OpenFAST, compiled as a 64-bit application using single precision at commit v3.5.1
 linked with  NWTC Subroutine Library; ElastoDyn; InflowWind; AeroDyn; ServoDyn; HydroDyn; MoorDyn (v2.0.0, 2023-09-18)

Description from the FAST input file: CCT-9 Campign 4 model. Input files to be run with OpenFAST 3.5.0. GitHub branch from Lu Wang (https://github.com/luwang00/openfast/tree/dev) compiled on March 7, 2023.

Simulation information:
   Simulation time:                  1000.7500 s
   Rotor Speed:                         0.7075 rad/s
   Azimuth:                             6.0010 rad
   Wind Speed:                          8.0000 m/s
   Number of continuous states:         0
   Number of discrete states:           0
   Number of constraint states:         0
   Number of inputs:                 1746
   Number of outputs:                   4
   Jacobians included in this file?    No

Order of inputs:
     Column   Operating Point                     Rotating Frame? Derivative Order Description
   ---------- ---------------                     --------------- ---------------- -----------
          1    7.251E+00                                 F               0         Tower X translation displacement, node 1, m
          2   -1.280E+00                                 F               0         Tower Y translation displacement, node 1, m
          3   -1.475E-01                                 F               0         Tower Z translation displacement, node 1, m
          4    8.293E+00                                 F               0         Tower X translation displacement, node 2, m
          5   -1.823E+00                                 F               0         Tower Y translation displacement, node 2, m
          6   -2.035E-01                                 F               0         Tower Z translation displacement, node 2, m
          7    9.351E+00                                 F               0         Tower X translation displacement, node 3, m
          8   -2.371E+00                                 F               0         Tower Y translation displacement, node 3, m
          9   -2.611E-01                                 F               0         Tower Z translation displacement, node 3, m
         10    1.042E+01                                 F               0         Tower X translation displacement, node 4, m
         11   -2.923E+00                                 F               0         Tower Y translation displacement, node 4, m
         12   -3.199E-01                                 F               0         Tower Z translation displacement, node 4, m
         13    1.150E+01                                 F               0         Tower X translation displacement, node 5, m
         14   -3.479E+00                                 F               0         Tower Y translation displacement, node 5, m
         15   -3.797E-01                                 F               0         Tower Z translation displacement, node 5, m
         16    1.259E+01                                 F               0         Tower X translation displacement, node 6, m
         17   -4.038E+00                                 F               0         Tower Y translation displacement, node 6, m
         18   -4.402E-01                                 F               0         Tower Z translation displacement, node 6, m
         19    1.368E+01                                 F               0         Tower X translation displacement, node 7, m
         20   -4.599E+00                                 F               0         Tower Y translation displacement, node 7, m
         21   -5.013E-01                                 F               0         Tower Z translation displacement, node 7, m
         22    1.477E+01                                 F               0         Tower X translation displacement, node 8, m
         23   -5.162E+00                                 F               0         Tower Y translation displacement, node 8, m
         24   -5.629E-01                                 F               0         Tower Z translation displacement, node 8, m
         25    1.587E+01                                 F               0         Tower X translation displacement, node 9, m
         26   -5.726E+00                                 F               0         Tower Y translation displacement, node 9, m
         27   -6.247E-01                                 F               0         Tower Z translation displacement, node 9, m
         28    1.697E+01                                 F               0         Tower X translation displacement, node 10, m
         29   -6.292E+00                                 F               0         Tower Y translation displacement, node 10, m
         30   -6.868E-01                                 F               0         Tower Z translation displacement, node 10, m
         31    1.807E+01                                 F               0         Tower X translation displacement, node 11, m
         32   -6.858E+00                                 F               0         Tower Y translation displacement, node 11, m
         33   -7.489E-01                                 F               0         Tower Z translation displacement, node 11, m
         34    9.965E-01,  4.117E-03, -8.374E-02         F               0         Tower X orientation angle, node 1, rad
         35   -4.329E-04,  9.990E-01,  4.397E-02         F               0         Tower Y orientation angle, node 1, rad
         36    8.384E-02, -4.378E-02,  9.955E-01         F               0         Tower Z orientation angle, node 1, rad
         37    9.964E-01,  4.171E-03, -8.494E-02         F               0         Tower X orientation angle, node 2, rad
         38   -3.992E-04,  9.990E-01,  4.437E-02         F               0         Tower Y orientation angle, node 2, rad
         39    8.505E-02, -4.417E-02,  9.954E-01         F               0         Tower Z orientation angle, node 2, rad
         40    9.963E-01,  4.217E-03, -8.598E-02         F               0         Tower X orientation angle, node 3, rad
         41   -3.686E-04,  9.990E-01,  4.472E-02         F               0         Tower Y orientation angle, node 3, rad
         42    8.609E-02, -4.452E-02,  9.953E-01         F               0         Tower Z orientation angle, node 3, rad
         43    9.962E-01,  4.255E-03, -8.684E-02         F               0         Tower X orientation angle, node 4, rad
         44   -3.416E-04,  9.990E-01,  4.503E-02         F               0         Tower Y orientation angle, node 4, rad
         45    8.694E-02, -4.483E-02,  9.952E-01         F               0         Tower Z orientation angle, node 4, rad
         46    9.962E-01,  4.286E-03, -8.752E-02         F               0         Tower X orientation angle, node 5, rad
         47   -3.183E-04,  9.990E-01,  4.530E-02         F               0         Tower Y orientation angle, node 5, rad
         48    8.763E-02, -4.510E-02,  9.951E-01         F               0         Tower Z orientation angle, node 5, rad
         49    9.961E-01,  4.310E-03, -8.805E-02         F               0         Tower X orientation angle, node 6, rad
         50   -2.987E-04,  9.990E-01,  4.552E-02         F               0         Tower Y orientation angle, node 6, rad
         51    8.815E-02, -4.532E-02,  9.951E-01         F               0         Tower Z orientation angle, node 6, rad
         52    9.961E-01,  4.327E-03, -8.842E-02         F               0         Tower X orientation angle, node 7, rad
         53   -2.829E-04,  9.990E-01,  4.570E-02         F               0         Tower Y orientation angle, node 7, rad
         54    8.852E-02, -4.550E-02,  9.950E-01         F               0         Tower Z orientation angle, node 7, rad
         55    9.961E-01,  4.339E-03, -8.868E-02         F               0         Tower X orientation angle, node 8, rad
         56   -2.707E-04,  9.989E-01,  4.584E-02         F               0         Tower Y orientation angle, node 8, rad
         57    8.878E-02, -4.564E-02,  9.950E-01         F               0         Tower Z orientation angle, node 8, rad
         58    9.960E-01,  4.347E-03, -8.884E-02         F               0         Tower X orientation angle, node 9, rad
         59   -2.617E-04,  9.989E-01,  4.594E-02         F               0         Tower Y orientation angle, node 9, rad
         60    8.894E-02, -4.574E-02,  9.950E-01         F               0         Tower Z orientation angle, node 9, rad
         61    9.960E-01,  4.351E-03, -8.893E-02         F               0         Tower X orientation angle, node 10, rad
         62   -2.559E-04,  9.989E-01,  4.601E-02         F               0         Tower Y orientation angle, node 10, rad
         63    8.903E-02, -4.580E-02,  9.950E-01         F               0         Tower Z orientation angle, node 10, rad
         64    9.960E-01,  4.353E-03, -8.897E-02         F               0         Tower X orientation angle, node 11, rad
         65   -2.526E-04,  9.989E-01,  4.605E-02         F               0         Tower Y orientation angle, node 11, rad
         66    8.907E-02, -4.584E-02,  9.950E-01         F               0         Tower Z orientation angle, node 11, rad
         67   -3.047E-04                                 F               0         Tower X translation velocity, node 1, m/s
         68    4.229E-04                                 F               0         Tower Y translation velocity, node 1, m/s
         69   -2.288E-03                                 F               0         Tower Z translation velocity, node 1, m/s
         70   -3.766E-04                                 F               0         Tower X translation velocity, node 2, m/s
         71    6.651E-04                                 F               0         Tower Y translation velocity, node 2, m/s
         72   -2.272E-03                                 F               0         Tower Z translation velocity, node 2, m/s
         73   -4.482E-04                                 F               0         Tower X translation velocity, node 3, m/s
         74    9.067E-04                                 F               0         Tower Y translation velocity, node 3, m/s
         75   -2.255E-03                                 F               0         Tower Z translation velocity, node 3, m/s
         76   -5.191E-04                                 F               0         Tower X translation velocity, node 4, m/s
         77    1.148E-03                                 F               0         Tower Y translation velocity, node 4, m/s
         78   -2.238E-03                                 F               0         Tower Z translation velocity, node 4, m/s
         79   -5.886E-04                                 F               0         Tower X translation velocity, node 5, m/s
         80    1.388E-03                                 F               0         Tower Y translation velocity, node 5, m/s
         81   -2.221E-03                                 F               0         Tower Z translation velocity, node 5, m/s
         82   -6.565E-04                                 F               0         Tower X translation velocity, node 6, m/s
         83    1.627E-03                                 F               0         Tower Y translation velocity, node 6, m/s
         84   -2.204E-03                                 F               0         Tower Z translation velocity, node 6, m/s
         85   -7.225E-04                                 F               0         Tower X translation velocity, node 7, m/s
         86    1.866E-03                                 F               0         Tower Y translation velocity, node 7, m/s
         87   -2.187E-03                                 F               0         Tower Z translation velocity, node 7, m/s
         88   -7.865E-04                                 F               0         Tower X translation velocity, node 8, m/s
         89    2.104E-03                                 F               0         Tower Y translation velocity, node 8, m/s
         90   -2.171E-03                                 F               0         Tower Z translation velocity, node 8, m/s
         91   -8.487E-04                                 F               0         Tower X translation velocity, node 9, m/s
         92    2.342E-03                                 F               0         Tower Y translation velocity, node 9, m/s
         93   -2.154E-03                                 F               0         Tower Z translation velocity, node 9, m/s
         94   -9.093E-04                                 F               0         Tower X translation velocity, node 10, m/s
         95    2.579E-03                                 F               0         Tower Y translation velocity, node 10, m/s
         96   -2.138E-03                                 F               0         Tower Z translation velocity, node 10, m/s
         97   -9.688E-04                                 F               0         Tower X translation velocity, node 11, m/s
         98    2.815E-03                                 F               0         Tower Y translation velocity, node 11, m/s
         99   -2.122E-03                                 F               0         Tower Z translation velocity, node 11, m/s
        100    1.881E+01                                 F               0         Hub X translation displacement, node 1, m
        101   -7.265E+00                                 F               0         Hub Y translation displacement, node 1, m
        102    1.725E-01                                 F               0         Hub Z translation displacement, node 1, m
        103    9.813E-01,  9.120E-03, -1.925E-01         F               0         Hub X orientation angle, node 1, rad
        104   -5.391E-02,  9.720E-01, -2.288E-01         F               0         Hub Y orientation angle, node 1, rad
        105    1.850E-01,  2.348E-01,  9.543E-01         F               0         Hub Z orientation angle, node 1, rad
        106    6.942E-01                                 F               0         Hub X rotation velocity, node 1, rad/s
        107    6.448E-03                                 F               0         Hub Y rotation velocity, node 1, rad/s
        108   -1.362E-01                                 F               0         Hub Z rotation velocity, node 1, rad/s
        109    9.824E-01, -1.972E-02, -1.856E-01         F               0         Blade root 1 X orientation angle, node 1, rad
        110   -2.477E-02,  9.718E-01, -2.344E-01         F               0         Blade root 1 Y orientation angle, node 1, rad
        111    1.850E-01,  2.348E-01,  9.543E-01         F               0         Blade root 1 Z orientation angle, node 1, rad
        112    9.753E-01,  1.750E-02, -2.203E-01         F               0         Blade root 2 X orientation angle, node 1, rad
        113    2.162E-01, -2.822E-01,  9.347E-01         F               0         Blade root 2 Y orientation angle, node 1, rad
        114   -4.582E-02, -9.592E-01, -2.790E-01         F               0         Blade root 2 Z orientation angle, node 1, rad
        115    9.848E-01,  2.957E-02, -1.713E-01         F               0         Blade root 3 X orientation angle, node 1, rad
        116   -1.041E-01, -6.888E-01, -7.174E-01         F               0         Blade root 3 Y orientation angle, node 1, rad
        117   -1.392E-01,  7.243E-01, -6.752E-01         F               0         Blade root 3 Z orientation angle, node 1, rad
        118    1.926E+01                                 F               0         Blade 1 X translation displacement, node 1, m
        119   -5.964E+00                                 F               0         Blade 1 Y translation displacement, node 1, m
        120   -5.052E-02                                 F               0         Blade 1 Z translation displacement, node 1, m
        121    1.937E+01                                 F               0         Blade 1 X translation displacement, node 2, m
        122   -5.650E+00                                 F               0         Blade 1 Y translation displacement, node 2, m
        123   -1.043E-01                                 F               0         Blade 1 Z translation displacement, node 2, m
        124    2.083E+01                                 F               0         Blade 1 X translation displacement, node 3, m
        125   -1.387E+00                                 F               0         Blade 1 Y translation displacement, node 3, m
        126   -8.350E-01                                 F               0         Blade 1 Z translation displacement, node 3, m
        127    2.114E+01                                 F               0         Blade 1 X translation displacement, node 4, m
        128   -4.790E-01                                 F               0         Blade 1 Y translation displacement, node 4, m
        129   -9.907E-01                                 F               0         Blade 1 Z translation displacement, node 4, m
        130    2.145E+01                                 F               0         Blade 1 X translation displacement, node 5, m
        131    4.294E-01                                 F               0         Blade 1 Y translation displacement, node 5, m
        132   -1.146E+00                                 F               0         Blade 1 Z translation displacement, node 5, m
        133    2.176E+01                                 F               0         Blade 1 X translation displacement, node 6, m
        134    1.338E+00                                 F               0         Blade 1 Y translation displacement, node 6, m
        135   -1.302E+00                                 F               0         Blade 1 Z translation displacement, node 6, m
        136    2.207E+01                                 F               0         Blade 1 X translation displacement, node 7, m
        137    2.246E+00                                 F               0         Blade 1 Y translation displacement, node 7, m
        138   -1.458E+00                                 F               0         Blade 1 Z translation displacement, node 7, m
        139    2.238E+01                                 F               0         Blade 1 X translation displacement, node 8, m
        140    3.154E+00                                 F               0         Blade 1 Y translation displacement, node 8, m
        141   -1.614E+00                                 F               0         Blade 1 Z translation displacement, node 8, m
        142    2.270E+01                                 F               0         Blade 1 X translation displacement, node 9, m
        143    4.063E+00                                 F               0         Blade 1 Y translation displacement, node 9, m
        144   -1.769E+00                                 F               0         Blade 1 Z translation displacement, node 9, m
        145    2.301E+01                                 F               0         Blade 1 X translation displacement, node 10, m
        146    4.971E+00                                 F               0         Blade 1 Y translation displacement, node 10, m
        147   -1.925E+00                                 F               0         Blade 1 Z translation displacement, node 10, m
        148    2.332E+01                                 F               0         Blade 1 X translation displacement, node 11, m
        149    5.879E+00                                 F               0         Blade 1 Y translation displacement, node 11, m
        150   -2.081E+00                                 F               0         Blade 1 Z translation displacement, node 11, m
        151    2.363E+01                                 F               0         Blade 1 X translation displacement, node 12, m
        152    6.788E+00                                 F               0         Blade 1 Y translation displacement, node 12, m
        153   -2.236E+00                                 F               0         Blade 1 Z translation displacement, node 12, m
        154    2.394E+01                                 F               0         Blade 1 X translation displacement, node 13, m
        155    7.696E+00                                 F               0         Blade 1 Y translation displacement, node 13, m
        156   -2.392E+00                                 F               0         Blade 1 Z translation displacement, node 13, m
        157    2.425E+01                                 F               0         Blade 1 X translation displacement, node 14, m
        158    8.604E+00                                 F               0         Blade 1 Y translation displacement, node 14, m
        159   -2.548E+00                                 F               0         Blade 1 Z translation displacement, node 14, m
        160    2.456E+01                                 F               0         Blade 1 X translation displacement, node 15, m
        161    9.512E+00                                 F               0         Blade 1 Y translation displacement, node 15, m
        162   -2.703E+00                                 F               0         Blade 1 Z translation displacement, node 15, m
        163    2.487E+01                                 F               0         Blade 1 X translation displacement, node 16, m
        164    1.042E+01                                 F               0         Blade 1 Y translation displacement, node 16, m
        165   -2.859E+00                                 F               0         Blade 1 Z translation displacement, node 16, m
        166    2.519E+01                                 F               0         Blade 1 X translation displacement, node 17, m
        167    1.133E+01                                 F               0         Blade 1 Y translation displacement, node 17, m
        168   -3.015E+00                                 F               0         Blade 1 Z translation displacement, node 17, m
        169    2.550E+01                                 F               0         Blade 1 X translation displacement, node 18, m
        170    1.224E+01                                 F               0         Blade 1 Y translation displacement, node 18, m
        171   -3.171E+00                                 F               0         Blade 1 Z translation displacement, node 18, m
        172    2.581E+01                                 F               0         Blade 1 X translation displacement, node 19, m
        173    1.315E+01                                 F               0         Blade 1 Y translation displacement, node 19, m
        174   -3.326E+00                                 F               0         Blade 1 Z translation displacement, node 19, m
        175    2.612E+01                                 F               0         Blade 1 X translation displacement, node 20, m
        176    1.405E+01                                 F               0         Blade 1 Y translation displacement, node 20, m
        177   -3.482E+00                                 F               0         Blade 1 Z translation displacement, node 20, m
        178    2.643E+01                                 F               0         Blade 1 X translation displacement, node 21, m
        179    1.496E+01                                 F               0         Blade 1 Y translation displacement, node 21, m
        180   -3.638E+00                                 F               0         Blade 1 Z translation displacement, node 21, m
        181    2.674E+01                                 F               0         Blade 1 X translation displacement, node 22, m
        182    1.587E+01                                 F               0         Blade 1 Y translation displacement, node 22, m
        183   -3.793E+00                                 F               0         Blade 1 Z translation displacement, node 22, m
        184    2.705E+01                                 F               0         Blade 1 X translation displacement, node 23, m
        185    1.678E+01                                 F               0         Blade 1 Y translation displacement, node 23, m
        186   -3.949E+00                                 F               0         Blade 1 Z translation displacement, node 23, m
        187    2.736E+01                                 F               0         Blade 1 X translation displacement, node 24, m
        188    1.769E+01                                 F               0         Blade 1 Y translation displacement, node 24, m
        189   -4.105E+00                                 F               0         Blade 1 Z translation displacement, node 24, m
        190    2.768E+01                                 F               0         Blade 1 X translation displacement, node 25, m
        191    1.860E+01                                 F               0         Blade 1 Y translation displacement, node 25, m
        192   -4.260E+00                                 F               0         Blade 1 Z translation displacement, node 25, m
        193    2.799E+01                                 F               0         Blade 1 X translation displacement, node 26, m
        194    1.950E+01                                 F               0         Blade 1 Y translation displacement, node 26, m
        195   -4.416E+00                                 F               0         Blade 1 Z translation displacement, node 26, m
        196    2.830E+01                                 F               0         Blade 1 X translation displacement, node 27, m
        197    2.041E+01                                 F               0         Blade 1 Y translation displacement, node 27, m
        198   -4.572E+00                                 F               0         Blade 1 Z translation displacement, node 27, m
        199    2.856E+01                                 F               0         Blade 1 X translation displacement, node 28, m
        200    2.118E+01                                 F               0         Blade 1 Y translation displacement, node 28, m
        201   -4.704E+00                                 F               0         Blade 1 Z translation displacement, node 28, m
        202    8.856E-01, -4.607E-01, -5.832E-02         F               0         Blade 1 X orientation angle, node 1, rad
        203    4.260E-01,  8.559E-01, -2.932E-01         F               0         Blade 1 Y orientation angle, node 1, rad
        204    1.850E-01,  2.348E-01,  9.543E-01         F               0         Blade 1 Z orientation angle, node 1, rad
        205    8.856E-01, -4.607E-01, -5.832E-02         F               0         Blade 1 X orientation angle, node 2, rad
        206    4.260E-01,  8.559E-01, -2.932E-01         F               0         Blade 1 Y orientation angle, node 2, rad
        207    1.850E-01,  2.348E-01,  9.543E-01         F               0         Blade 1 Z orientation angle, node 2, rad
        208    9.613E-01, -2.447E-01, -1.261E-01         F               0         Blade 1 X orientation angle, node 3, rad
        209    2.039E-01,  9.407E-01, -2.710E-01         F               0         Blade 1 Y orientation angle, node 3, rad
        210    1.850E-01,  2.348E-01,  9.543E-01         F               0         Blade 1 Z orientation angle, node 3, rad
        211    9.691E-01, -2.048E-01, -1.375E-01         F               0         Blade 1 X orientation angle, node 4, rad
        212    1.631E-01,  9.502E-01, -2.655E-01         F               0         Blade 1 Y orientation angle, node 4, rad
        213    1.850E-01,  2.348E-01,  9.543E-01         F               0         Blade 1 Z orientation angle, node 4, rad
        214    9.740E-01, -1.732E-01, -1.462E-01         F               0         Blade 1 X orientation angle, node 5, rad
        215    1.309E-01,  9.565E-01, -2.608E-01         F               0         Blade 1 Y orientation angle, node 5, rad
        216    1.850E-01,  2.348E-01,  9.543E-01         F               0         Blade 1 Z orientation angle, node 5, rad
        217    9.771E-01, -1.477E-01, -1.531E-01         F               0         Blade 1 X orientation angle, node 6, rad
        218    1.050E-01,  9.607E-01, -2.568E-01         F               0         Blade 1 Y orientation angle, node 6, rad
        219    1.850E-01,  2.348E-01,  9.543E-01         F               0         Blade 1 Z orientation angle, node 6, rad
        220    9.792E-01, -1.267E-01, -1.586E-01         F               0         Blade 1 X orientation angle, node 7, rad
        221    8.370E-02,  9.637E-01, -2.534E-01         F               0         Blade 1 Y orientation angle, node 7, rad
        222    1.850E-01,  2.348E-01,  9.543E-01         F               0         Blade 1 Z orientation angle, node 7, rad
        223    9.805E-01, -1.092E-01, -1.632E-01         F               0         Blade 1 X orientation angle, node 8, rad
        224    6.591E-02,  9.659E-01, -2.505E-01         F               0         Blade 1 Y orientation angle, node 8, rad
        225    1.850E-01,  2.348E-01,  9.543E-01         F               0         Blade 1 Z orientation angle, node 8, rad
        226    9.814E-01, -9.439E-02, -1.670E-01         F               0         Blade 1 X orientation angle, node 9, rad
        227    5.084E-02,  9.674E-01, -2.479E-01         F               0         Blade 1 Y orientation angle, node 9, rad
        228    1.850E-01,  2.348E-01,  9.543E-01         F               0         Blade 1 Z orientation angle, node 9, rad
        229    9.820E-01, -8.155E-02, -1.703E-01         F               0         Blade 1 X orientation angle, node 10, rad
        230    3.782E-02,  9.686E-01, -2.457E-01         F               0         Blade 1 Y orientation angle, node 10, rad
        231    1.850E-01,  2.348E-01,  9.543E-01         F               0         Blade 1 Z orientation angle, node 10, rad
        232    9.824E-01, -7.055E-02, -1.731E-01         F               0         Blade 1 X orientation angle, node 11, rad
        233    2.668E-02,  9.695E-01, -2.438E-01         F               0         Blade 1 Y orientation angle, node 11, rad
        234    1.850E-01,  2.348E-01,  9.543E-01         F               0         Blade 1 Z orientation angle, node 11, rad
        235    9.826E-01, -6.091E-02, -1.755E-01         F               0         Blade 1 X orientation angle, node 12, rad
        236    1.690E-02,  9.701E-01, -2.420E-01         F               0         Blade 1 Y orientation angle, node 12, rad
        237    1.850E-01,  2.348E-01,  9.543E-01         F               0         Blade 1 Z orientation angle, node 12, rad
        238    9.827E-01, -5.244E-02, -1.776E-01         F               0         Blade 1 X orientation angle, node 13, rad
        239    8.328E-03,  9.706E-01, -2.405E-01         F               0         Blade 1 Y orientation angle, node 13, rad
        240    1.850E-01,  2.348E-01,  9.543E-01         F               0         Blade 1 Z orientation angle, node 13, rad
        241    9.827E-01, -4.481E-02, -1.795E-01         F               0         Blade 1 X orientation angle, node 14, rad
        242    6.101E-04,  9.710E-01, -2.391E-01         F               0         Blade 1 Y orientation angle, node 14, rad
        243    1.850E-01,  2.348E-01,  9.543E-01         F               0         Blade 1 Z orientation angle, node 14, rad
        244    9.827E-01, -3.803E-02, -1.812E-01         F               0         Blade 1 X orientation angle, node 15, rad
        245   -6.251E-03,  9.713E-01, -2.378E-01         F               0         Blade 1 Y orientation angle, node 15, rad
        246    1.850E-01,  2.348E-01,  9.543E-01         F               0         Blade 1 Z orientation angle, node 15, rad
        247    9.827E-01, -3.193E-02, -1.827E-01         F               0         Blade 1 X orientation angle, node 16, rad
        248   -1.243E-02,  9.715E-01, -2.367E-01         F               0         Blade 1 Y orientation angle, node 16, rad
        249    1.850E-01,  2.348E-01,  9.543E-01         F               0         Blade 1 Z orientation angle, node 16, rad
        250    9.826E-01, -2.650E-02, -1.840E-01         F               0         Blade 1 X orientation angle, node 17, rad
        251   -1.791E-02,  9.717E-01, -2.357E-01         F               0         Blade 1 Y orientation angle, node 17, rad
        252    1.850E-01,  2.348E-01,  9.543E-01         F               0         Blade 1 Z orientation angle, node 17, rad
        253    9.825E-01, -2.142E-02, -1.852E-01         F               0         Blade 1 X orientation angle, node 18, rad
        254   -2.306E-02,  9.718E-01, -2.347E-01         F               0         Blade 1 Y orientation angle, node 18, rad
        255    1.850E-01,  2.348E-01,  9.543E-01         F               0         Blade 1 Z orientation angle, node 18, rad
        256    9.823E-01, -1.684E-02, -1.863E-01         F               0         Blade 1 X orientation angle, node 19, rad
        257   -2.769E-02,  9.719E-01, -2.338E-01         F               0         Blade 1 Y orientation angle, node 19, rad
        258    1.850E-01,  2.348E-01,  9.543E-01         F               0         Blade 1 Z orientation angle, node 19, rad
        259    9.822E-01, -1.276E-02, -1.873E-01         F               0         Blade 1 X orientation angle, node 20, rad
        260   -3.180E-02,  9.719E-01, -2.330E-01         F               0         Blade 1 Y orientation angle, node 20, rad
        261    1.850E-01,  2.348E-01,  9.543E-01         F               0         Blade 1 Z orientation angle, node 20, rad
        262    9.821E-01, -8.862E-03, -1.882E-01         F               0         Blade 1 X orientation angle, node 21, rad
        263   -3.574E-02,  9.720E-01, -2.323E-01         F               0         Blade 1 Y orientation angle, node 21, rad
        264    1.850E-01,  2.348E-01,  9.543E-01         F               0         Blade 1 Z orientation angle, node 21, rad
        265    9.819E-01, -5.300E-03, -1.891E-01         F               0         Blade 1 X orientation angle, node 22, rad
        266   -3.934E-02,  9.720E-01, -2.316E-01         F               0         Blade 1 Y orientation angle, node 22, rad
        267    1.850E-01,  2.348E-01,  9.543E-01         F               0         Blade 1 Z orientation angle, node 22, rad
        268    9.818E-01, -2.077E-03, -1.898E-01         F               0         Blade 1 X orientation angle, node 23, rad
        269   -4.260E-02,  9.720E-01, -2.310E-01         F               0         Blade 1 Y orientation angle, node 23, rad
        270    1.850E-01,  2.348E-01,  9.543E-01         F               0         Blade 1 Z orientation angle, node 23, rad
        271    9.817E-01,  9.772E-04, -1.906E-01         F               0         Blade 1 X orientation angle, node 24, rad
        272   -4.568E-02,  9.720E-01, -2.304E-01         F               0         Blade 1 Y orientation angle, node 24, rad
        273    1.850E-01,  2.348E-01,  9.543E-01         F               0         Blade 1 Z orientation angle, node 24, rad
        274    9.815E-01,  3.861E-03, -1.912E-01         F               0         Blade 1 X orientation angle, node 25, rad
        275   -4.860E-02,  9.720E-01, -2.298E-01         F               0         Blade 1 Y orientation angle, node 25, rad
        276    1.850E-01,  2.348E-01,  9.543E-01         F               0         Blade 1 Z orientation angle, node 25, rad
        277    9.814E-01,  6.406E-03, -1.918E-01         F               0         Blade 1 X orientation angle, node 26, rad
        278   -5.117E-02,  9.720E-01, -2.293E-01         F               0         Blade 1 Y orientation angle, node 26, rad
        279    1.850E-01,  2.348E-01,  9.543E-01         F               0         Blade 1 Z orientation angle, node 26, rad
        280    9.813E-01,  8.951E-03, -1.924E-01         F               0         Blade 1 X orientation angle, node 27, rad
        281   -5.373E-02,  9.720E-01, -2.288E-01         F               0         Blade 1 Y orientation angle, node 27, rad
        282    1.850E-01,  2.348E-01,  9.543E-01         F               0         Blade 1 Z orientation angle, node 27, rad
        283    9.812E-01,  1.031E-02, -1.928E-01         F               0         Blade 1 X orientation angle, node 28, rad
        284   -5.510E-02,  9.720E-01, -2.285E-01         F               0         Blade 1 Y orientation angle, node 28, rad
        285    1.850E-01,  2.348E-01,  9.543E-01         F               0         Blade 1 Z orientation angle, node 28, rad
        286    2.103E-01                                 F               0         Blade 1 X translation velocity, node 1, m/s
        287   -3.807E+00                                 F               0         Blade 1 Y translation velocity, node 1, m/s
        288    8.944E-01                                 F               0         Blade 1 Z translation velocity, node 1, m/s
        289    2.612E-01                                 F               0         Blade 1 X translation velocity, node 2, m/s
        290   -4.725E+00                                 F               0         Blade 1 Y translation velocity, node 2, m/s
        291    1.110E+00                                 F               0         Blade 1 Z translation velocity, node 2, m/s
        292    9.534E-01                                 F               0         Blade 1 X translation velocity, node 3, m/s
        293   -1.721E+01                                 F               0         Blade 1 Y translation velocity, node 3, m/s
        294    4.048E+00                                 F               0         Blade 1 Z translation velocity, node 3, m/s
        295    1.101E+00                                 F               0         Blade 1 X translation velocity, node 4, m/s
        296   -1.987E+01                                 F               0         Blade 1 Y translation velocity, node 4, m/s
        297    4.674E+00                                 F               0         Blade 1 Z translation velocity, node 4, m/s
        298    1.248E+00                                 F               0         Blade 1 X translation velocity, node 5, m/s
        299   -2.253E+01                                 F               0         Blade 1 Y translation velocity, node 5, m/s
        300    5.300E+00                                 F               0         Blade 1 Z translation velocity, node 5, m/s
        301    1.396E+00                                 F               0         Blade 1 X translation velocity, node 6, m/s
        302   -2.519E+01                                 F               0         Blade 1 Y translation velocity, node 6, m/s
        303    5.926E+00                                 F               0         Blade 1 Z translation velocity, node 6, m/s
        304    1.543E+00                                 F               0         Blade 1 X translation velocity, node 7, m/s
        305   -2.785E+01                                 F               0         Blade 1 Y translation velocity, node 7, m/s
        306    6.552E+00                                 F               0         Blade 1 Z translation velocity, node 7, m/s
        307    1.691E+00                                 F               0         Blade 1 X translation velocity, node 8, m/s
