
Linearized model: Predictions were generated on 08-Jan-2024 at 09:43:14 using OpenFAST, compiled as a 64-bit application using single precision at commit v3.5.1
 linked with  NWTC Subroutine Library; ElastoDyn; InflowWind; AeroDyn; ServoDyn; HydroDyn; MoorDyn (v2.0.0, 2023-09-18)

Description from the FAST input file: CCT-9 Campign 4 model. Input files to be run with OpenFAST 3.5.0. GitHub branch from Lu Wang (https://github.com/luwang00/openfast/tree/dev) compiled on March 7, 2023.

Simulation information:
   Simulation time:                  1008.4500 s
   Rotor Speed:                         0.7077 rad/s
   Azimuth:                             5.1661 rad
   Wind Speed:                          8.0000 m/s
   Number of continuous states:         0
   Number of discrete states:           0
   Number of constraint states:         0
   Number of inputs:                 1746
   Number of outputs:                   4
   Jacobians included in this file?    No

Order of inputs:
     Column   Operating Point                     Rotating Frame? Derivative Order Description
   ---------- ---------------                     --------------- ---------------- -----------
          1    7.250E+00                                 F               0         Tower X translation displacement, node 1, m
          2   -1.279E+00                                 F               0         Tower Y translation displacement, node 1, m
          3   -1.665E-01                                 F               0         Tower Z translation displacement, node 1, m
          4    8.292E+00                                 F               0         Tower X translation displacement, node 2, m
          5   -1.820E+00                                 F               0         Tower Y translation displacement, node 2, m
          6   -2.224E-01                                 F               0         Tower Z translation displacement, node 2, m
          7    9.350E+00                                 F               0         Tower X translation displacement, node 3, m
          8   -2.367E+00                                 F               0         Tower Y translation displacement, node 3, m
          9   -2.799E-01                                 F               0         Tower Z translation displacement, node 3, m
         10    1.042E+01                                 F               0         Tower X translation displacement, node 4, m
         11   -2.917E+00                                 F               0         Tower Y translation displacement, node 4, m
         12   -3.386E-01                                 F               0         Tower Z translation displacement, node 4, m
         13    1.150E+01                                 F               0         Tower X translation displacement, node 5, m
         14   -3.471E+00                                 F               0         Tower Y translation displacement, node 5, m
         15   -3.982E-01                                 F               0         Tower Z translation displacement, node 5, m
         16    1.258E+01                                 F               0         Tower X translation displacement, node 6, m
         17   -4.028E+00                                 F               0         Tower Y translation displacement, node 6, m
         18   -4.587E-01                                 F               0         Tower Z translation displacement, node 6, m
         19    1.368E+01                                 F               0         Tower X translation displacement, node 7, m
         20   -4.587E+00                                 F               0         Tower Y translation displacement, node 7, m
         21   -5.197E-01                                 F               0         Tower Z translation displacement, node 7, m
         22    1.477E+01                                 F               0         Tower X translation displacement, node 8, m
         23   -5.148E+00                                 F               0         Tower Y translation displacement, node 8, m
         24   -5.811E-01                                 F               0         Tower Z translation displacement, node 8, m
         25    1.587E+01                                 F               0         Tower X translation displacement, node 9, m
         26   -5.710E+00                                 F               0         Tower Y translation displacement, node 9, m
         27   -6.429E-01                                 F               0         Tower Z translation displacement, node 9, m
         28    1.697E+01                                 F               0         Tower X translation displacement, node 10, m
         29   -6.274E+00                                 F               0         Tower Y translation displacement, node 10, m
         30   -7.048E-01                                 F               0         Tower Z translation displacement, node 10, m
         31    1.807E+01                                 F               0         Tower X translation displacement, node 11, m
         32   -6.838E+00                                 F               0         Tower Y translation displacement, node 11, m
         33   -7.668E-01                                 F               0         Tower Z translation displacement, node 11, m
         34    9.965E-01,  4.124E-03, -8.373E-02         F               0         Tower X orientation angle, node 1, rad
         35   -4.527E-04,  9.990E-01,  4.382E-02         F               0         Tower Y orientation angle, node 1, rad
         36    8.383E-02, -4.363E-02,  9.955E-01         F               0         Tower Z orientation angle, node 1, rad
         37    9.964E-01,  4.177E-03, -8.494E-02         F               0         Tower X orientation angle, node 2, rad
         38   -4.192E-04,  9.990E-01,  4.422E-02         F               0         Tower Y orientation angle, node 2, rad
         39    8.504E-02, -4.402E-02,  9.954E-01         F               0         Tower Z orientation angle, node 2, rad
         40    9.963E-01,  4.224E-03, -8.598E-02         F               0         Tower X orientation angle, node 3, rad
         41   -3.887E-04,  9.990E-01,  4.457E-02         F               0         Tower Y orientation angle, node 3, rad
         42    8.608E-02, -4.437E-02,  9.953E-01         F               0         Tower Z orientation angle, node 3, rad
         43    9.962E-01,  4.262E-03, -8.683E-02         F               0         Tower X orientation angle, node 4, rad
         44   -3.619E-04,  9.990E-01,  4.488E-02         F               0         Tower Y orientation angle, node 4, rad
         45    8.693E-02, -4.468E-02,  9.952E-01         F               0         Tower Z orientation angle, node 4, rad
         46    9.962E-01,  4.293E-03, -8.751E-02         F               0         Tower X orientation angle, node 5, rad
         47   -3.387E-04,  9.990E-01,  4.515E-02         F               0         Tower Y orientation angle, node 5, rad
         48    8.762E-02, -4.494E-02,  9.951E-01         F               0         Tower Z orientation angle, node 5, rad
         49    9.961E-01,  4.316E-03, -8.803E-02         F               0         Tower X orientation angle, node 6, rad
         50   -3.191E-04,  9.990E-01,  4.537E-02         F               0         Tower Y orientation angle, node 6, rad
         51    8.814E-02, -4.516E-02,  9.951E-01         F               0         Tower Z orientation angle, node 6, rad
         52    9.961E-01,  4.333E-03, -8.841E-02         F               0         Tower X orientation angle, node 7, rad
         53   -3.035E-04,  9.990E-01,  4.555E-02         F               0         Tower Y orientation angle, node 7, rad
         54    8.851E-02, -4.534E-02,  9.950E-01         F               0         Tower Z orientation angle, node 7, rad
         55    9.961E-01,  4.345E-03, -8.866E-02         F               0         Tower X orientation angle, node 8, rad
         56   -2.913E-04,  9.990E-01,  4.568E-02         F               0         Tower Y orientation angle, node 8, rad
         57    8.877E-02, -4.548E-02,  9.950E-01         F               0         Tower Z orientation angle, node 8, rad
         58    9.960E-01,  4.352E-03, -8.882E-02         F               0         Tower X orientation angle, node 9, rad
         59   -2.823E-04,  9.990E-01,  4.578E-02         F               0         Tower Y orientation angle, node 9, rad
         60    8.893E-02, -4.558E-02,  9.950E-01         F               0         Tower Z orientation angle, node 9, rad
         61    9.960E-01,  4.357E-03, -8.891E-02         F               0         Tower X orientation angle, node 10, rad
         62   -2.765E-04,  9.989E-01,  4.585E-02         F               0         Tower Y orientation angle, node 10, rad
         63    8.902E-02, -4.564E-02,  9.950E-01         F               0         Tower Z orientation angle, node 10, rad
         64    9.960E-01,  4.358E-03, -8.895E-02         F               0         Tower X orientation angle, node 11, rad
         65   -2.733E-04,  9.989E-01,  4.589E-02         F               0         Tower Y orientation angle, node 11, rad
         66    8.906E-02, -4.568E-02,  9.950E-01         F               0         Tower Z orientation angle, node 11, rad
         67   -4.280E-04                                 F               0         Tower X translation velocity, node 1, m/s
         68   -8.555E-04                                 F               0         Tower Y translation velocity, node 1, m/s
         69   -5.775E-04                                 F               0         Tower Z translation velocity, node 1, m/s
         70   -5.173E-04                                 F               0         Tower X translation velocity, node 2, m/s
         71   -8.770E-04                                 F               0         Tower Y translation velocity, node 2, m/s
         72   -5.709E-04                                 F               0         Tower Z translation velocity, node 2, m/s
         73   -5.946E-04                                 F               0         Tower X translation velocity, node 3, m/s
         74   -8.866E-04                                 F               0         Tower Y translation velocity, node 3, m/s
         75   -5.646E-04                                 F               0         Tower Z translation velocity, node 3, m/s
         76   -6.606E-04                                 F               0         Tower X translation velocity, node 4, m/s
         77   -8.863E-04                                 F               0         Tower Y translation velocity, node 4, m/s
         78   -5.589E-04                                 F               0         Tower Z translation velocity, node 4, m/s
         79   -7.146E-04                                 F               0         Tower X translation velocity, node 5, m/s
         80   -8.769E-04                                 F               0         Tower Y translation velocity, node 5, m/s
         81   -5.537E-04                                 F               0         Tower Z translation velocity, node 5, m/s
         82   -7.567E-04                                 F               0         Tower X translation velocity, node 6, m/s
         83   -8.595E-04                                 F               0         Tower Y translation velocity, node 6, m/s
         84   -5.492E-04                                 F               0         Tower Z translation velocity, node 6, m/s
         85   -7.882E-04                                 F               0         Tower X translation velocity, node 7, m/s
         86   -8.355E-04                                 F               0         Tower Y translation velocity, node 7, m/s
         87   -5.453E-04                                 F               0         Tower Z translation velocity, node 7, m/s
         88   -8.089E-04                                 F               0         Tower X translation velocity, node 8, m/s
         89   -8.054E-04                                 F               0         Tower Y translation velocity, node 8, m/s
         90   -5.421E-04                                 F               0         Tower Z translation velocity, node 8, m/s
         91   -8.202E-04                                 F               0         Tower X translation velocity, node 9, m/s
         92   -7.705E-04                                 F               0         Tower Y translation velocity, node 9, m/s
         93   -5.395E-04                                 F               0         Tower Z translation velocity, node 9, m/s
         94   -8.243E-04                                 F               0         Tower X translation velocity, node 10, m/s
         95   -7.320E-04                                 F               0         Tower Y translation velocity, node 10, m/s
         96   -5.374E-04                                 F               0         Tower Z translation velocity, node 10, m/s
         97   -8.234E-04                                 F               0         Tower X translation velocity, node 11, m/s
         98   -6.914E-04                                 F               0         Tower Y translation velocity, node 11, m/s
         99   -5.356E-04                                 F               0         Tower Z translation velocity, node 11, m/s
        100    1.881E+01                                 F               0         Hub X translation displacement, node 1, m
        101   -7.244E+00                                 F               0         Hub Y translation displacement, node 1, m
        102    1.545E-01                                 F               0         Hub Z translation displacement, node 1, m
        103    9.813E-01,  9.110E-03, -1.925E-01         F               0         Hub X orientation angle, node 1, rad
        104   -1.733E-01,  4.783E-01, -8.609E-01         F               0         Hub Y orientation angle, node 1, rad
        105    8.421E-02,  8.781E-01,  4.709E-01         F               0         Hub Z orientation angle, node 1, rad
        106    6.944E-01                                 F               0         Hub X rotation velocity, node 1, rad/s
        107    6.447E-03                                 F               0         Hub Y rotation velocity, node 1, rad/s
        108   -1.362E-01                                 F               0         Hub Z rotation velocity, node 1, rad/s
        109    9.860E-01, -5.084E-03, -1.668E-01         F               0         Blade root 1 X orientation angle, node 1, rad
        110   -1.441E-01,  4.784E-01, -8.663E-01         F               0         Blade root 1 Y orientation angle, node 1, rad
        111    8.421E-02,  8.781E-01,  4.709E-01         F               0         Blade root 1 Z orientation angle, node 1, rad
        112    9.761E-01, -6.361E-03, -2.172E-01         F               0         Blade root 2 X orientation angle, node 1, rad
        113    1.886E-01,  5.214E-01,  8.322E-01         F               0         Blade root 2 Y orientation angle, node 1, rad
        114    1.080E-01, -8.533E-01,  5.101E-01         F               0         Blade root 2 Z orientation angle, node 1, rad
        115    9.804E-01,  3.876E-02, -1.931E-01         F               0         Blade root 3 X orientation angle, node 1, rad
        116    4.282E-02, -9.989E-01,  1.691E-02         F               0         Blade root 3 Y orientation angle, node 1, rad
        117   -1.922E-01, -2.485E-02, -9.810E-01         F               0         Blade root 3 Z orientation angle, node 1, rad
        118    1.870E+01                                 F               0         Blade 1 X translation displacement, node 1, m
        119   -2.379E+00                                 F               0         Blade 1 Y translation displacement, node 1, m
        120   -2.746E+00                                 F               0         Blade 1 Z translation displacement, node 1, m
        121    1.867E+01                                 F               0         Blade 1 X translation displacement, node 2, m
        122   -1.207E+00                                 F               0         Blade 1 Y translation displacement, node 2, m
        123   -3.445E+00                                 F               0         Blade 1 Z translation displacement, node 2, m
        124    1.830E+01                                 F               0         Blade 1 X translation displacement, node 3, m
        125    1.473E+01                                 F               0         Blade 1 Y translation displacement, node 3, m
        126   -1.295E+01                                 F               0         Blade 1 Z translation displacement, node 3, m
        127    1.822E+01                                 F               0         Blade 1 X translation displacement, node 4, m
        128    1.813E+01                                 F               0         Blade 1 Y translation displacement, node 4, m
        129   -1.497E+01                                 F               0         Blade 1 Z translation displacement, node 4, m
        130    1.814E+01                                 F               0         Blade 1 X translation displacement, node 5, m
        131    2.153E+01                                 F               0         Blade 1 Y translation displacement, node 5, m
        132   -1.700E+01                                 F               0         Blade 1 Z translation displacement, node 5, m
        133    1.807E+01                                 F               0         Blade 1 X translation displacement, node 6, m
        134    2.492E+01                                 F               0         Blade 1 Y translation displacement, node 6, m
        135   -1.903E+01                                 F               0         Blade 1 Z translation displacement, node 6, m
        136    1.799E+01                                 F               0         Blade 1 X translation displacement, node 7, m
        137    2.832E+01                                 F               0         Blade 1 Y translation displacement, node 7, m
        138   -2.105E+01                                 F               0         Blade 1 Z translation displacement, node 7, m
        139    1.791E+01                                 F               0         Blade 1 X translation displacement, node 8, m
        140    3.172E+01                                 F               0         Blade 1 Y translation displacement, node 8, m
        141   -2.308E+01                                 F               0         Blade 1 Z translation displacement, node 8, m
        142    1.783E+01                                 F               0         Blade 1 X translation displacement, node 9, m
        143    3.511E+01                                 F               0         Blade 1 Y translation displacement, node 9, m
        144   -2.510E+01                                 F               0         Blade 1 Z translation displacement, node 9, m
        145    1.775E+01                                 F               0         Blade 1 X translation displacement, node 10, m
        146    3.851E+01                                 F               0         Blade 1 Y translation displacement, node 10, m
        147   -2.713E+01                                 F               0         Blade 1 Z translation displacement, node 10, m
        148    1.767E+01                                 F               0         Blade 1 X translation displacement, node 11, m
        149    4.190E+01                                 F               0         Blade 1 Y translation displacement, node 11, m
        150   -2.915E+01                                 F               0         Blade 1 Z translation displacement, node 11, m
        151    1.759E+01                                 F               0         Blade 1 X translation displacement, node 12, m
        152    4.530E+01                                 F               0         Blade 1 Y translation displacement, node 12, m
        153   -3.118E+01                                 F               0         Blade 1 Z translation displacement, node 12, m
        154    1.752E+01                                 F               0         Blade 1 X translation displacement, node 13, m
        155    4.870E+01                                 F               0         Blade 1 Y translation displacement, node 13, m
        156   -3.320E+01                                 F               0         Blade 1 Z translation displacement, node 13, m
        157    1.744E+01                                 F               0         Blade 1 X translation displacement, node 14, m
        158    5.209E+01                                 F               0         Blade 1 Y translation displacement, node 14, m
        159   -3.523E+01                                 F               0         Blade 1 Z translation displacement, node 14, m
        160    1.736E+01                                 F               0         Blade 1 X translation displacement, node 15, m
        161    5.549E+01                                 F               0         Blade 1 Y translation displacement, node 15, m
        162   -3.725E+01                                 F               0         Blade 1 Z translation displacement, node 15, m
        163    1.728E+01                                 F               0         Blade 1 X translation displacement, node 16, m
        164    5.889E+01                                 F               0         Blade 1 Y translation displacement, node 16, m
        165   -3.928E+01                                 F               0         Blade 1 Z translation displacement, node 16, m
        166    1.720E+01                                 F               0         Blade 1 X translation displacement, node 17, m
        167    6.228E+01                                 F               0         Blade 1 Y translation displacement, node 17, m
        168   -4.130E+01                                 F               0         Blade 1 Z translation displacement, node 17, m
        169    1.712E+01                                 F               0         Blade 1 X translation displacement, node 18, m
        170    6.568E+01                                 F               0         Blade 1 Y translation displacement, node 18, m
        171   -4.333E+01                                 F               0         Blade 1 Z translation displacement, node 18, m
        172    1.704E+01                                 F               0         Blade 1 X translation displacement, node 19, m
        173    6.908E+01                                 F               0         Blade 1 Y translation displacement, node 19, m
        174   -4.535E+01                                 F               0         Blade 1 Z translation displacement, node 19, m
        175    1.697E+01                                 F               0         Blade 1 X translation displacement, node 20, m
        176    7.247E+01                                 F               0         Blade 1 Y translation displacement, node 20, m
        177   -4.738E+01                                 F               0         Blade 1 Z translation displacement, node 20, m
        178    1.689E+01                                 F               0         Blade 1 X translation displacement, node 21, m
        179    7.587E+01                                 F               0         Blade 1 Y translation displacement, node 21, m
        180   -4.940E+01                                 F               0         Blade 1 Z translation displacement, node 21, m
        181    1.681E+01                                 F               0         Blade 1 X translation displacement, node 22, m
        182    7.927E+01                                 F               0         Blade 1 Y translation displacement, node 22, m
        183   -5.143E+01                                 F               0         Blade 1 Z translation displacement, node 22, m
        184    1.673E+01                                 F               0         Blade 1 X translation displacement, node 23, m
        185    8.266E+01                                 F               0         Blade 1 Y translation displacement, node 23, m
        186   -5.345E+01                                 F               0         Blade 1 Z translation displacement, node 23, m
        187    1.665E+01                                 F               0         Blade 1 X translation displacement, node 24, m
        188    8.606E+01                                 F               0         Blade 1 Y translation displacement, node 24, m
        189   -5.548E+01                                 F               0         Blade 1 Z translation displacement, node 24, m
        190    1.657E+01                                 F               0         Blade 1 X translation displacement, node 25, m
        191    8.945E+01                                 F               0         Blade 1 Y translation displacement, node 25, m
        192   -5.750E+01                                 F               0         Blade 1 Z translation displacement, node 25, m
        193    1.649E+01                                 F               0         Blade 1 X translation displacement, node 26, m
        194    9.285E+01                                 F               0         Blade 1 Y translation displacement, node 26, m
        195   -5.953E+01                                 F               0         Blade 1 Z translation displacement, node 26, m
        196    1.642E+01                                 F               0         Blade 1 X translation displacement, node 27, m
        197    9.625E+01                                 F               0         Blade 1 Y translation displacement, node 27, m
        198   -6.155E+01                                 F               0         Blade 1 Z translation displacement, node 27, m
        199    1.635E+01                                 F               0         Blade 1 X translation displacement, node 28, m
        200    9.913E+01                                 F               0         Blade 1 Y translation displacement, node 28, m
        201   -6.327E+01                                 F               0         Blade 1 Z translation displacement, node 28, m
        202    9.432E-01, -2.227E-01,  2.465E-01         F               0         Blade 1 X orientation angle, node 1, rad
        203    3.214E-01,  4.234E-01, -8.470E-01         F               0         Blade 1 Y orientation angle, node 1, rad
        204    8.421E-02,  8.781E-01,  4.709E-01         F               0         Blade 1 Z orientation angle, node 1, rad
        205    9.432E-01, -2.227E-01,  2.465E-01         F               0         Blade 1 X orientation angle, node 2, rad
        206    3.214E-01,  4.234E-01, -8.470E-01         F               0         Blade 1 Y orientation angle, node 2, rad
        207    8.421E-02,  8.781E-01,  4.709E-01         F               0         Blade 1 Z orientation angle, node 2, rad
        208    9.925E-01, -1.160E-01,  3.876E-02         F               0         Blade 1 X orientation angle, node 3, rad
        209    8.865E-02,  4.641E-01, -8.813E-01         F               0         Blade 1 Y orientation angle, node 3, rad
        210    8.421E-02,  8.781E-01,  4.709E-01         F               0         Blade 1 Z orientation angle, node 3, rad
        211    9.954E-01, -9.627E-02,  1.514E-03         F               0         Blade 1 X orientation angle, node 4, rad
        212    4.666E-02,  4.686E-01, -8.822E-01         F               0         Blade 1 Y orientation angle, node 4, rad
        213    8.421E-02,  8.781E-01,  4.709E-01         F               0         Blade 1 Z orientation angle, node 4, rad
        214    9.964E-01, -8.068E-02, -2.774E-02         F               0         Blade 1 X orientation angle, node 5, rad
        215    1.364E-02,  4.715E-01, -8.817E-01         F               0         Blade 1 Y orientation angle, node 5, rad
        216    8.421E-02,  8.781E-01,  4.709E-01         F               0         Blade 1 Z orientation angle, node 5, rad
        217    9.964E-01, -6.814E-02, -5.111E-02         F               0         Blade 1 X orientation angle, node 6, rad
        218   -1.280E-02,  4.735E-01, -8.807E-01         F               0         Blade 1 Y orientation angle, node 6, rad
        219    8.421E-02,  8.781E-01,  4.709E-01         F               0         Blade 1 Z orientation angle, node 6, rad
        220    9.958E-01, -5.780E-02, -7.031E-02         F               0         Blade 1 X orientation angle, node 7, rad
        221   -3.453E-02,  4.749E-01, -8.794E-01         F               0         Blade 1 Y orientation angle, node 7, rad
        222    8.421E-02,  8.781E-01,  4.709E-01         F               0         Blade 1 Z orientation angle, node 7, rad
        223    9.951E-01, -4.917E-02, -8.626E-02         F               0         Blade 1 X orientation angle, node 8, rad
        224   -5.260E-02,  4.759E-01, -8.779E-01         F               0         Blade 1 Y orientation angle, node 8, rad
        225    8.421E-02,  8.781E-01,  4.709E-01         F               0         Blade 1 Z orientation angle, node 8, rad
        226    9.941E-01, -4.185E-02, -9.974E-02         F               0         Blade 1 X orientation angle, node 9, rad
        227   -6.788E-02,  4.766E-01, -8.765E-01         F               0         Blade 1 Y orientation angle, node 9, rad
        228    8.421E-02,  8.781E-01,  4.709E-01         F               0         Blade 1 Z orientation angle, node 9, rad
        229    9.931E-01, -3.553E-02, -1.114E-01         F               0         Blade 1 X orientation angle, node 10, rad
        230   -8.106E-02,  4.771E-01, -8.751E-01         F               0         Blade 1 Y orientation angle, node 10, rad
        231    8.421E-02,  8.781E-01,  4.709E-01         F               0         Blade 1 Z orientation angle, node 10, rad
        232    9.922E-01, -3.011E-02, -1.213E-01         F               0         Blade 1 X orientation angle, node 11, rad
        233   -9.232E-02,  4.774E-01, -8.738E-01         F               0         Blade 1 Y orientation angle, node 11, rad
        234    8.421E-02,  8.781E-01,  4.709E-01         F               0         Blade 1 Z orientation angle, node 11, rad
        235    9.912E-01, -2.536E-02, -1.300E-01         F               0         Blade 1 X orientation angle, node 12, rad
        236   -1.022E-01,  4.777E-01, -8.725E-01         F               0         Blade 1 Y orientation angle, node 12, rad
        237    8.421E-02,  8.781E-01,  4.709E-01         F               0         Blade 1 Z orientation angle, node 12, rad
        238    9.903E-01, -2.119E-02, -1.376E-01         F               0         Blade 1 X orientation angle, node 13, rad
        239   -1.108E-01,  4.779E-01, -8.714E-01         F               0         Blade 1 Y orientation angle, node 13, rad
        240    8.421E-02,  8.781E-01,  4.709E-01         F               0         Blade 1 Z orientation angle, node 13, rad
        241    9.894E-01, -1.744E-02, -1.444E-01         F               0         Blade 1 X orientation angle, node 14, rad
        242   -1.186E-01,  4.781E-01, -8.703E-01         F               0         Blade 1 Y orientation angle, node 14, rad
        243    8.421E-02,  8.781E-01,  4.709E-01         F               0         Blade 1 Z orientation angle, node 14, rad
        244    9.885E-01, -1.410E-02, -1.505E-01         F               0         Blade 1 X orientation angle, node 15, rad
        245   -1.255E-01,  4.782E-01, -8.692E-01         F               0         Blade 1 Y orientation angle, node 15, rad
        246    8.421E-02,  8.781E-01,  4.709E-01         F               0         Blade 1 Z orientation angle, node 15, rad
        247    9.877E-01, -1.109E-02, -1.559E-01         F               0         Blade 1 X orientation angle, node 16, rad
        248   -1.317E-01,  4.783E-01, -8.683E-01         F               0         Blade 1 Y orientation angle, node 16, rad
        249    8.421E-02,  8.781E-01,  4.709E-01         F               0         Blade 1 Z orientation angle, node 16, rad
        250    9.870E-01, -8.423E-03, -1.608E-01         F               0         Blade 1 X orientation angle, node 17, rad
        251   -1.372E-01,  4.783E-01, -8.674E-01         F               0         Blade 1 Y orientation angle, node 17, rad
        252    8.421E-02,  8.781E-01,  4.709E-01         F               0         Blade 1 Z orientation angle, node 17, rad
        253    9.862E-01, -5.919E-03, -1.653E-01         F               0         Blade 1 X orientation angle, node 18, rad
        254   -1.424E-01,  4.784E-01, -8.665E-01         F               0         Blade 1 Y orientation angle, node 18, rad
        255    8.421E-02,  8.781E-01,  4.709E-01         F               0         Blade 1 Z orientation angle, node 18, rad
        256    9.855E-01, -3.665E-03, -1.694E-01         F               0         Blade 1 X orientation angle, node 19, rad
        257   -1.470E-01,  4.784E-01, -8.658E-01         F               0         Blade 1 Y orientation angle, node 19, rad
        258    8.421E-02,  8.781E-01,  4.709E-01         F               0         Blade 1 Z orientation angle, node 19, rad
        259    9.849E-01, -1.661E-03, -1.730E-01         F               0         Blade 1 X orientation angle, node 20, rad
        260   -1.512E-01,  4.784E-01, -8.650E-01         F               0         Blade 1 Y orientation angle, node 20, rad
        261    8.421E-02,  8.781E-01,  4.709E-01         F               0         Blade 1 Z orientation angle, node 20, rad
        262    9.843E-01,  2.596E-04, -1.765E-01         F               0         Blade 1 X orientation angle, node 21, rad
        263   -1.551E-01,  4.784E-01, -8.643E-01         F               0         Blade 1 Y orientation angle, node 21, rad
        264    8.421E-02,  8.781E-01,  4.709E-01         F               0         Blade 1 Z orientation angle, node 21, rad
        265    9.837E-01,  2.013E-03, -1.797E-01         F               0         Blade 1 X orientation angle, node 22, rad
        266   -1.587E-01,  4.784E-01, -8.637E-01         F               0         Blade 1 Y orientation angle, node 22, rad
        267    8.421E-02,  8.781E-01,  4.709E-01         F               0         Blade 1 Z orientation angle, node 22, rad
        268    9.832E-01,  3.599E-03, -1.825E-01         F               0         Blade 1 X orientation angle, node 23, rad
        269   -1.620E-01,  4.784E-01, -8.631E-01         F               0         Blade 1 Y orientation angle, node 23, rad
        270    8.421E-02,  8.781E-01,  4.709E-01         F               0         Blade 1 Z orientation angle, node 23, rad
        271    9.827E-01,  5.102E-03, -1.852E-01         F               0         Blade 1 X orientation angle, node 24, rad
        272   -1.651E-01,  4.784E-01, -8.625E-01         F               0         Blade 1 Y orientation angle, node 24, rad
        273    8.421E-02,  8.781E-01,  4.709E-01         F               0         Blade 1 Z orientation angle, node 24, rad
        274    9.822E-01,  6.522E-03, -1.878E-01         F               0         Blade 1 X orientation angle, node 25, rad
        275   -1.680E-01,  4.783E-01, -8.620E-01         F               0         Blade 1 Y orientation angle, node 25, rad
        276    8.421E-02,  8.781E-01,  4.709E-01         F               0         Blade 1 Z orientation angle, node 25, rad
        277    9.817E-01,  7.774E-03, -1.901E-01         F               0         Blade 1 X orientation angle, node 26, rad
        278   -1.706E-01,  4.783E-01, -8.615E-01         F               0         Blade 1 Y orientation angle, node 26, rad
        279    8.421E-02,  8.781E-01,  4.709E-01         F               0         Blade 1 Z orientation angle, node 26, rad
        280    9.813E-01,  9.026E-03, -1.923E-01         F               0         Blade 1 X orientation angle, node 27, rad
        281   -1.731E-01,  4.783E-01, -8.610E-01         F               0         Blade 1 Y orientation angle, node 27, rad
        282    8.421E-02,  8.781E-01,  4.709E-01         F               0         Blade 1 Z orientation angle, node 27, rad
        283    9.810E-01,  9.694E-03, -1.935E-01         F               0         Blade 1 X orientation angle, node 28, rad
        284   -1.745E-01,  4.783E-01, -8.607E-01         F               0         Blade 1 Y orientation angle, node 28, rad
        285    8.421E-02,  8.781E-01,  4.709E-01         F               0         Blade 1 Z orientation angle, node 28, rad
        286    6.786E-01                                 F               0         Blade 1 X translation velocity, node 1, m/s
        287   -1.876E+00                                 F               0         Blade 1 Y translation velocity, node 1, m/s
        288    3.375E+00                                 F               0         Blade 1 Z translation velocity, node 1, m/s
        289    8.423E-01                                 F               0         Blade 1 X translation velocity, node 2, m/s
        290   -2.328E+00                                 F               0         Blade 1 Y translation velocity, node 2, m/s
        291    4.188E+00                                 F               0         Blade 1 Z translation velocity, node 2, m/s
        292    3.069E+00                                 F               0         Blade 1 X translation velocity, node 3, m/s
        293   -8.472E+00                                 F               0         Blade 1 Y translation velocity, node 3, m/s
        294    1.525E+01                                 F               0         Blade 1 Z translation velocity, node 3, m/s
        295    3.543E+00                                 F               0         Blade 1 X translation velocity, node 4, m/s
        296   -9.781E+00                                 F               0         Blade 1 Y translation velocity, node 4, m/s
        297    1.760E+01                                 F               0         Blade 1 Z translation velocity, node 4, m/s
        298    4.017E+00                                 F               0         Blade 1 X translation velocity, node 5, m/s
        299   -1.109E+01                                 F               0         Blade 1 Y translation velocity, node 5, m/s
        300    1.996E+01                                 F               0         Blade 1 Z translation velocity, node 5, m/s
        301    4.492E+00                                 F               0         Blade 1 X translation velocity, node 6, m/s
        302   -1.240E+01                                 F               0         Blade 1 Y translation velocity, node 6, m/s
        303    2.232E+01                                 F               0         Blade 1 Z translation velocity, node 6, m/s
        304    4.966E+00                                 F               0         Blade 1 X translation velocity, node 7, m/s
        305   -1.371E+01                                 F               0         Blade 1 Y translation velocity, node 7, m/s
        306    2.467E+01                                 F               0         Blade 1 Z translation velocity, node 7, m/s
        307    5.440E+00                                 F               0         Blade 1 X translation velocity, node 8, m/s
