
Linearized model: Predictions were generated on 08-Jan-2024 at 09:43:14 using OpenFAST, compiled as a 64-bit application using single precision at commit v3.5.1
 linked with  NWTC Subroutine Library; ElastoDyn; InflowWind; AeroDyn; ServoDyn; HydroDyn; MoorDyn (v2.0.0, 2023-09-18)

Description from the FAST input file: CCT-9 Campign 4 model. Input files to be run with OpenFAST 3.5.0. GitHub branch from Lu Wang (https://github.com/luwang00/openfast/tree/dev) compiled on March 7, 2023.

Simulation information:
   Simulation time:                  1003.7500 s
   Rotor Speed:                         0.7074 rad/s
   Azimuth:                             1.8400 rad
   Wind Speed:                          8.0000 m/s
   Number of continuous states:         0
   Number of discrete states:           0
   Number of constraint states:         0
   Number of inputs:                 1746
   Number of outputs:                   4
   Jacobians included in this file?    No

Order of inputs:
     Column   Operating Point                     Rotating Frame? Derivative Order Description
   ---------- ---------------                     --------------- ---------------- -----------
          1    7.250E+00                                 F               0         Tower X translation displacement, node 1, m
          2   -1.277E+00                                 F               0         Tower Y translation displacement, node 1, m
          3   -1.563E-01                                 F               0         Tower Z translation displacement, node 1, m
          4    8.293E+00                                 F               0         Tower X translation displacement, node 2, m
          5   -1.819E+00                                 F               0         Tower Y translation displacement, node 2, m
          6   -2.122E-01                                 F               0         Tower Z translation displacement, node 2, m
          7    9.350E+00                                 F               0         Tower X translation displacement, node 3, m
          8   -2.365E+00                                 F               0         Tower Y translation displacement, node 3, m
          9   -2.697E-01                                 F               0         Tower Z translation displacement, node 3, m
         10    1.042E+01                                 F               0         Tower X translation displacement, node 4, m
         11   -2.916E+00                                 F               0         Tower Y translation displacement, node 4, m
         12   -3.285E-01                                 F               0         Tower Z translation displacement, node 4, m
         13    1.150E+01                                 F               0         Tower X translation displacement, node 5, m
         14   -3.470E+00                                 F               0         Tower Y translation displacement, node 5, m
         15   -3.882E-01                                 F               0         Tower Z translation displacement, node 5, m
         16    1.259E+01                                 F               0         Tower X translation displacement, node 6, m
         17   -4.028E+00                                 F               0         Tower Y translation displacement, node 6, m
         18   -4.486E-01                                 F               0         Tower Z translation displacement, node 6, m
         19    1.368E+01                                 F               0         Tower X translation displacement, node 7, m
         20   -4.587E+00                                 F               0         Tower Y translation displacement, node 7, m
         21   -5.097E-01                                 F               0         Tower Z translation displacement, node 7, m
         22    1.477E+01                                 F               0         Tower X translation displacement, node 8, m
         23   -5.149E+00                                 F               0         Tower Y translation displacement, node 8, m
         24   -5.711E-01                                 F               0         Tower Z translation displacement, node 8, m
         25    1.587E+01                                 F               0         Tower X translation displacement, node 9, m
         26   -5.712E+00                                 F               0         Tower Y translation displacement, node 9, m
         27   -6.329E-01                                 F               0         Tower Z translation displacement, node 9, m
         28    1.697E+01                                 F               0         Tower X translation displacement, node 10, m
         29   -6.276E+00                                 F               0         Tower Y translation displacement, node 10, m
         30   -6.949E-01                                 F               0         Tower Z translation displacement, node 10, m
         31    1.807E+01                                 F               0         Tower X translation displacement, node 11, m
         32   -6.841E+00                                 F               0         Tower Y translation displacement, node 11, m
         33   -7.569E-01                                 F               0         Tower Z translation displacement, node 11, m
         34    9.965E-01,  4.115E-03, -8.373E-02         F               0         Tower X orientation angle, node 1, rad
         35   -4.412E-04,  9.990E-01,  4.385E-02         F               0         Tower Y orientation angle, node 1, rad
         36    8.383E-02, -4.366E-02,  9.955E-01         F               0         Tower Z orientation angle, node 1, rad
         37    9.964E-01,  4.169E-03, -8.494E-02         F               0         Tower X orientation angle, node 2, rad
         38   -4.075E-04,  9.990E-01,  4.425E-02         F               0         Tower Y orientation angle, node 2, rad
         39    8.504E-02, -4.406E-02,  9.954E-01         F               0         Tower Z orientation angle, node 2, rad
         40    9.963E-01,  4.215E-03, -8.598E-02         F               0         Tower X orientation angle, node 3, rad
         41   -3.768E-04,  9.990E-01,  4.461E-02         F               0         Tower Y orientation angle, node 3, rad
         42    8.608E-02, -4.441E-02,  9.953E-01         F               0         Tower Z orientation angle, node 3, rad
         43    9.962E-01,  4.253E-03, -8.683E-02         F               0         Tower X orientation angle, node 4, rad
         44   -3.498E-04,  9.990E-01,  4.492E-02         F               0         Tower Y orientation angle, node 4, rad
         45    8.694E-02, -4.472E-02,  9.952E-01         F               0         Tower Z orientation angle, node 4, rad
         46    9.962E-01,  4.284E-03, -8.752E-02         F               0         Tower X orientation angle, node 5, rad
         47   -3.264E-04,  9.990E-01,  4.519E-02         F               0         Tower Y orientation angle, node 5, rad
         48    8.762E-02, -4.498E-02,  9.951E-01         F               0         Tower Z orientation angle, node 5, rad
         49    9.961E-01,  4.308E-03, -8.804E-02         F               0         Tower X orientation angle, node 6, rad
         50   -3.066E-04,  9.990E-01,  4.541E-02         F               0         Tower Y orientation angle, node 6, rad
         51    8.814E-02, -4.521E-02,  9.951E-01         F               0         Tower Z orientation angle, node 6, rad
         52    9.961E-01,  4.325E-03, -8.841E-02         F               0         Tower X orientation angle, node 7, rad
         53   -2.908E-04,  9.990E-01,  4.559E-02         F               0         Tower Y orientation angle, node 7, rad
         54    8.852E-02, -4.539E-02,  9.950E-01         F               0         Tower Z orientation angle, node 7, rad
         55    9.961E-01,  4.337E-03, -8.867E-02         F               0         Tower X orientation angle, node 8, rad
         56   -2.785E-04,  9.990E-01,  4.573E-02         F               0         Tower Y orientation angle, node 8, rad
         57    8.877E-02, -4.552E-02,  9.950E-01         F               0         Tower Z orientation angle, node 8, rad
         58    9.960E-01,  4.344E-03, -8.883E-02         F               0         Tower X orientation angle, node 9, rad
         59   -2.695E-04,  9.989E-01,  4.583E-02         F               0         Tower Y orientation angle, node 9, rad
         60    8.894E-02, -4.563E-02,  9.950E-01         F               0         Tower Z orientation angle, node 9, rad
         61    9.960E-01,  4.348E-03, -8.892E-02         F               0         Tower X orientation angle, node 10, rad
         62   -2.636E-04,  9.989E-01,  4.590E-02         F               0         Tower Y orientation angle, node 10, rad
         63    8.903E-02, -4.569E-02,  9.950E-01         F               0         Tower Z orientation angle, node 10, rad
         64    9.960E-01,  4.350E-03, -8.896E-02         F               0         Tower X orientation angle, node 11, rad
         65   -2.604E-04,  9.989E-01,  4.594E-02         F               0         Tower Y orientation angle, node 11, rad
         66    8.907E-02, -4.573E-02,  9.950E-01         F               0         Tower Z orientation angle, node 11, rad
         67   -6.836E-05                                 F               0         Tower X translation velocity, node 1, m/s
         68    7.956E-04                                 F               0         Tower Y translation velocity, node 1, m/s
         69   -3.118E-03                                 F               0         Tower Z translation velocity, node 1, m/s
         70   -3.980E-05                                 F               0         Tower X translation velocity, node 2, m/s
         71    1.299E-03                                 F               0         Tower Y translation velocity, node 2, m/s
         72   -3.099E-03                                 F               0         Tower Z translation velocity, node 2, m/s
         73   -1.706E-05                                 F               0         Tower X translation velocity, node 3, m/s
         74    1.794E-03                                 F               0         Tower Y translation velocity, node 3, m/s
         75   -3.078E-03                                 F               0         Tower Z translation velocity, node 3, m/s
         76   -7.314E-08                                 F               0         Tower X translation velocity, node 4, m/s
         77    2.284E-03                                 F               0         Tower Y translation velocity, node 4, m/s
         78   -3.058E-03                                 F               0         Tower Z translation velocity, node 4, m/s
         79    1.084E-05                                 F               0         Tower X translation velocity, node 5, m/s
         80    2.768E-03                                 F               0         Tower Y translation velocity, node 5, m/s
         81   -3.037E-03                                 F               0         Tower Z translation velocity, node 5, m/s
         82    1.554E-05                                 F               0         Tower X translation velocity, node 6, m/s
         83    3.246E-03                                 F               0         Tower Y translation velocity, node 6, m/s
         84   -3.016E-03                                 F               0         Tower Z translation velocity, node 6, m/s
         85    1.465E-05                                 F               0         Tower X translation velocity, node 7, m/s
         86    3.720E-03                                 F               0         Tower Y translation velocity, node 7, m/s
         87   -2.994E-03                                 F               0         Tower Z translation velocity, node 7, m/s
         88    8.074E-06                                 F               0         Tower X translation velocity, node 8, m/s
         89    4.189E-03                                 F               0         Tower Y translation velocity, node 8, m/s
         90   -2.972E-03                                 F               0         Tower Z translation velocity, node 8, m/s
         91   -3.459E-06                                 F               0         Tower X translation velocity, node 9, m/s
         92    4.655E-03                                 F               0         Tower Y translation velocity, node 9, m/s
         93   -2.950E-03                                 F               0         Tower Z translation velocity, node 9, m/s
         94   -1.890E-05                                 F               0         Tower X translation velocity, node 10, m/s
         95    5.118E-03                                 F               0         Tower Y translation velocity, node 10, m/s
         96   -2.927E-03                                 F               0         Tower Z translation velocity, node 10, m/s
         97   -3.699E-05                                 F               0         Tower X translation velocity, node 11, m/s
         98    5.580E-03                                 F               0         Tower Y translation velocity, node 11, m/s
         99   -2.904E-03                                 F               0         Tower Z translation velocity, node 11, m/s
        100    1.881E+01                                 F               0         Hub X translation displacement, node 1, m
        101   -7.247E+00                                 F               0         Hub Y translation displacement, node 1, m
        102    1.644E-01                                 F               0         Hub Z translation displacement, node 1, m
        103    9.813E-01,  9.107E-03, -1.925E-01         F               0         Hub X orientation angle, node 1, rad
        104    1.858E-01, -3.091E-01,  9.327E-01         F               0         Hub Y orientation angle, node 1, rad
        105   -5.100E-02, -9.510E-01, -3.050E-01         F               0         Hub Z orientation angle, node 1, rad
        106    6.941E-01                                 F               0         Hub X rotation velocity, node 1, rad/s
        107    6.441E-03                                 F               0         Hub Y rotation velocity, node 1, rad/s
        108   -1.362E-01                                 F               0         Hub Z rotation velocity, node 1, rad/s
        109    9.753E-01,  1.827E-02, -2.201E-01         F               0         Blade root 1 X orientation angle, node 1, rad
        110    2.148E-01, -3.087E-01,  9.266E-01         F               0         Blade root 1 Y orientation angle, node 1, rad
        111   -5.100E-02, -9.510E-01, -3.050E-01         F               0         Blade root 1 Z orientation angle, node 1, rad
        112    9.849E-01,  2.895E-02, -1.707E-01         F               0         Blade root 2 X orientation angle, node 1, rad
        113   -1.079E-01, -6.685E-01, -7.359E-01         F               0         Blade root 2 Y orientation angle, node 1, rad
        114   -1.354E-01,  7.432E-01, -6.553E-01         F               0         Blade root 2 Z orientation angle, node 1, rad
        115    9.823E-01, -1.991E-02, -1.864E-01         F               0         Blade root 3 X orientation angle, node 1, rad
        116   -1.962E-02,  9.780E-01, -2.079E-01         F               0         Blade root 3 Y orientation angle, node 1, rad
        117    1.864E-01,  2.078E-01,  9.602E-01         F               0         Blade root 3 Z orientation angle, node 1, rad
        118    1.795E+01                                 F               0         Blade 1 X translation displacement, node 1, m
        119   -1.252E+01                                 F               0         Blade 1 Y translation displacement, node 1, m
        120   -7.035E+00                                 F               0         Blade 1 Z translation displacement, node 1, m
        121    1.774E+01                                 F               0         Blade 1 X translation displacement, node 2, m
        122   -1.379E+01                                 F               0         Blade 1 Y translation displacement, node 2, m
        123   -8.769E+00                                 F               0         Blade 1 Z translation displacement, node 2, m
        124    1.492E+01                                 F               0         Blade 1 X translation displacement, node 3, m
        125   -3.105E+01                                 F               0         Blade 1 Y translation displacement, node 3, m
        126   -3.236E+01                                 F               0         Blade 1 Z translation displacement, node 3, m
        127    1.432E+01                                 F               0         Blade 1 X translation displacement, node 4, m
        128   -3.473E+01                                 F               0         Blade 1 Y translation displacement, node 4, m
        129   -3.738E+01                                 F               0         Blade 1 Z translation displacement, node 4, m
        130    1.372E+01                                 F               0         Blade 1 X translation displacement, node 5, m
        131   -3.840E+01                                 F               0         Blade 1 Y translation displacement, node 5, m
        132   -4.241E+01                                 F               0         Blade 1 Z translation displacement, node 5, m
        133    1.311E+01                                 F               0         Blade 1 X translation displacement, node 6, m
        134   -4.208E+01                                 F               0         Blade 1 Y translation displacement, node 6, m
        135   -4.744E+01                                 F               0         Blade 1 Z translation displacement, node 6, m
        136    1.251E+01                                 F               0         Blade 1 X translation displacement, node 7, m
        137   -4.576E+01                                 F               0         Blade 1 Y translation displacement, node 7, m
        138   -5.246E+01                                 F               0         Blade 1 Z translation displacement, node 7, m
        139    1.191E+01                                 F               0         Blade 1 X translation displacement, node 8, m
        140   -4.944E+01                                 F               0         Blade 1 Y translation displacement, node 8, m
        141   -5.749E+01                                 F               0         Blade 1 Z translation displacement, node 8, m
        142    1.131E+01                                 F               0         Blade 1 X translation displacement, node 9, m
        143   -5.312E+01                                 F               0         Blade 1 Y translation displacement, node 9, m
        144   -6.252E+01                                 F               0         Blade 1 Z translation displacement, node 9, m
        145    1.071E+01                                 F               0         Blade 1 X translation displacement, node 10, m
        146   -5.680E+01                                 F               0         Blade 1 Y translation displacement, node 10, m
        147   -6.754E+01                                 F               0         Blade 1 Z translation displacement, node 10, m
        148    1.011E+01                                 F               0         Blade 1 X translation displacement, node 11, m
        149   -6.047E+01                                 F               0         Blade 1 Y translation displacement, node 11, m
        150   -7.257E+01                                 F               0         Blade 1 Z translation displacement, node 11, m
        151    9.506E+00                                 F               0         Blade 1 X translation displacement, node 12, m
        152   -6.415E+01                                 F               0         Blade 1 Y translation displacement, node 12, m
        153   -7.759E+01                                 F               0         Blade 1 Z translation displacement, node 12, m
        154    8.904E+00                                 F               0         Blade 1 X translation displacement, node 13, m
        155   -6.783E+01                                 F               0         Blade 1 Y translation displacement, node 13, m
        156   -8.262E+01                                 F               0         Blade 1 Z translation displacement, node 13, m
        157    8.303E+00                                 F               0         Blade 1 X translation displacement, node 14, m
        158   -7.151E+01                                 F               0         Blade 1 Y translation displacement, node 14, m
        159   -8.764E+01                                 F               0         Blade 1 Z translation displacement, node 14, m
        160    7.701E+00                                 F               0         Blade 1 X translation displacement, node 15, m
        161   -7.519E+01                                 F               0         Blade 1 Y translation displacement, node 15, m
        162   -9.267E+01                                 F               0         Blade 1 Z translation displacement, node 15, m
        163    7.100E+00                                 F               0         Blade 1 X translation displacement, node 16, m
        164   -7.886E+01                                 F               0         Blade 1 Y translation displacement, node 16, m
        165   -9.770E+01                                 F               0         Blade 1 Z translation displacement, node 16, m
        166    6.498E+00                                 F               0         Blade 1 X translation displacement, node 17, m
        167   -8.254E+01                                 F               0         Blade 1 Y translation displacement, node 17, m
        168   -1.027E+02                                 F               0         Blade 1 Z translation displacement, node 17, m
        169    5.897E+00                                 F               0         Blade 1 X translation displacement, node 18, m
        170   -8.622E+01                                 F               0         Blade 1 Y translation displacement, node 18, m
        171   -1.077E+02                                 F               0         Blade 1 Z translation displacement, node 18, m
        172    5.295E+00                                 F               0         Blade 1 X translation displacement, node 19, m
        173   -8.990E+01                                 F               0         Blade 1 Y translation displacement, node 19, m
        174   -1.128E+02                                 F               0         Blade 1 Z translation displacement, node 19, m
        175    4.694E+00                                 F               0         Blade 1 X translation displacement, node 20, m
        176   -9.358E+01                                 F               0         Blade 1 Y translation displacement, node 20, m
        177   -1.178E+02                                 F               0         Blade 1 Z translation displacement, node 20, m
        178    4.092E+00                                 F               0         Blade 1 X translation displacement, node 21, m
        179   -9.725E+01                                 F               0         Blade 1 Y translation displacement, node 21, m
        180   -1.228E+02                                 F               0         Blade 1 Z translation displacement, node 21, m
        181    3.491E+00                                 F               0         Blade 1 X translation displacement, node 22, m
        182   -1.009E+02                                 F               0         Blade 1 Y translation displacement, node 22, m
        183   -1.279E+02                                 F               0         Blade 1 Z translation displacement, node 22, m
        184    2.889E+00                                 F               0         Blade 1 X translation displacement, node 23, m
        185   -1.046E+02                                 F               0         Blade 1 Y translation displacement, node 23, m
        186   -1.329E+02                                 F               0         Blade 1 Z translation displacement, node 23, m
        187    2.288E+00                                 F               0         Blade 1 X translation displacement, node 24, m
        188   -1.083E+02                                 F               0         Blade 1 Y translation displacement, node 24, m
        189   -1.379E+02                                 F               0         Blade 1 Z translation displacement, node 24, m
        190    1.686E+00                                 F               0         Blade 1 X translation displacement, node 25, m
        191   -1.120E+02                                 F               0         Blade 1 Y translation displacement, node 25, m
        192   -1.429E+02                                 F               0         Blade 1 Z translation displacement, node 25, m
        193    1.085E+00                                 F               0         Blade 1 X translation displacement, node 26, m
        194   -1.156E+02                                 F               0         Blade 1 Y translation displacement, node 26, m
        195   -1.480E+02                                 F               0         Blade 1 Z translation displacement, node 26, m
        196    4.831E-01                                 F               0         Blade 1 X translation displacement, node 27, m
        197   -1.193E+02                                 F               0         Blade 1 Y translation displacement, node 27, m
        198   -1.530E+02                                 F               0         Blade 1 Z translation displacement, node 27, m
        199   -2.688E-02                                 F               0         Blade 1 X translation displacement, node 28, m
        200   -1.224E+02                                 F               0         Blade 1 Y translation displacement, node 28, m
        201   -1.572E+02                                 F               0         Blade 1 Z translation displacement, node 28, m
        202    7.700E-01,  1.570E-01, -6.184E-01         F               0         Blade 1 X orientation angle, node 1, rad
        203    6.360E-01, -2.664E-01,  7.243E-01         F               0         Blade 1 Y orientation angle, node 1, rad
        204   -5.100E-02, -9.510E-01, -3.050E-01         F               0         Blade 1 Z orientation angle, node 1, rad
        205    7.700E-01,  1.570E-01, -6.184E-01         F               0         Blade 1 X orientation angle, node 2, rad
        206    6.360E-01, -2.664E-01,  7.243E-01         F               0         Blade 1 Y orientation angle, node 2, rad
        207   -5.100E-02, -9.510E-01, -3.050E-01         F               0         Blade 1 Z orientation angle, node 2, rad
        208    8.988E-01,  8.941E-02, -4.291E-01         F               0         Blade 1 X orientation angle, node 3, rad
        209    4.353E-01, -2.960E-01,  8.502E-01         F               0         Blade 1 Y orientation angle, node 3, rad
        210   -5.100E-02, -9.510E-01, -3.050E-01         F               0         Blade 1 Z orientation angle, node 3, rad
        211    9.164E-01,  7.683E-02, -3.928E-01         F               0         Blade 1 X orientation angle, node 4, rad
        212    3.970E-01, -2.995E-01,  8.676E-01         F               0         Blade 1 Y orientation angle, node 4, rad
        213   -5.100E-02, -9.510E-01, -3.050E-01         F               0         Blade 1 Z orientation angle, node 4, rad
        214    9.291E-01,  6.686E-02, -3.638E-01         F               0         Blade 1 X orientation angle, node 5, rad
        215    3.664E-01, -3.019E-01,  8.801E-01         F               0         Blade 1 Y orientation angle, node 5, rad
        216   -5.100E-02, -9.510E-01, -3.050E-01         F               0         Blade 1 Z orientation angle, node 5, rad
        217    9.385E-01,  5.883E-02, -3.404E-01         F               0         Blade 1 X orientation angle, node 6, rad
        218    3.416E-01, -3.036E-01,  8.895E-01         F               0         Blade 1 Y orientation angle, node 6, rad
        219   -5.100E-02, -9.510E-01, -3.050E-01         F               0         Blade 1 Z orientation angle, node 6, rad
        220    9.457E-01,  5.219E-02, -3.209E-01         F               0         Blade 1 X orientation angle, node 7, rad
        221    3.211E-01, -3.048E-01,  8.967E-01         F               0         Blade 1 Y orientation angle, node 7, rad
        222   -5.100E-02, -9.510E-01, -3.050E-01         F               0         Blade 1 Z orientation angle, node 7, rad
        223    9.514E-01,  4.665E-02, -3.046E-01         F               0         Blade 1 X orientation angle, node 8, rad
        224    3.039E-01, -3.057E-01,  9.024E-01         F               0         Blade 1 Y orientation angle, node 8, rad
        225   -5.100E-02, -9.510E-01, -3.050E-01         F               0         Blade 1 Z orientation angle, node 8, rad
        226    9.559E-01,  4.195E-02, -2.907E-01         F               0         Blade 1 X orientation angle, node 9, rad
        227    2.892E-01, -3.063E-01,  9.069E-01         F               0         Blade 1 Y orientation angle, node 9, rad
        228   -5.100E-02, -9.510E-01, -3.050E-01         F               0         Blade 1 Z orientation angle, node 9, rad
        229    9.597E-01,  3.788E-02, -2.786E-01         F               0         Blade 1 X orientation angle, node 10, rad
        230    2.765E-01, -3.069E-01,  9.107E-01         F               0         Blade 1 Y orientation angle, node 10, rad
        231   -5.100E-02, -9.510E-01, -3.050E-01         F               0         Blade 1 Z orientation angle, node 10, rad
        232    9.627E-01,  3.440E-02, -2.683E-01         F               0         Blade 1 X orientation angle, node 11, rad
        233    2.656E-01, -3.073E-01,  9.138E-01         F               0         Blade 1 Y orientation angle, node 11, rad
        234   -5.100E-02, -9.510E-01, -3.050E-01         F               0         Blade 1 Z orientation angle, node 11, rad
        235    9.653E-01,  3.134E-02, -2.591E-01         F               0         Blade 1 X orientation angle, node 12, rad
        236    2.560E-01, -3.076E-01,  9.164E-01         F               0         Blade 1 Y orientation angle, node 12, rad
        237   -5.100E-02, -9.510E-01, -3.050E-01         F               0         Blade 1 Z orientation angle, node 12, rad
        238    9.675E-01,  2.866E-02, -2.511E-01         F               0         Blade 1 X orientation angle, node 13, rad
        239    2.476E-01, -3.079E-01,  9.187E-01         F               0         Blade 1 Y orientation angle, node 13, rad
        240   -5.100E-02, -9.510E-01, -3.050E-01         F               0         Blade 1 Z orientation angle, node 13, rad
        241    9.694E-01,  2.624E-02, -2.439E-01         F               0         Blade 1 X orientation angle, node 14, rad
        242    2.400E-01, -3.081E-01,  9.206E-01         F               0         Blade 1 Y orientation angle, node 14, rad
        243   -5.100E-02, -9.510E-01, -3.050E-01         F               0         Blade 1 Z orientation angle, node 14, rad
        244    9.711E-01,  2.409E-02, -2.375E-01         F               0         Blade 1 X orientation angle, node 15, rad
        245    2.332E-01, -3.083E-01,  9.223E-01         F               0         Blade 1 Y orientation angle, node 15, rad
        246   -5.100E-02, -9.510E-01, -3.050E-01         F               0         Blade 1 Z orientation angle, node 15, rad
        247    9.725E-01,  2.215E-02, -2.317E-01         F               0         Blade 1 X orientation angle, node 16, rad
        248    2.271E-01, -3.084E-01,  9.237E-01         F               0         Blade 1 Y orientation angle, node 16, rad
        249   -5.100E-02, -9.510E-01, -3.050E-01         F               0         Blade 1 Z orientation angle, node 16, rad
        250    9.738E-01,  2.043E-02, -2.265E-01         F               0         Blade 1 X orientation angle, node 17, rad
        251    2.217E-01, -3.085E-01,  9.250E-01         F               0         Blade 1 Y orientation angle, node 17, rad
        252   -5.100E-02, -9.510E-01, -3.050E-01         F               0         Blade 1 Z orientation angle, node 17, rad
        253    9.749E-01,  1.881E-02, -2.217E-01         F               0         Blade 1 X orientation angle, node 18, rad
        254    2.166E-01, -3.086E-01,  9.262E-01         F               0         Blade 1 Y orientation angle, node 18, rad
        255   -5.100E-02, -9.510E-01, -3.050E-01         F               0         Blade 1 Z orientation angle, node 18, rad
        256    9.759E-01,  1.736E-02, -2.173E-01         F               0         Blade 1 X orientation angle, node 19, rad
        257    2.120E-01, -3.087E-01,  9.272E-01         F               0         Blade 1 Y orientation angle, node 19, rad
        258   -5.100E-02, -9.510E-01, -3.050E-01         F               0         Blade 1 Z orientation angle, node 19, rad
        259    9.768E-01,  1.606E-02, -2.134E-01         F               0         Blade 1 X orientation angle, node 20, rad
        260    2.079E-01, -3.088E-01,  9.281E-01         F               0         Blade 1 Y orientation angle, node 20, rad
        261   -5.100E-02, -9.510E-01, -3.050E-01         F               0         Blade 1 Z orientation angle, node 20, rad
        262    9.777E-01,  1.482E-02, -2.097E-01         F               0         Blade 1 X orientation angle, node 21, rad
        263    2.039E-01, -3.089E-01,  9.290E-01         F               0         Blade 1 Y orientation angle, node 21, rad
        264   -5.100E-02, -9.510E-01, -3.050E-01         F               0         Blade 1 Z orientation angle, node 21, rad
        265    9.784E-01,  1.369E-02, -2.063E-01         F               0         Blade 1 X orientation angle, node 22, rad
        266    2.004E-01, -3.089E-01,  9.297E-01         F               0         Blade 1 Y orientation angle, node 22, rad
        267   -5.100E-02, -9.510E-01, -3.050E-01         F               0         Blade 1 Z orientation angle, node 22, rad
        268    9.791E-01,  1.267E-02, -2.032E-01         F               0         Blade 1 X orientation angle, node 23, rad
        269    1.971E-01, -3.089E-01,  9.304E-01         F               0         Blade 1 Y orientation angle, node 23, rad
        270   -5.100E-02, -9.510E-01, -3.050E-01         F               0         Blade 1 Z orientation angle, node 23, rad
        271    9.797E-01,  1.170E-02, -2.003E-01         F               0         Blade 1 X orientation angle, node 24, rad
        272    1.940E-01, -3.090E-01,  9.311E-01         F               0         Blade 1 Y orientation angle, node 24, rad
        273   -5.100E-02, -9.510E-01, -3.050E-01         F               0         Blade 1 Z orientation angle, node 24, rad
        274    9.802E-01,  1.078E-02, -1.975E-01         F               0         Blade 1 X orientation angle, node 25, rad
        275    1.911E-01, -3.090E-01,  9.317E-01         F               0         Blade 1 Y orientation angle, node 25, rad
        276   -5.100E-02, -9.510E-01, -3.050E-01         F               0         Blade 1 Z orientation angle, node 25, rad
        277    9.807E-01,  9.970E-03, -1.951E-01         F               0         Blade 1 X orientation angle, node 26, rad
        278    1.886E-01, -3.090E-01,  9.322E-01         F               0         Blade 1 Y orientation angle, node 26, rad
        279   -5.100E-02, -9.510E-01, -3.050E-01         F               0         Blade 1 Z orientation angle, node 26, rad
        280    9.812E-01,  9.160E-03, -1.926E-01         F               0         Blade 1 X orientation angle, node 27, rad
        281    1.860E-01, -3.091E-01,  9.327E-01         F               0         Blade 1 Y orientation angle, node 27, rad
        282   -5.100E-02, -9.510E-01, -3.050E-01         F               0         Blade 1 Z orientation angle, node 27, rad
        283    9.815E-01,  8.729E-03, -1.913E-01         F               0         Blade 1 X orientation angle, node 28, rad
        284    1.846E-01, -3.091E-01,  9.329E-01         F               0         Blade 1 Y orientation angle, node 28, rad
        285   -5.100E-02, -9.510E-01, -3.050E-01         F               0         Blade 1 Z orientation angle, node 28, rad
        286   -7.283E-01                                 F               0         Blade 1 X translation velocity, node 1, m/s
        287    1.217E+00                                 F               0         Blade 1 Y translation velocity, node 1, m/s
        288   -3.658E+00                                 F               0         Blade 1 Z translation velocity, node 1, m/s
        289   -9.038E-01                                 F               0         Blade 1 X translation velocity, node 2, m/s
        290    1.509E+00                                 F               0         Blade 1 Y translation velocity, node 2, m/s
        291   -4.539E+00                                 F               0         Blade 1 Z translation velocity, node 2, m/s
        292   -3.290E+00                                 F               0         Blade 1 X translation velocity, node 3, m/s
        293    5.478E+00                                 F               0         Blade 1 Y translation velocity, node 3, m/s
        294   -1.652E+01                                 F               0         Blade 1 Z translation velocity, node 3, m/s
        295   -3.798E+00                                 F               0         Blade 1 X translation velocity, node 4, m/s
        296    6.323E+00                                 F               0         Blade 1 Y translation velocity, node 4, m/s
        297   -1.907E+01                                 F               0         Blade 1 Z translation velocity, node 4, m/s
        298   -4.307E+00                                 F               0         Blade 1 X translation velocity, node 5, m/s
        299    7.169E+00                                 F               0         Blade 1 Y translation velocity, node 5, m/s
        300   -2.162E+01                                 F               0         Blade 1 Z translation velocity, node 5, m/s
        301   -4.815E+00                                 F               0         Blade 1 X translation velocity, node 6, m/s
        302    8.015E+00                                 F               0         Blade 1 Y translation velocity, node 6, m/s
        303   -2.417E+01                                 F               0         Blade 1 Z translation velocity, node 6, m/s
        304   -5.324E+00                                 F               0         Blade 1 X translation velocity, node 7, m/s
        305    8.860E+00                                 F               0         Blade 1 Y translation velocity, node 7, m/s
        306   -2.672E+01                                 F               0         Blade 1 Z translation velocity, node 7, m/s
        307   -5.832E+00                                 F               0         Blade 1 X translation velocity, node 8, m/s
